CIC_AEM_VERS = 1.0 
CREATION_DATE        = 2014-10-26T19:46:35.000    
ORIGINATOR = CNES 
META_START 
OBJECT_NAME          = PHILAE    
OBJECT_ID            = PHILAE    
REF_FRAME_A = EME2000 
REF_FRAME_B = ORBITER 
ATTITUDE_DIR = A2B
TIME_SYSTEM = UTC
ATTITUDE_TYPE = QUATERNION
QUATERNION_TYPE = FIRST
META_STOP 
2014-11-12T14:51:41.000 0.21744196446005 0.14330069115564 0.65071879360620 0.71326639879765 
2014-11-12T15:21:41.000 0.09821146340829 0.10951717623485 0.65915378887710 0.73748001950813 
2014-11-12T15:51:41.000 -0.02259186349465 0.07397977802733 0.65703264264201 0.74988312866054 
2014-11-12T16:21:41.000 -0.14303338874033 0.03725761685406 0.64438932439695 0.75027709434252 
2014-11-12T16:51:41.000 -0.26118427907600 -0.00006121339059 0.62142631292104 0.73865560732038 
2014-11-12T17:21:41.000 -0.37515238499231 -0.03737906332734 0.58851135364745 0.71520478206413 
2014-11-12T17:51:41.000 -0.48311254293082 -0.07409829926531 0.54617156935066 0.68030017620308 
2014-11-12T18:21:41.000 -0.58333580478843 -0.10963087414557 0.49508501841276 0.63450077606662 
2014-11-12T18:51:41.000 -0.67421712641295 -0.14340774490898 0.43606983594849 0.57854004470515 
2014-11-12T19:21:41.000 -0.75430107189945 -0.17488798554802 0.37007113162349 0.51331417570646 
2014-11-12T19:51:41.000 -0.82230512194049 -0.20356744986737 0.29814585401902 0.43986774093607 
2014-11-12T20:21:41.000 -0.87714021297257 -0.22898684522808 0.22144586392909 0.35937696204350 
2014-11-12T20:51:41.000 -0.91792817818207 -0.25073908797243 0.14119948767971 0.27313087365050 
2014-11-12T21:21:41.000 -0.94401581108079 -0.26847582274524 0.05869184585638 0.18251067985385 
2014-11-12T21:51:41.000 -0.95498532639972 -0.28191300129667 -0.02475572751506 0.08896763465626 
2014-11-12T22:21:41.000 -0.95066105078148 -0.29083543141501 -0.10780684564845 -0.00600019933265 
2014-11-12T22:51:41.000 -0.93111223615386 -0.29510022317850 -0.18913147089618 -0.10087194199182 
2014-11-12T23:21:41.000 -0.89665195064700 -0.29463907728363 -0.26742721489468 -0.19412825212228 
2014-11-12T23:51:41.000 -0.84783206495564 -0.28945937883649 -0.34144019578161 -0.28427565907278 
2014-11-13T00:21:41.000 -0.78543441426569 -0.27964407908771 -0.40998511885085 -0.36987048035650 
2014-11-13T00:51:41.000 -0.71045827737994 -0.26535036698323 -0.47196425865543 -0.44954194175407 
2014-11-13T01:21:41.000 -0.62410437368763 -0.24680715185278 -0.52638503864761 -0.52201412971895 
2014-11-13T01:51:41.000 -0.52775563389624 -0.22431139747639 -0.57237592709316 -0.58612642487540 
2014-11-13T02:21:41.000 -0.42295505288387 -0.19822336631114 -0.60920039432024 -0.64085208890067 
2014-11-13T02:51:41.000 -0.31138097919203 -0.16896085002073 -0.63626870800168 -0.68531470739767 
2014-11-13T03:21:41.000 -0.19482023661325 -0.13699247862509 -0.65314737758741 -0.71880222548125 
2014-11-13T03:51:41.000 -0.07513950893500 -0.10283021557945 -0.65956609646445 -0.74077835103055 
2014-11-13T04:21:41.000 0.04574455440951 -0.06702115884525 -0.65542207085923 -0.75089114326880 
2014-11-13T04:51:41.000 0.16589603305829 -0.03013877923576 -0.64078166604488 -0.74897864900306 
2014-11-13T05:21:41.000 0.28339073870731 0.00722626349021 -0.61587934351513 -0.73507149622487 
2014-11-13T05:51:41.000 0.39634703040681 0.04447557986398 -0.58111390617398 -0.70939240363475 
2014-11-13T06:21:41.000 0.50295594853653 0.08101263375445 -0.53704211161022 -0.67235261385759 
2014-11-13T06:51:41.000 0.60151018465883 0.11625229568569 -0.48436975581204 -0.62454530752708 
2014-11-13T07:21:41.000 0.69043142354602 0.14963021350773 -0.42394037006238 -0.56673610368250 
2014-11-13T07:51:41.000 0.76829561940435 0.18061185031944 -0.35672171204963 -0.49985079861960 
2014-11-13T08:21:41.000 0.83385580152327 0.20870104491046 -0.28379026752909 -0.42496053955048 
2014-11-13T08:51:41.000 0.88606204411347 0.23344795762431 -0.20631401074944 -0.34326467052549 
2014-11-13T09:21:41.000 0.92407828055028 0.25445627440407 -0.12553369970045 -0.25607152530329 
2014-11-13T09:51:41.000 0.94729569271750 0.27138955363942 -0.04274300574669 -0.16477747477739 
2014-11-13T10:21:41.000 0.95534246102073 0.28397661415973 0.04073220404415 -0.07084456461116 
2014-11-13T10:51:41.000 0.94808971899352 0.29201587813492 0.12355510032882 0.02422289905463 
2014-11-13T11:21:41.000 0.92565361702038 0.29537859927304 0.20439930040333 0.11890244061080 
2014-11-13T11:51:41.000 0.88839346225596 0.29401092464516 0.28197010967835 0.21167779680011 
2014-11-13T12:21:41.000 0.83690596441608 0.28793475713436 0.35502525593993 0.30106319935116 
2014-11-13T12:51:41.000 0.77201567962717 0.27724740465646 0.42239478393143 0.38562716907471 
2014-11-13T13:21:41.000 0.69476180551027 0.26212002181926 0.48299979172373 0.46401544043319 
2014-11-13T13:51:41.000 0.60638153865140 0.24279486891916 0.53586970911230 0.53497264982912 
2014-11-13T14:21:41.000 0.50829026134573 0.21958143222755 0.58015784092646 0.59736243977466 
2014-11-13T14:51:41.000 0.40205887468629 0.19285146766475 0.61515492660212 0.65018565731850 
2014-11-13T15:21:41.000 0.28938864106307 0.16303304724262 0.64030049877290 0.69259635517496 
2014-11-13T15:51:41.000 0.17208393895573 0.13060370361852 0.65519185897837 0.72391533930638 
2014-11-13T16:21:41.000 0.05202336647688 0.09608278258698 0.65959052674223 0.74364104597760 
2014-11-13T16:51:41.000 -0.06887034390310 0.06002312588851 0.65342605878325 0.75145757417983 
2014-11-13T17:21:41.000 -0.18866111733509 0.02300221761341 0.63679717711933 0.74723974466271 
2014-11-13T17:51:41.000 -0.30543054203402 -0.01438706396687 0.60997018808869 0.73105510464415 
2014-11-13T18:21:41.000 -0.41730859223675 -0.05154594121791 0.57337471752337 0.70316284607076 
2014-11-13T18:51:41.000 -0.52250357605577 -0.08787932637440 0.52759683040467 0.66400965471284 
2014-11-13T19:21:41.000 -0.61933082871258 -0.12280535163235 0.47336964528104 0.61422255668702 
2014-11-13T19:51:41.000 -0.70623969210353 -0.15576468764334 0.41156159352976 0.55459887676782 
2014-11-13T20:21:41.000 -0.78183834800743 -0.18622950096691 0.34316251173250 0.48609346950568 
2014-11-13T20:51:41.000 -0.84491610758863 -0.21371190714306 0.26926778980118 0.40980342758222 
2014-11-13T21:21:41.000 -0.89446280031744 -0.23777178405857 0.19106082852911 0.32695051208961 
2014-11-13T21:51:41.000 -0.92968495141884 -0.25802382031747 0.10979408790739 0.23886158651973 
2014-11-13T22:21:41.000 -0.95001848915915 -0.27414368589221 0.02676902937763 0.14694736747343 
2014-11-13T22:51:41.000 -0.95513777831256 -0.28587322619235 -0.05668472678643 0.05267983234278 
2014-11-13T23:21:41.000 -0.94496083505983 -0.29302459630133 -0.13923069481457 -0.04243135381915 
2014-11-13T23:51:41.000 -0.91965063996303 -0.29548326926433 -0.21954692685540 -0.13686301512390 
2014-11-14T00:21:41.000 -0.87961252786999 -0.29320987020521 -0.29634718361715 -0.22910285810221 
2014-11-14T00:51:41.000 -0.82548769660733 -0.28624080689794 -0.36840153303896 -0.31767369055510 
2014-11-14T01:21:41.000 -0.75814293839769 -0.27468768670892 -0.43455604727976 -0.40115707833816 
2014-11-14T01:51:41.000 -0.67865675845376 -0.25873552923994 -0.49375128251130 -0.47821606114016 
2014-11-14T02:21:41.000 -0.58830210305222 -0.23863980329655 -0.54503924558063 -0.54761656348564 
2014-11-14T02:51:41.000 -0.48852597370866 -0.21472233563762 -0.58759857581780 -0.60824715805931 
2014-11-14T03:21:41.000 -0.38092625388886 -0.18736615701792 -0.62074769887796 -0.65913686487728 
2014-11-14T03:51:41.000 -0.26722611938262 -0.15700936806389 -0.64395574194157 -0.69947070123084 
2014-11-14T04:21:41.000 -0.14924644227982 -0.12413812325527 -0.65685103545773 -0.72860273334622 
2014-11-14T04:51:41.000 -0.02887663016384 -0.08927884528471 -0.65922706534455 -0.74606642085823 
2014-11-14T05:21:41.000 0.09195563218294 -0.05298979455361 -0.65104578022600 -0.75158208828639 
2014-11-14T05:51:41.000 0.21131525385652 -0.01585212886353 -0.63243820082265 -0.74506140393813 
2014-11-14T06:21:41.000 0.32729072789971 0.02153940370055 -0.60370232169578 -0.72660879453681 
2014-11-14T06:51:41.000 0.43802474346763 0.05858598947158 -0.56529833893467 -0.69651977283165 
2014-11-14T07:21:41.000 0.54174392992033 0.09469433896078 -0.51784128031481 -0.65527620509612 
2014-11-14T07:51:41.000 0.63678725699399 0.12928618826758 -0.46209115575942 -0.60353859414476 
2014-11-14T08:21:41.000 0.72163263558047 0.16180755976272 -0.39894078604390 -0.54213550160407 
2014-11-14T08:51:41.000 0.79492129347104 0.19173763384993 -0.32940150459738 -0.47205027880612 
2014-11-14T09:21:41.000 0.85547953580237 0.21859708978210 -0.25458696120028 -0.39440531861140 
2014-11-14T09:51:41.000 0.90233754128137 0.24195578178221 -0.17569528733332 -0.31044408073808 
2014-11-14T10:21:41.000 0.93474489360462 0.26143962770233 -0.09398990848687 -0.22151117815945 
2014-11-14T10:51:41.000 0.95218259919233 0.27673659986176 -0.01077931067870 -0.12903084341964 
2014-11-14T11:21:41.000 0.95437139864383 0.28760172203999 0.07260391442634 -0.03448412011666 
2014-11-14T11:51:41.000 0.94127623902074 0.29386099270475 0.15482441056674 0.06061485555714 
2014-11-14T12:21:41.000 0.91310683520489 0.29541417159844 0.23456544225757 0.15474310330167 
2014-11-14T12:51:41.000 0.87031431137670 0.29223638504749 0.31054998184843 0.24639318870701 
2014-11-14T13:21:41.000 0.81358397640416 0.28437852430832 0.38156116073350 0.33409736435703 
2014-11-14T13:51:41.000 0.74382434883587 0.27196643055988 0.44646175712118 0.41645107534461 
2014-11-14T14:21:41.000 0.66215260725846 0.25519887959594 0.50421240828653 0.49213545278074 
2014-11-14T14:51:41.000 0.56987669904133 0.23434439849517 0.55388825563324 0.55993843505805 
2014-11-14T15:21:41.000 0.46847439395783 0.20973696524183 0.59469375602357 0.61877417864967 
2014-11-14T15:51:41.000 0.35956961814264 0.18177066016669 0.62597542215463 0.66770044755838 
2014-11-14T16:21:41.000 0.24490644751607 0.15089335489786 0.64723228792742 0.70593370289069 
2014-11-14T16:51:41.000 0.12632117684970 0.11759953981091 0.65812393129883 0.73286165104154 
2014-11-14T17:21:41.000 0.00571291205397 0.08242240491011 0.65847592601410 0.74805304936520 
2014-11-14T17:51:41.000 -0.11498684321829 0.04592530101251 0.64828263498515 0.75126461236392 
2014-11-14T18:21:41.000 -0.23384512018927 0.00869271780685 0.62770730058034 0.74244490786788 
2014-11-14T18:51:41.000 -0.34895844082973 -0.02867907656410 0.59707943032451 0.72173518067535 
2014-11-14T19:21:41.000 -0.45848330129841 -0.06559158449757 0.55688951998245 0.68946709059049 
2014-11-14T19:51:41.000 -0.56066569528122 -0.10145366374743 0.50778119837537 0.64615740096630 
2014-11-14T20:21:41.000 -0.65386920375061 -0.13569099434995 0.45054091988516 0.59249970290955 
2014-11-14T20:51:41.000 -0.73660120166059 -0.16775527616016 0.38608536967796 0.52935330768140 
2014-11-14T21:21:41.000 -0.80753676201939 -0.19713300976362 0.31544678317329 0.45772948499566 
2014-11-14T21:51:41.000 -0.86553987403598 -0.22335371995524 0.23975641520954 0.37877526793839 
2014-11-14T22:21:41.000 -0.90968163601038 -0.24599749026056 0.16022642336420 0.29375508361032 
2014-11-14T22:51:41.000 -0.93925513147233 -0.26470168780081 0.07813045551475 0.20403050360021 
2014-11-14T23:21:41.000 -0.95378675014697 -0.27916677070813 -0.00521674712414 0.11103843895658 
2014-11-14T23:51:41.000 -0.95304377270782 -0.28916108520552 -0.08848040517949 0.01626812849975 
2014-11-15T00:21:41.000 -0.93703809770909 -0.29452457547860 -0.17032707725490 -0.07876271094038 
2014-11-15T00:51:41.000 -0.90602605102348 -0.29517134691029 -0.24944601452862 -0.17253219023056 
2014-11-15T01:21:41.000 -0.86050428086674 -0.29109104165867 -0.32457015199753 -0.26353862052531 
2014-11-15T01:51:41.000 -0.80120180413210 -0.28234900453453 -0.39449640012634 -0.35032456234353 
2014-11-15T02:21:41.000 -0.72906833141068 -0.26908523652426 -0.45810491195152 -0.43150016600764 
2014-11-15T02:51:41.000 -0.64525905768263 -0.25151215271957 -0.51437701707244 -0.50576542964160 
2014-11-15T03:21:41.000 -0.55111616222152 -0.22991118055467 -0.56241153534876 -0.57193101830626 
2014-11-15T03:51:41.000 -0.44814731399167 -0.20462825282812 -0.60143920902183 -0.62893731083293 
2014-11-15T04:21:41.000 -0.33800152688974 -0.17606826771913 -0.63083502210475 -0.67587136927724 
2014-11-15T04:51:41.000 -0.22244275120560 -0.14468860444680 -0.65012820986190 -0.71198155939678 
2014-11-15T05:21:41.000 -0.10332162448152 -0.11099179847443 -0.65900979794068 -0.73668958782115 
2014-11-15T05:51:41.000 0.01745416568133 -0.07551749361397 -0.65733755048205 -0.74959976319693 
2014-11-15T06:21:41.000 0.13795043282945 -0.03883379974814 -0.64513824801035 -0.75050533311458 
2014-11-15T06:51:41.000 0.25623746703503 -0.00152819472896 -0.62260725852593 -0.73939179515272 
2014-11-15T07:21:41.000 0.37042093842657 0.03580188384266 -0.59010540877941 -0.71643712914518 
2014-11-15T07:51:41.000 0.47867223449566 0.07255860645756 -0.54815320571108 -0.68200894687719 
2014-11-15T08:21:41.000 0.57925774464969 0.10815332571895 -0.49742250070633 -0.63665860489775 
2014-11-15T08:51:41.000 0.67056662339331 0.14201600332678 -0.43872573014730 -0.58111237475785 
2014-11-15T09:21:41.000 0.75113658767836 0.17360433912191 -0.37300290440410 -0.51625981191166 
2014-11-15T09:51:41.000 0.81967733475259 0.20241245579764 -0.30130655394550 -0.44313950983900 
2014-11-15T10:21:41.000 0.87509120599229 0.22797900037706 -0.22478487339628 -0.36292246730431 
2014-11-15T10:51:41.000 0.91649076561036 0.24989453265709 -0.14466333350870 -0.27689333512596 
2014-11-15T11:21:41.000 0.94321301264222 0.26780808226186 -0.06222505561030 -0.18642984286833 
2014-11-15T11:51:41.000 0.95482999865234 0.28143276929394 0.02120973705274 -0.09298073507598 
2014-11-15T12:21:41.000 0.95115568125541 0.29055039865981 0.10430486240705 0.00195743005643 
2014-11-15T12:51:41.000 0.93224890348820 0.29501495438349 0.18572957808071 0.09686424758968 
2014-11-15T13:21:41.000 0.89841245148292 0.29475493800010 0.26417989270884 0.19021981451299 
2014-11-15T13:51:41.000 0.85018820541807 0.28977451359174 0.33839944908959 0.28052907067991 
2014-11-15T14:21:41.000 0.78834846148105 0.28015344109349 0.40719964427965 0.36634574164641 
2014-11-15T14:51:41.000 0.71388356384056 0.26604579897461 0.46947866466465 0.44629550025847 
2014-11-15T15:21:41.000 0.62798604447687 0.24767751669942 0.52423913127100 0.51909797621271 
2014-11-15T15:51:41.000 0.53203152525684 0.22534275655410 0.57060407237092 0.58358726065191 
2014-11-15T16:21:41.000 0.42755668780533 0.19939920273969 0.60783096793172 0.63873057785181 
2014-11-15T16:51:41.000 0.31623466387998 0.17026233313482 0.63532364089881 0.68364482488444 
2014-11-15T17:21:41.000 0.19984824082918 0.13839876558027 0.65264180472006 0.71761071414457 
2014-11-15T17:51:41.000 0.08026131080363 0.10431878514110 0.65950811442029 0.74008429254279 
2014-11-15T18:21:41.000 -0.04061097897937 0.06856817202693 0.65581260820321 0.75070565276473 
2014-11-15T18:51:41.000 -0.16083289665197 0.03171946111093 0.64161446844358 0.74930469705270 
2014-11-15T19:21:41.000 -0.27847912585199 -0.00563722704132 0.61714107390328 0.73590386127367 
2014-11-15T19:51:41.000 -0.39166559906152 -0.04290363676789 0.58278435833166 0.71071775561598 
2014-11-15T20:21:41.000 -0.49857967036123 -0.07948295818862 0.53909453376785 0.67414972767309 
2014-11-15T20:51:41.000 -0.59750914437477 -0.11478938492418 0.48677127907265 0.62678540296279 
2014-11-15T21:21:41.000 -0.68686969655787 -0.14825749560730 0.42665253478491 0.56938330631338 
2014-11-15T21:51:41.000 -0.76523024566985 -0.17935130893359 0.35970108375152 0.50286271431062 
2014-11-15T22:21:41.000 -0.83133587202639 -0.20757286720828 0.28698913251891 0.42828893342824 
2014-11-15T22:51:41.000 -0.88412791473006 -0.23247021101524 0.20968114021790 0.34685623941702 
2014-11-15T23:21:41.000 -0.92276092577349 -0.25364461720243 0.12901517009375 0.25986875132567 
2014-11-15T23:51:41.000 -0.94661620955946 -0.27075698427380 0.04628306243747 0.16871954657848 
2014-11-16T00:21:41.000 -0.95531173119663 -0.28353326303222 -0.03719025395738 0.07486835114372 
2014-11-16T00:51:41.000 -0.94870823462917 -0.29176884537920 -0.12006798010825 -0.02018183751852 
2014-11-16T01:21:41.000 -0.92691147278739 -0.29533184103747 -0.20102285514192 -0.11490882035384 
2014-11-16T01:51:41.000 -0.89027051398513 -0.29416518974941 -0.27875841210632 -0.20779557441947 
2014-11-16T02:21:41.000 -0.83937215169323 -0.28828757506845 -0.35202974041066 -0.29735454745042 
2014-11-16T02:51:41.000 -0.77503150727430 -0.27779312515730 -0.41966342264138 -0.38215148049482 
2014-11-16T03:21:41.000 -0.69827897596935 -0.26284990534052 -0.48057632659491 -0.46082837727099 
2014-11-16T03:51:41.000 -0.61034372552482 -0.24369722660152 -0.53379295118648 -0.53212525191241 
2014-11-16T04:21:41.000 -0.51263401148379 -0.22064181310264 -0.57846104881446 -0.59490030726609 
2014-11-16T04:51:41.000 -0.40671462427458 -0.19405289006123 -0.61386527390679 -0.64814822051087 
2014-11-16T05:21:41.000 -0.29428182970985 -0.16435627075163 -0.63943863888186 -0.69101624298721 
2014-11-16T05:51:41.000 -0.17713620381710 -0.13202753724073 -0.65477159430085 -0.72281785672750 
2014-11-16T06:21:41.000 -0.05715379709315 -0.09758442406739 -0.65961858768893 -0.74304376885385 
2014-11-16T06:51:41.000 0.06374390979266 -0.06157852690267 -0.65390199596491 -0.75137006771760 
2014-11-16T07:21:41.000 0.18362077792552 -0.02458646891386 -0.63771336855498 -0.74766341024998 
2014-11-16T07:51:41.000 0.30055701680358 0.01279933367496 -0.61131196125742 -0.73198315740952 
2014-11-16T08:21:41.000 0.41267992918480 0.04998015894438 -0.57512058434088 -0.70458042353398 
2014-11-16T08:51:41.000 0.51819390173383 0.08636056761925 -0.52971883137492 -0.66589405482640 
2014-11-16T09:21:41.000 0.61540916122427 0.12135793884785 -0.47583379721581 -0.61654360136735 
2014-11-16T09:51:41.000 0.70276883573988 0.15441180069753 -0.41432843379615 -0.55731939520009 
2014-11-16T10:21:41.000 0.77887388741783 0.18499280590951 -0.34618773027269 -0.48916989346136 
2014-11-16T10:51:41.000 0.84250551769520 0.21261120926366 -0.27250293867621 -0.41318648908382 
2014-11-16T11:21:41.000 0.89264468597002 0.23682471069294 -0.19445409782898 -0.33058603245178 
2014-11-16T11:51:41.000 0.92848842913451 0.25724553854124 -0.11329113551460 -0.24269134405201 
2014-11-16T12:21:41.000 0.94946272087492 0.27354665964815 -0.03031385115593 -0.15091002979333 
2014-11-16T12:51:41.000 0.95523166448322 0.28546701667051 0.05314890006224 -0.05671193863765 
2014-11-16T13:21:41.000 0.94570287212849 0.29281570881666 0.13576048827334 0.03839437643601 
2014-11-16T13:51:41.000 0.92102894443799 0.29547504908616 0.21619791478267 0.13288581759764 
2014-11-16T14:21:41.000 0.88160502662860 0.29340244897632 0.29317299940554 0.22524913402153 
2014-11-16T14:51:41.000 0.82806248042209 0.28663110053117 0.36545301022864 0.31400515607285 
2014-11-16T15:21:41.000 0.76125877290401 0.27526944477318 0.43188040555324 0.39773248390107 
2014-11-16T15:51:41.000 0.68226374452299 0.25949943505890 0.49139137144265 0.47509025056855 
2014-11-16T16:21:41.000 0.59234247596140 0.23957362316395 0.54303285838726 0.54483959563139 
2014-11-16T16:51:41.000 0.49293502813616 0.21581111471760 0.58597784417201 0.60586350520581 
2014-11-16T17:21:41.000 0.38563338018945 0.18859245884944 0.61953857829449 0.65718470048657 
2014-11-16T17:51:41.000 0.27215593444109 0.15835355381716 0.64317759609808 0.69798128858837 
2014-11-16T18:21:41.000 0.15431999663248 0.12557866621134 0.65651632612112 0.72759992493702 
2014-11-16T18:51:41.000 0.03401267240548 0.09079267559305 0.65934115277955 0.74556627634693 
2014-11-16T19:21:41.000 -0.08683935411849 0.05455266870826 0.65160683735905 0.75159261732672 
2014-11-16T19:51:41.000 -0.20630067558134 0.01743901791812 0.63343724249897 0.74558243791283 
2014-11-16T20:21:41.000 -0.32245815633434 -0.01995391328378 0.60512334856992 0.72763198924570 
2014-11-16T20:51:41.000 -0.43345157069291 -0.05702728881222 0.56711859371791 0.69802874214031 
2014-11-16T21:21:41.000 -0.53750339388594 -0.09318739016826 0.52003161219095 0.65724678332937 
2014-11-16T21:51:41.000 -0.63294726857234 -0.12785512466080 0.46461648723906 0.60593922309950 
2014-11-16T22:21:41.000 -0.71825469095229 -0.16047529936549 0.40176067475482 0.54492773597895 
2014-11-16T22:51:41.000 -0.79205948937735 -0.19052551240117 0.33247079089452 0.47518940183210 
2014-11-16T23:21:41.000 -0.85317970314909 -0.21752451903164 0.25785649141141 0.39784105820224 
2014-11-16T23:51:41.000 -0.90063651114947 -0.24103993860599 0.17911270098267 0.31412141462820 
2014-11-17T00:21:41.000 -0.93366990746827 -0.26069517904638 0.09750047675160 0.22537121498405 
2014-11-17T00:51:41.000 -0.95175087261977 -0.27617546784052 0.01432681289287 0.13301176588148 
2014-11-17T01:21:41.000 -0.95458984559739 -0.28723289300246 -0.06907629037081 0.03852217502165 
2014-11-17T01:51:41.000 -0.94214136114259 -0.29369037333476 -0.15137315847896 -0.05658433641009 
2014-11-17T02:21:41.000 -0.91460477782908 -0.29544449431167 -0.23124583287257 -0.15078466743077 
2014-11-17T02:51:41.000 -0.87242108543333 -0.29246716423538 -0.30741517764382 -0.24257022919077 
2014-11-17T03:21:41.000 -0.81626584256036 -0.28480606411436 -0.37866136463056 -0.33047110471118 
2014-11-17T03:51:41.000 -0.74703835783185 -0.27258388406543 -0.44384340845718 -0.41307958899564 
2014-11-17T04:21:41.000 -0.66584728777281 -0.25599635848149 -0.50191743907394 -0.48907273299915 
2014-11-17T04:51:41.000 -0.57399288190948 -0.23530913138358 -0.55195341909609 -0.55723353035589 
2014-11-17T05:21:41.000 -0.47294615978182 -0.21085350223344 -0.59315003796944 -0.61647040723815 
2014-11-17T05:51:41.000 -0.36432535302967 -0.18302112028033 -0.62484754473214 -0.66583470359643 
2014-11-17T06:21:41.000 -0.24986998985981 -0.15225771240648 -0.64653831374419 -0.70453586568820 
2014-11-17T06:51:41.000 -0.13141303701582 -0.11905594494004 -0.65787497414002 -0.73195410653741 
2014-11-17T07:21:41.000 -0.01085154556198 -0.08394753380624 -0.65867597284591 -0.74765033158707 
2014-11-17T07:51:41.000 0.10988372999922 -0.04749472920700 -0.64892848212139 -0.75137317071522 
2014-11-17T08:21:41.000 0.22885925205678 -0.01028131138668 -0.62878860497325 -0.74306300381595 
2014-11-17T08:51:41.000 0.34416966482277 0.02709675840279 -0.59857887524004 -0.72285291561715 
2014-11-17T09:21:41.000 0.45396830820916 0.06404088209874 -0.55878309226965 -0.69106656434478 
2014-11-17T09:51:41.000 0.55649679132392 0.09995941112942 -0.51003857305885 -0.64821299845416 
2014-11-17T10:21:41.000 0.65011315256971 0.13427712148346 -0.45312594584352 -0.59497850440616 
2014-11-17T10:51:41.000 0.73331815528434 0.16644442579302 -0.38895664850119 -0.53221561592979 
2014-11-17T11:21:41.000 0.80477929740143 0.19594617475220 -0.31855833223026 -0.46092946102491 
2014-11-17T11:51:41.000 0.86335215108842 0.22230990708180 -0.24305840403990 -0.38226166515864 
2014-11-17T12:21:41.000 0.90809869044775 0.24511341586926 -0.16366597162634 -0.29747206843599 
2014-11-17T12:51:41.000 0.93830231366467 0.26399151006261 -0.08165247993169 -0.20791854969529 
2014-11-17T13:21:41.000 0.95347931917207 0.27864186289532 0.00166865065832 -0.11503528049412 
2014-11-17T13:51:41.000 0.95338665197968 0.28882985355476 0.08496305833061 -0.02030975730091 
2014-11-17T14:21:41.000 0.93802579612288 0.29439232456113 0.16689680923360 0.07474102029794 
2014-11-17T14:51:41.000 0.90764275089863 0.29524019468292 0.24615776000058 0.16859484386023 
2014-11-17T15:21:41.000 0.86272409126258 0.29135988554606 0.32147657132711 0.25974867379354 
2014-11-17T15:51:41.000 0.80398917546779 0.28281353908408 0.39164703605319 0.34674271007783 
2014-11-17T16:21:41.000 0.73237862481855 0.26973802236217 0.45554539613445 0.42818377043244 
2014-11-17T16:51:41.000 0.64903925986400 0.25234273568815 0.51214833934848 0.50276760178357 
2014-11-17T17:21:41.000 0.55530573438861 0.23090625912036 0.56054938731323 0.56929976746607 
2014-11-17T17:51:41.000 0.45267916149505 0.20577189112801 0.59997341237565 0.62671477564524 
2014-11-17T18:21:41.000 0.34280307360999 0.17734215074422 0.62978905112618 0.67409314295173 
2014-11-17T18:51:41.000 0.22743710181915 0.14607233134412 0.64951881545865 0.71067611968955 
2014-11-17T19:21:41.000 0.10842879609135 0.11246320930859 0.65884673936393 0.73587784092179 
2014-11-17T19:51:41.000 -0.01231596285315 0.07705302419461 0.65762343906673 0.74929470898407 
2014-11-17T20:21:41.000 -0.13286348553041 0.04040885902202 0.64586850533482 0.75071185693434 
2014-11-17T20:51:41.000 -0.25128324105364 0.00311755863969 0.62377018975954 0.74010658959440 
2014-11-17T21:21:41.000 -0.36567877418555 -0.03422366847441 0.59168238993554 0.71764874699708 
2014-11-17T21:51:41.000 -0.47421807628515 -0.07101681426191 0.55011898192313 0.68369798445247 
2014-11-17T22:21:41.000 -0.57516292436819 -0.10667264799745 0.49974559070782 0.63879801280963 
2014-11-17T22:51:41.000 -0.66689671835387 -0.14062015268677 0.44136893035367 0.58366789103534 
2014-11-17T23:21:41.000 -0.74795037025503 -0.17231566967260 0.37592388479142 0.51919051076072 
2014-11-17T23:51:41.000 -0.81702583119615 -0.20125160516715 0.30445853594961 0.44639845705749 
