CIC_OEM_VERS = 2.0 
CREATION_DATE        = 2014-10-26T19:46:34.000    
ORIGINATOR = CNES 
META_START 
OBJECT_NAME          = PHILAE    
OBJECT_ID            = PHILAE    
CENTER_NAME          = CHURYUMOV-GERASIMENKO 
REF_FRAME            = EME2000    
TIME_SYSTEM = UTC
META_STOP 
 
2014-11-12T14:51:41.000 8.4007814946242176e-01 2.1411497617916102e+00 -4.6506739643888684e-01 -2.9761338741540543e-04 1.1632025144200492e-04 -2.0629807549055318e-06
2014-11-12T15:21:41.000 2.8618988467424933e-01 2.2877268420286994e+00 -4.3696971179528721e-01 -3.1452478805389211e-04 4.5671673944358948e-05 3.3115571152757085e-05
2014-11-12T15:51:41.000 -2.8014484561162578e-01 2.3038156670302197e+00 -3.4712176635622460e-01 -3.1136879094879210e-04 -2.7890860360689521e-05 6.6181274207806223e-05
2014-11-12T16:21:41.000 -8.2279259570515118e-01 2.1883897331449704e+00 -2.0125606369346327e-01 -2.8834675604067102e-04 -9.9673894248267645e-05 9.5024461272906932e-05
2014-11-12T16:51:41.000 -1.3071312037189529e+00 1.9488134777773056e+00 -8.6791677415399837e-03 -2.4692754143568402e-04 -1.6509750671276526e-04 1.1780487131588789e-04
2014-11-12T17:21:41.000 -1.7022587635212267e+00 1.6003724115190874e+00 2.1832207702998246e-01 -1.8975378740231682e-04 -2.1998752231462400e-04 1.3306906231858826e-04
2014-11-12T17:51:41.000 -1.9829652369201041e+00 1.1652978679487203e+00 4.6526447422458989e-01 -1.2047330963597037e-04 -2.6084183303587031e-04 1.3984314412169695e-04
2014-11-12T18:21:41.000 -2.1313409117682367e+00 6.7134859363020127e-01 7.1639253660867519e-01 -4.3506360372183876e-05 -2.8505384078524905e-04 1.3769491486282726e-04
2014-11-12T18:51:41.000 -2.1379190821375458e+00 1.5003967705865262e-01 9.5568372194738693e-01 3.6236393738883203e-05 -2.9107876448027922e-04 1.2676143653112248e-04
2014-11-12T19:21:41.000 -2.0022800457790275e+00 -3.6536818579321695e-01 1.1678707077156401e+00 1.1366718342152209e-04 -2.7853220012344273e-04 1.0774028987064880e-04
2014-11-12T19:51:41.000 -1.7330778820819663e+00 -8.4199079961756185e-01 1.3394154810411087e+00 1.8384574793863011e-04 -2.4821464710476801e-04 8.1845067364393875e-05
2014-11-12T20:21:41.000 -1.3474883020894923e+00 -1.2494185563247764e+00 1.4593730947561729e+00 2.4229453514722237e-04 -2.0206043444856130e-04 5.0727943209329716e-05
2014-11-12T20:51:41.000 -8.7011279907065364e-01 -1.5616566372414675e+00 1.5200899799380376e+00 2.8528437923689169e-04 -1.4301430591472420e-04 1.6374260751162601e-05
2014-11-12T21:21:41.000 -3.3140901717746707e-01 -1.7587835418032665e+00 1.5176922610563526e+00 3.1007243031344346e-04 -7.4843539009603052e-05 -1.9024136827512963e-05
2014-11-12T21:51:41.000 2.3425251572976008e-01 -1.8282221246249157e+00 1.4523329180188536e+00 3.1507715424816852e-04 -1.8975838671767079e-06 -5.3208751163146051e-05
2014-11-12T22:21:41.000 7.9078130554721637e-01 -1.7655420459690565e+00 1.3281820257658052e+00 2.9997923821081356e-04 7.1169441422165269e-05 -8.3998525989775611e-05
2014-11-12T22:51:41.000 1.3026695482023174e+00 -1.5747424376529291e+00 1.1531606939608208e+00 2.6574196378866433e-04 1.3969569429846405e-04 -1.0942900360605039e-04
2014-11-12T23:21:41.000 1.7372576084157081e+00 -1.2679967490363502e+00 9.3843568202083194e-01 2.1454974687711332e-04 1.9930904378078387e-04 -1.2787766159949574e-04
2014-11-12T23:51:41.000 2.0668177780809471e+00 -8.6487605368607090e-01 6.9770693476836398e-01 1.4966876753994725e-04 2.4620602236744184e-04 -1.3816743356311124e-04
2014-11-13T00:21:41.000 2.2703233679813062e+00 -3.9110036995789788e-01 4.4633349445424353e-01 7.5238580069767976e-05 2.7739449614645458e-04 -1.3964180867755417e-04
2014-11-13T00:51:41.000 2.3347902581271573e+00 1.2310233489918701e-01 2.0035355886984152e-01 -3.9920001837458172e-06 2.9088456936629293e-04 -1.3220671838872356e-04
2014-11-13T01:21:41.000 2.2561053140696776e+00 6.4492475714361841e-01 -2.4538791835112539e-02 -8.2967881719576021e-05 2.8581554468755854e-04 -1.1633653842159697e-04
2014-11-13T01:51:41.000 2.0392888144357264e+00 1.1410734380891334e+00 -2.1399491363043166e-01 -1.5665022347412049e-04 2.6251083740619477e-04 -9.3043822383894555e-05
2014-11-13T02:21:41.000 1.6981741455552841e+00 1.5798929621439737e+00 -3.5592707453977479e-01 -2.2033792422743130e-04 2.2245734087618135e-04 -6.3814698587260491e-05
2014-11-13T02:51:41.000 1.2545252002734792e+00 1.9333856442129094e+00 -4.4127967943826896e-01 -2.6996756372899596e-04 1.6821055952220796e-04 -3.0514051737765655e-05
2014-11-13T03:21:41.000 7.3664779134845171e-01 2.1789978464315269e+00 -4.6460703783211843e-01 -3.0237265788117160e-04 1.0323156138389207e-04 4.7334611141500704e-06
2014-11-13T03:51:41.000 1.7758367672111586e-01 2.3010589509439714e+00 -4.2442081110351015e-01 -3.1548568786917899e-04 3.1666154538748373e-05 3.9678968368390651e-05
2014-11-13T04:21:41.000 -3.8699757975099136e-01 2.2917811813001969e+00 -3.2328497206036144e-01 -3.0847001265197797e-04 -4.1919625042799097e-05 7.2092867086546959e-05
2014-11-13T04:51:41.000 -9.2107440853030909e-01 2.1517564803600631e+00 -1.6765221750378423e-01 -2.8177324814330454e-04 -1.1283083710153044e-04 9.9907076714993777e-05
2014-11-13T05:21:41.000 -1.3905714917504077e+00 1.8899187428455222e+00 3.2547728448681867e-02 -2.3709870877321036e-04 -1.7654318483607427e-04 1.2134698735449067e-04
2014-11-13T05:51:41.000 -1.7655338462537635e+00 1.5229738127278660e+00 2.6454165330333068e-01 -1.7729673187245112e-04 -2.2899167535063414e-04 1.3504468386966252e-04
2014-11-13T06:21:41.000 -2.0220380200534640e+00 1.0743336121055340e+00 5.1352781639699185e-01 -1.0618281972950692e-04 -2.6682997548422037e-04 1.4012622201329517e-04
2014-11-13T06:51:41.000 -2.1437184627641610e+00 5.7262240739654990e-01 7.6362033354695447e-01 -2.8294201930155855e-05 -2.8764391566186618e-04 1.3626738815227893e-04
2014-11-13T07:21:41.000 -2.1228116850570289e+00 4.9850515929979994e-02 9.9886273266238890e-01 5.1399650400852086e-05 -2.9010551896708732e-04 1.2371438460221959e-04
2014-11-13T07:51:41.000 -1.9606515869575232e+00 -4.6062802519175833e-01 1.2042460129989252e+00 1.2781408797332027e-04 -2.7405772951038084e-04 1.0326812158407870e-04
2014-11-13T08:21:41.000 -1.6675843519759057e+00 -9.2624352262470311e-01 1.3666662535878316e+00 1.9607369571979599e-04 -2.4052443291784978e-04 7.6233117280658004e-05
2014-11-13T08:51:41.000 -1.2623083370774217e+00 -1.3172886473318948e+00 1.4757606732157700e+00 2.5182335516320530e-04 -1.9164512975170564e-04 4.4334266485353681e-05
2014-11-13T09:21:41.000 -7.7068107489308002e-01 -1.6088138298985677e+00 1.5245687994917350e+00 2.9150611112260219e-04 -1.3053843091670000e-04 9.6067885363426850e-06
2014-11-13T09:51:41.000 -2.2406950412928497e-01 -1.7822190998684144e+00 1.5099765628109587e+00 3.1259011338697663e-04 -6.1103082914545307e-05 -2.5733624405714697e-05
2014-11-13T10:21:41.000 3.4265131208279692e-01 -1.8264408060782207e+00 1.4329149811050188e+00 3.1373015454442914e-04 1.2230780904417110e-05 -5.9432173494957831e-05
2014-11-13T10:51:41.000 8.9332329516290598e-01 -1.7386575030402920e+00 1.2983007587981708e+00 2.9485349754429014e-04 8.4784293042236222e-05 -8.9338814594926497e-05
2014-11-13T11:21:41.000 1.3928123189032797e+00 -1.5244699653054152e+00 1.1147225897271018e+00 2.5716451591251523e-04 1.5192837423965320e-04 -1.1354543588526697e-04
2014-11-13T11:51:41.000 1.8092498459087487e+00 -1.1975438455951830e+00 8.9389317919491407e-01 2.0306785254040500e-04 2.0937907915506883e-04 -1.3050759978309583e-04
2014-11-13T12:21:41.000 2.1160662137252961e+00 -7.7873777484454987e-01 6.4990194646220956e-01 1.3601499782906398e-04 2.5347092208767650e-04 -1.3914308166625345e-04
2014-11-13T12:51:41.000 2.2936858395287780e+00 -2.9477253383967711e-01 3.9831608766634535e-01 6.0284076476638174e-05 2.8139074297343176e-04 -1.3890091806829550e-04
2014-11-13T13:21:41.000 2.3307761866137100e+00 2.2347379274653753e-01 1.5518735362409147e-01 -1.9293106212139534e-05 2.9135719369989256e-04 -1.2979655960775234e-04
2014-11-13T13:51:41.000 2.2249708064209370e+00 7.4293590926637931e-01 -6.3972088851480868e-02 -9.7639344781301590e-05 2.8273439195726209e-04 -1.1241088505823777e-04
2014-11-13T14:21:41.000 1.9830203231286672e+00 1.2304709497945308e+00 -2.4517936827013231e-01 -1.6975597084401047e-04 2.5607249225931413e-04 -8.7853140097038531e-05
2014-11-13T14:51:41.000 1.6203617285411747e+00 1.6549730685293169e+00 -3.7687304755930018e-01 -2.3104177938488348e-04 2.1307258439449682e-04 -5.7690164726001141e-05
2014-11-13T15:21:41.000 1.1601334668284862e+00 1.9893580636497095e+00 -4.5065077009955068e-01 -2.7758659629764025e-04 1.5647816046232039e-04 -2.3846425480947592e-05
2014-11-13T15:51:41.000 6.3169914897064749e-01 2.2122914110720684e+00 -4.6180534919101679e-01 -3.0642075626014339e-04 8.9900073549351102e-05 1.1518770020356872e-05
2014-11-13T16:21:41.000 6.8774087963787200e-02 2.3095494554908091e+00 -4.0962509728015517e-01 -3.1570457414729794e-04 1.7586157236324273e-05 4.6149041750299000e-05
2014-11-13T16:51:41.000 -4.9272581542989252e-01 2.2749269122681879e+00 -2.9743923329278321e-01 -3.0484572140946741e-04 -5.5849795935998710e-05 7.7834899539009483e-05
2014-11-13T17:21:41.000 -1.0169755890391110e+00 2.1106327784507770e+00 -1.3240547074282283e-01 -2.7453701740595937e-04 -1.2572240497713837e-04 1.0455471349778226e-04
2014-11-13T17:51:41.000 -1.4705269032340551e+00 1.8271493939490653e+00 7.4946660441571111e-02 -2.2671222650235125e-04 -1.8757363825283452e-04 1.2460369862601317e-04
2014-11-13T18:21:41.000 -1.8244421514202946e+00 1.4425636442712555e+00 3.1138762210891285e-01 -1.6442267936518125e-04 -2.3745724632235772e-04 1.3670268407524702e-04
2014-11-13T18:51:41.000 -2.0561407349786336e+00 9.8141297580724118e-01 5.6183194260705871e-01 -9.1642590813340567e-05 -2.7219054132973988e-04 1.4007972696874368e-04
2014-11-13T19:21:41.000 -2.1508397565265822e+00 4.7311985153602820e-01 8.1030070386376885e-01 -1.3015496303722061e-05 -2.8955745999102321e-04 1.3451936430683138e-04
2014-11-13T19:51:41.000 -2.1024972029032973e+00 -4.9885469861628201e-02 1.0409410331692279e+00 6.6442016513175849e-05 -2.8844995333363299e-04 1.2037635987803624e-04
2014-11-13T20:21:41.000 -1.9141974390635204e+00 -5.5423405799228442e-01 1.2390375523360810e+00 1.4166037736623881e-04 -2.6893868275957130e-04 9.8553069553107201e-05
2014-11-13T20:51:41.000 -1.5979544188566379e+00 -1.0077473242106640e+00 1.3919512522562394e+00 2.0784048358599914e-04 -2.3226851191388389e-04 7.0441869013016751e-05
2014-11-13T21:21:41.000 -1.1739451669719891e+00 -1.3814900896652513e+00 1.4899258907592439e+00 2.6075989365801505e-04 -1.8077908104733231e-04 3.7836316802004763e-05
2014-11-13T21:51:41.000 -6.6922243916107693e-01 -1.6516167148064438e+00 1.5267104627761583e+00 2.9704222868842775e-04 -1.1775553312108253e-04 2.8167214136782821e-06
2014-11-13T22:21:41.000 -1.1598869504205293e-01 -1.8008925057268457e+00 1.4999580288442234e+00 3.1437259319518632e-04 -4.7218914089202383e-05 -3.2382587203146949e-05
2014-11-13T22:51:41.000 4.5045849295920881e-01 -1.8197933271432221e+00 1.4113754551716009e+00 3.1164527033607914e-04 2.6330379211966106e-05 -6.5515813020233031e-05
2014-11-13T23:21:41.000 9.9397850436434809e-01 -1.7071132635528596e+00 1.2666145116484495e+00 2.8903426958145294e-04 9.8199734372934194e-05 -9.4468980785229796e-05
2014-11-13T23:51:41.000 1.4798935246153877e+00 -1.4700415596341054e+00 1.0749112761548709e+00 2.4798222424758914e-04 1.6380372285453035e-04 -1.1739481245017705e-04
2014-11-14T00:21:41.000 1.8772010690033294e+00 -1.1237039299364895e+00 8.4849685163409294e-01 1.9110834828213905e-04 2.1895666077511892e-04 -1.3283058773272117e-04
2014-11-14T00:51:41.000 2.1605520114697545e+00 -6.9019750389535395e-01 6.0181699394877852e-01 1.2204132457968250e-04 2.6013966521644849e-04 -1.3979146908845957e-04
2014-11-14T01:21:41.000 2.3118679166544176e+00 -1.9718097864866105e-01 3.5061043974479467e-01 4.5187786430006308e-05 2.8472516660326883e-04 -1.3783333636786097e-04
2014-11-14T01:51:41.000 2.3214944852384423e+00 3.2389006882325305e-01 1.1090473921384131e-01 -3.4548835387981137e-05 2.9114455395832866e-04 -1.2708112290218894e-04
2014-11-14T02:21:41.000 2.1888175202191529e+00 8.3977011915266053e-01 -1.0200633811154791e-01 -1.1208116284745606e-04 2.7898825587402795e-04 -1.0822084444841745e-04
2014-11-14T02:51:41.000 1.9223021140970871e+00 1.3175448503652412e+00 -2.7453858065638914e-01 -1.8246245687960434e-04 2.4903187171902914e-04 -8.2455829663957377e-05
2014-11-14T03:21:41.000 1.5389525566877116e+00 1.7267311466524498e+00 -3.9568403846957578e-01 -2.4120223067842234e-04 2.0318668708266426e-04 -5.1429945188806290e-05
2014-11-14T03:51:41.000 1.0632274225840130e+00 2.0412219906043707e+00 -4.5771335548944403e-01 -2.8455275291036067e-04 1.4437772910545120e-04 -1.7122713087801264e-05
2014-11-14T04:21:41.000 5.2547905881132528e-01 2.2409521501135279e+00 -4.5666892001453230e-01 -3.0974816147593987e-04 7.6357143238339905e-05 1.8276987090129746e-05
2014-11-14T04:51:41.000 -3.9982964467963997e-02 2.3131783862516881e+00 -3.9261736943914205e-01 -3.1518093210374556e-04 3.4647977951183068e-06 5.2510573872813884e-05
2014-11-14T05:21:41.000 -5.9708088282109939e-01 2.2532925006868973e+00 -2.6964533849611916e-01 -3.0050444149531025e-04 -6.9648609675557728e-05 8.3393866476211262e-05
2014-11-14T05:51:41.000 -1.1102705801741082e+00 2.0651153492837753e+00 -9.5598722833109218e-02 -2.6665508318969480e-04 -1.3831827721604991e-04 1.0895644047701801e-04
2014-11-14T06:21:41.000 -1.5468093852717175e+00 1.7606530628611912e+00 1.1841790712454958e-01 -2.1579252344802418e-04 -1.9816292373056713e-04 1.2756734549439514e-04
2014-11-14T06:51:41.000 -1.8788451284606278e+00 1.3593310284322782e+00 3.5874980314410221e-01 -1.5116190925808560e-04 -2.4536432445465355e-04 1.3803916336445254e-04
2014-11-14T07:21:41.000 -2.0851931730430877e+00 8.8675450585186288e-01 6.1006324286981795e-01 -7.6886821061129427e-05 -2.7691092255248883e-04 1.3970376828218462e-04
2014-11-14T07:51:41.000 -2.1526880439704303e+00 3.7307495329542295e-01 8.5632385662511057e-01 2.2938214083930547e-06 -2.9078997321940102e-04 1.3245495465404562e-04
2014-11-14T08:21:41.000 -2.0770234147483921e+00 -1.4893370413860474e-01 1.0818196565109197e+00 8.1328112847988622e-05 -2.8611596137188909e-04 1.1675521327616373e-04
2014-11-14T08:51:41.000 -1.8630268610956504e+00 -6.4596612515301555e-01 1.2721634969003821e+00 1.5517348549343705e-04 -2.6318709976307357e-04 9.3606223468948991e-05
2014-11-14T09:21:41.000 -1.5243518503611491e+00 -1.0863105097367767e+00 1.4152110074440798e+00 2.1911843641133047e-04 -2.2346630182206560e-04 6.4484943425752018e-05
2014-11-14T09:51:41.000 -1.0826066193824855e+00 -1.4418718833892390e+00 1.5018354312026727e+00 2.6908313209018491e-04 -1.6948784492477445e-04 3.1249377139914295e-05
2014-11-14T10:21:41.000 -5.6597552004594476e-01 -1.6899646206560572e+00 1.5265099326550320e+00 3.0187971126286980e-04 -1.0469567763899200e-04 -3.9799705473377849e-06
2014-11-14T10:51:41.000 -7.4207927144505220e-03 -1.8147598400986513e+00 1.4876602224485025e+00 3.1541567739114973e-04 -3.3223687678404005e-05 -3.8955387059121457e-05
2014-11-14T11:21:41.000 5.5742049910911895e-01 -1.8082953224850440e+00 1.3877650005337983e+00 3.0882740507051117e-04 4.0368049219907301e-05 -7.1445361176162130e-05
2014-11-14T11:51:41.000 1.0925101946183062e+00 -1.6709835187614901e+00 1.2331978095737359e+00 2.8253524105213620e-04 1.1138421264445977e-04 -9.9376958552693890e-05
2014-11-14T12:21:41.000 1.5637083528458173e+00 -1.4115852346929789e+00 1.0338203883131296e+00 2.3821668523962218e-04 1.7529380963379886e-04 -1.2096807965680112e-04
2014-11-14T12:51:41.000 1.9409514583107010e+00 -1.0466506714903159e+00 8.0235347023949233e-01 1.7869936253567858e-04 2.2801926245853116e-04 -1.3484116185797317e-04
2014-11-14T13:21:41.000 2.2001705418474420e+00 -5.9946348529436277e-01 5.5356517180941578e-01 1.0778061353618926e-04 2.6619656707511642e-04 -1.4011107085874669e-04
2014-11-14T13:51:41.000 2.3248268356472308e+00 -9.8555236894014853e-02 3.0332875298950718e-01 2.9985215956763789e-05 2.8738992450266917e-04 -1.3644157446584043e-04
2014-11-14T14:21:41.000 2.3069669843026834e+00 4.2411498683795240e-01 6.7609867118257505e-02 -4.9723306675245736e-05 2.9024715039934482e-04 -1.2406679496278721e-04
2014-11-14T14:51:41.000 2.1477304870000777e+00 9.3519963540154283e-01 -1.3855208410612585e-01 -1.2625936911255144e-04 2.7458594711583491e-04 -1.0377627140053143e-04
2014-11-14T15:21:41.000 1.8572769948836383e+00 1.4020903444075148e+00 -3.0200349873824350e-01 -1.9473979629505369e-04 2.4140553515144864e-04 -7.6864585416190813e-05
2014-11-14T15:51:41.000 1.4541381020589905e+00 1.7949984235318446e+00 -4.1231580434588222e-01 -2.5079538103030708e-04 1.9282290031078810e-04 -4.5048763840951203e-05
2014-11-14T16:21:41.000 9.6403498804035870e-01 2.0888554424671288e+00 -4.6245082459046549e-01 -2.9084964929686316e-04 1.3193772532897578e-04 -1.0358728553510653e-05
2014-11-14T16:51:41.000 4.1823734757444009e-01 2.2649126543067561e+00 -4.4920983104774259e-01 -3.1234704772806248e-04 6.2634623087174911e-05 2.4992217194354946e-05
2014-11-14T17:21:41.000 -1.4843168730551337e-01 2.3119372080855491e+00 -3.7343762923432888e-01 -3.1391599320817435e-04 -1.0664710783046204e-05 5.8748602587965495e-05
2014-11-14T17:51:41.000 -6.9981734149892960e-01 2.2269288301329371e+00 -2.3996865819319035e-01 -2.9545638344475488e-04 -8.3283611795547920e-05 8.8756693338447340e-05
2014-11-14T18:21:41.000 -1.2007399547144570e+00 2.0153112485976630e+00 -5.7318542226526770e-02 -2.5814598371061014e-04 -1.5058882874096431e-04 1.1310190496408514e-04
2014-11-14T18:51:41.000 -1.6192395237650028e+00 1.6905861469387660e+00 1.6285922544008935e-01 -2.0436528231651129e-04 -2.0828613550133080e-04 1.3023095749325388e-04
2014-11-14T19:21:41.000 -1.9286148229314883e+00 1.2734717262358297e+00 4.0651680174600741e-01 -1.3754561056323871e-04 -2.5269431251894175e-04 1.3905097838334102e-04
2014-11-14T19:51:41.000 -2.1091270037342338e+00 7.9058083628755471e-01 6.5810827852933673e-01 -6.1950215637077857e-05 -2.8098001697191396e-04 1.3899923021003241e-04
2014-11-14T20:21:41.000 -2.1492589779694584e+00 2.7272301540415661e-01 9.0158154669528612e-01 1.7597744127155820e-05 -2.9133855645944545e-04 1.3007901460304616e-04
2014-11-14T20:51:41.000 -2.0464502343109152e+00 -2.4706122793631988e-01 1.1214024571911367e+00 9.6022927722436968e-05 -2.8310903272317283e-04 1.1285946170419240e-04
2014-11-14T21:21:41.000 -1.8072602046980852e+00 -7.3560847565408904e-01 1.3035459354834504e+00 1.6832162988186629e-04 -2.5681650796845472e-04 8.8439218126348484e-05
2014-11-14T21:51:41.000 -1.4469497576236707e+00 -1.1617483008280816e+00 1.4363908128677187e+00 2.2988102873843666e-04 -2.1413850515735410e-04 5.8376351029099422e-05
2014-11-14T22:21:41.000 -9.8850752028729105e-01 -1.4982920120411920e+00 1.5114612836073404e+00 2.7677349453654194e-04 -1.5779797816832235e-04 2.4588939831139276e-05
2014-11-14T22:51:41.000 -4.6118315118461894e-01 -1.7237673543374965e+00 1.5239676807723490e+00 3.0600718109570686e-04 -9.1389580802388418e-05 -1.0767301733452438e-05
2014-11-14T23:21:41.000 1.0137885416453604e-01 -1.8237884873877110e+00 1.4731120677176102e+00 3.1571691269592774e-04 -1.9150320068537830e-05 -4.5436564934242293e-05
2014-11-14T23:51:41.000 6.6328575862170547e-01 -1.7919738351118144e+00 1.3621391483762606e+00 3.0528318632143690e-04 5.4310774686230326e-05 -7.7206871821173203e-05
2014-11-15T00:21:41.000 1.1886866222196071e+00 -1.6303532447954450e+00 1.1981292477007752e+00 2.7537169743779301e-04 1.2430671832085909e-04 -1.0405120445658163e-04
2014-11-15T00:51:41.000 1.6440596734472992e+00 -1.3492384781341338e+00 9.9154657082840369e-01 2.2789086728972576e-04 1.8637161030435239e-04 -1.2425683334327026e-04
2014-11-15T01:21:41.000 2.0003510746864652e+00 -9.6656529737966568e-01 7.5557156296209538e-01 1.6587008082018053e-04 2.3654556913373849e-04 -1.3653459329379244e-04
2014-11-15T01:51:41.000 2.2348286232112389e+00 -5.0674912286609075e-01 5.0525996695278241e-01 9.3266405470711339e-05 2.7162738196463286e-04 -1.4010113526290101e-04
2014-11-15T02:21:41.000 2.3325321174873874e+00 8.7272642031663294e-04 2.5658223261426555e-01 1.4712121095056799e-05 2.8937874936816438e-04 -1.3472890581089103e-04
2014-11-15T02:51:41.000 2.2872278520894573e+00 5.2391282053737398e-01 2.5404565686884650e-02 -6.4780830117474353e-05 2.8866709355622325e-04 -1.2076066534716513e-04
2014-11-15T03:21:41.000 2.1018063423265216e+00 1.0290000104429438e+00 -1.7352337225674175e-01 -1.4014061685481608e-04 2.6953781985612036e-04 -9.9087619452481885e-05
2014-11-15T03:51:41.000 1.7880979026771551e+00 1.4839085833676460e+00 -3.2750952582223636e-01 -2.0655911312741939e-04 2.3321141945627816e-04 -7.1092557790535823e-05
2014-11-15T04:21:41.000 1.3661178460626655e+00 1.8596143362932842e+00 -4.2672922770360067e-01 -2.5979866755978018e-04 1.8200559941226381e-04 -3.8561629051217961e-05
2014-11-15T04:51:41.000 8.6278946105352383e-01 2.1321463866943788e+00 -4.6485203501328776e-01 -2.9646247548589924e-04 1.1918740774609334e-04 -3.5703805872819723e-06
2014-11-15T05:21:41.000 3.1022624449089398e-01 2.2841165692706293e+00 -4.3944562583710733e-01 -3.1421130235221727e-04 4.8764788004287672e-05 3.1648666307119674e-05
2014-11-15T05:51:41.000 -2.5631701186893652e-01 2.3058288402056895e+00 -3.5213098693126299e-01 -3.1191273257399687e-04 -2.4769136241277066e-05 6.4848456206947029e-05
2014-11-15T06:21:41.000 -8.0069355818711341e-01 2.1958979072346838e+00 -2.0847899111161516e-01 -2.8971342027968604e-04 -9.6722733188615465e-05 9.3910766945908922e-05
2014-11-15T06:51:41.000 -1.2881709314203220e+00 1.9613376141268839e+00 -1.7654962749462211e-02 -2.4902973198937000e-04 -1.6250519951993363e-04 1.1698135690051408e-04
2014-11-15T07:21:41.000 -1.6876469648390766e+00 1.6171134418096040e+00 2.0816609052165452e-01 -1.9245737974317009e-04 -2.1791946406980124e-04 1.3258826990319541e-04
2014-11-15T07:51:41.000 -1.9736341779612490e+00 1.1851876762741500e+00 4.5457627131871486e-01 -1.2360580840743365e-04 -2.5942997057505049e-04 1.3973574936061356e-04
2014-11-15T08:21:41.000 -2.1278859353571500e+00 6.9311816483803390e-01 7.0585404903259186e-01 -4.6867905005091575e-05 -2.8438825415136705e-04 1.3796776978522644e-04
2014-11-15T08:51:41.000 -2.1405606236082089e+00 1.7230006310645618e-01 9.4596732912213699e-01 3.2860277418959692e-05 -2.9120191961055778e-04 1.2739713237382589e-04
2014-11-15T09:21:41.000 -2.0108495687851731e+00 -3.4403724831478394e-01 1.1595963376724658e+00 1.1049189933809187e-04 -2.7943623944304947e-04 1.0869826779018457e-04
2014-11-15T09:51:41.000 -1.7470286314848504e+00 -8.2295027317176894e-01 1.3331110574568057e+00 1.8107388648493230e-04 -2.4984189087590218e-04 8.3064206194934570e-05
2014-11-15T10:21:41.000 -1.3659301883568968e+00 -1.2338832697583628e+00 1.4554408541746466e+00 2.4010294728772145e-04 -2.0430706071289579e-04 5.2130459090102458e-05
2014-11-15T10:51:41.000 -8.9186918794336778e-01 -1.5506177771807783e+00 1.5187808082613832e+00 2.8381289337964293e-04 -1.4573697492005413e-04 1.7870670010536205e-05
2014-11-15T11:21:41.000 -3.5509180131385282e-01 -1.7529454127498996e+00 1.5190896864285821e+00 3.0941493056104699e-04 -7.7868538205963107e-05 -1.7529308530798391e-05
2014-11-15T11:51:41.000 2.1015435168337460e-01 -1.8279572124527668e+00 1.4563477815293204e+00 3.1527559053841521e-04 -5.0319114468861145e-06 -5.1810877257434644e-05
2014-11-15T12:21:41.000 7.6780527935075171e-01 -1.7708672527192835e+00 1.3345581699957823e+00 3.0102095000368454e-04 6.8125762709053117e-05 -8.2786794044631225e-05
2014-11-15T12:51:41.000 1.2822815828968721e+00 -1.5853180029229694e+00 1.1614913063069998e+00 2.6756048732900155e-04 1.3693685809078044e-04 -1.0848072485233483e-04
2014-11-15T13:21:41.000 1.7207585023462730e+00 -1.2831479277967457e+00 9.4818925054487391e-01 2.1702905631013181e-04 1.9701107009504612e-04 -1.2725333838896864e-04
2014-11-15T13:51:41.000 2.0552602118832772e+00 -8.8363616617933982e-01 7.0826115954802016e-01 1.5265067728315959e-04 2.4451552720257088e-04 -1.3790689915968809e-04
2014-11-15T14:21:41.000 2.2644447407414070e+00 -4.1227247812809320e-01 4.5701499183464883e-01 7.8532837410717903e-05 2.7641933683332368e-04 -1.3976168570529381e-04
2014-11-15T14:51:41.000 2.3349656395637512e+00 1.0086905944124361e-01 2.1048082515754951e-01 -5.9557626636539154e-07 2.9068696341305941e-04 -1.3269935849356782e-04
2014-11-15T15:21:41.000 2.2623235144916842e+00 6.2304884818970951e-01 -1.5611899384477601e-02 -7.9685990848679412e-05 2.8640809974678791e-04 -1.1717051000954701e-04
2014-11-15T15:51:41.000 2.0511530984483870e+00 1.1209506285126578e+00 -2.0683795110564318e-01 -1.5369225774825230e-04 2.6385574708041377e-04 -9.4165916154531257e-05
2014-11-15T16:21:41.000 1.7149275449731716e+00 1.5628071327998196e+00 -3.5099667237342713e-01 -2.1789260864539406e-04 2.2446879699618605e-04 -6.5153322453956024e-05
2014-11-15T16:51:41.000 1.2750988098895584e+00 1.9204269101244851e+00 -4.3889040857926687e-01 -2.6819091491806386e-04 1.7076022646795384e-04 -3.1983798398888365e-05
2014-11-15T17:21:41.000 7.5972896801062006e-01 2.1709930043004046e+00 -4.6491133918107630e-01 -3.0137803012836653e-04 1.0615676464518860e-04 3.2263648290740679e-06
2014-11-15T17:51:41.000 2.0169978896843699e-01 2.2985187278717021e+00 -4.2739926954553875e-01 -3.1533654072131044e-04 3.4780259507489529e-05 3.8230678629965013e-05
2014-11-15T18:21:41.000 -3.6338519497143462e-01 2.2948676493247362e+00 -3.2874755514414622e-01 -3.0917586189555056e-04 -3.8815305379666541e-05 7.0795788065142767e-05
2014-11-15T18:51:41.000 -8.9947227505378125e-01 2.1602727157848345e+00 -1.7525039999986258e-01 -2.8328905914744469e-04 -1.0993436540868560e-04 9.8843965033502208e-05
2014-11-15T19:21:41.000 -1.3723578748218990e+00 1.9033213905038815e+00 2.3298727853992007e-02 -2.3932776928177563e-04 -1.7403936258147772e-04 1.2058567193842269e-04
2014-11-15T19:51:41.000 -1.7518708161819980e+00 1.5404077531499578e+00 2.5423194193539289e-01 -1.8009682272599289e-04 -2.2704025207591772e-04 1.3463373836318737e-04
2014-11-15T20:21:41.000 -2.0137973092754944e+00 1.0946865201787852e+00 5.0281517732519032e-01 -1.0937528882233768e-04 -2.6555545654931170e-04 1.4009186573786422e-04
2014-11-15T20:51:41.000 -2.1414258473833763e+00 5.9459572125139859e-01 7.5318825753116769e-01 -3.1675362403384650e-05 -2.8712761814408630e-04 1.3661181304526335e-04
2014-11-15T21:21:41.000 -2.1266134391578810e+00 7.2042288121452441e-02 9.8937680990117960e-01 4.8045524262138176e-05 -2.9038038388687018e-04 1.2441561560386664e-04
2014-11-15T21:51:41.000 -1.9703051499337174e+00 -4.3963368036500167e-01 1.1963114670052768e+00 1.2470099708925922e-04 -2.7510621988742154e-04 1.0428141856628719e-04
2014-11-15T22:21:41.000 -1.6824738045524836e+00 -9.0778609206575656e-01 1.3607893264211008e+00 1.9340026229239238e-04 -2.4227965256144469e-04 7.7493829549699046e-05
2014-11-15T22:51:41.000 -1.2814836983463116e+00 -1.3025457570941685e+00 1.4723163262028849e+00 2.4976015041788103e-04 -1.9399509178793226e-04 4.5761957775293955e-05
2014-11-15T23:21:41.000 -7.9291891297284589e-01 -1.5987261100758801e+00 1.5237767898437511e+00 2.9018477218966017e-04 -1.3333320234267901e-04 1.1110368863383773e-05
2014-11-15T23:51:41.000 -2.4795099450176150e-01 -1.7774301698663229e+00 1.5118874225382930e+00 3.1209494464937322e-04 -6.4164350969361569e-05 -2.4250086872537474e-05
2014-11-16T00:21:41.000 3.1864986289448299e-01 -1.8272562105793502e+00 1.4374067930239658e+00 3.1409274904427905e-04 9.0983320785086173e-06 -5.8063331847180868e-05
2014-11-16T00:51:41.000 8.7073323453904383e-01 -1.7450252173450951e+00 1.3050869350176635e+00 2.9605072075863183e-04 8.1780520851295558e-05 -8.8172004035190377e-05
2014-11-16T01:21:41.000 1.3730749438606114e+00 -1.5359837148033999e+00 1.1233701568298176e+00 2.5911998235808294e-04 1.4924492615766224e-04 -1.1265510158416482e-04
2014-11-16T01:51:41.000 1.7936244460281838e+00 -1.2134690268189345e+00 9.0385040267519901e-01 2.0565679902007317e-04 2.0718716532266933e-04 -1.2995054711840732e-04
2014-11-16T02:21:41.000 2.1055497251797686e+00 -7.9805832482262273e-01 6.6053353270793980e-01 1.3907224355762379e-04 2.5191039150757456e-04 -1.3895485180693437e-04
2014-11-16T02:51:41.000 2.2889492380783794e+00 -3.1625575778428844e-01 4.0894371742773311e-01 6.3614562339973433e-05 2.8056116115070901e-04 -1.3909352057539840e-04
2014-11-16T03:21:41.000 2.3321216783023453e+00 2.0119857361771601e-01 1.6513295982743831e-01 -1.5901872851304359e-05 2.9131148979676233e-04 -1.3035770597172560e-04
2014-11-16T03:51:41.000 2.2323125457821296e+00 7.2128990473186150e-01 -5.5343058557792424e-02 -9.4403732343429332e-05 2.8347548199143802e-04 -1.1330477286369103e-04
2014-11-16T04:21:41.000 1.9958898905305813e+00 1.2108352240622433e+00 -2.3841746559948684e-01 -1.6688241874389777e-04 2.5755309300504680e-04 -8.9022737273794779e-05
2014-11-16T04:51:41.000 1.6379380162478658e+00 1.6386004257034190e+00 -3.7240969733547713e-01 -2.2871362680386358e-04 2.1519823014949351e-04 -5.9060848307016599e-05
2014-11-16T05:21:41.000 1.1812950675737071e+00 1.9772931156752300e+00 -4.4877074423840702e-01 -2.7595238467855159e-04 1.5911323017632579e-04 -2.5330742726488710e-05
2014-11-16T05:51:41.000 6.5509590460716582e-01 2.2053039290076177e+00 -4.6262859760871222e-01 -3.0558475201271503e-04 9.2876443795077235e-05 1.0015521918798407e-05
2014-11-16T06:21:41.000 9.2913232116963895e-02 2.3080852566527854e+00 -4.1309909486047902e-01 -3.1572011625286716e-04 2.0713928803054165e-05 4.4722773451070168e-05
2014-11-16T06:51:41.000 -4.6938441522115215e-01 2.2790794158590937e+00 -3.0334233105485497e-01 -3.0571181824268104e-04 -5.2770182008197472e-05 7.6576610212092573e-05
2014-11-16T07:21:41.000 -9.9592116707433131e-01 2.1201370453196535e+00 -1.4036103765458652e-01 -2.7619841002366190e-04 -1.2288743504564322e-04 1.0354468485780882e-04
2014-11-16T07:51:41.000 -1.4531027796743579e+00 1.8413990302095402e+00 6.5446207689521363e-02 -2.2906291426832864e-04 -1.8516418986790650e-04 1.2390637280545007e-04
2014-11-16T08:21:41.000 -1.8117600250778609e+00 1.4606494906068963e+00 3.0094843407900701e-01 -1.6731268303586409e-04 -2.3562704778442534e-04 1.3636255205053805e-04
2014-11-16T08:51:41.000 -2.0490097542929471e+00 1.0021811141821440e+00 5.5112006318397966e-01 -9.4887521596209137e-05 -2.7105636345905792e-04 1.4011848993504086e-04
2014-11-16T09:21:41.000 -2.1497148943551618e+00 4.9524522735517673e-01 7.9999957539014765e-01 -1.6408320213918257e-05 -2.8919166592580625e-04 1.3493454909997295e-04
2014-11-16T09:51:41.000 -2.1074502279944838e+00 -2.7814506048899179e-02 1.0317078911369126e+00 6.3117769380839622e-05 -2.8887588156658255e-04 1.2114147675967823e-04
2014-11-16T10:21:41.000 -1.9249123371771160e+00 -5.3362568376055797e-01 1.2314614921585376e+00 1.3861680152270377e-04 -2.7012915810270213e-04 9.9619302329814473e-05
2014-11-16T10:51:41.000 -1.6137475550719369e+00 -9.8991640085423505e-01 1.3865156438620030e+00 2.0527176611326599e-04 -2.3414757932789201e-04 7.1741189602822188e-05
2014-11-16T11:21:41.000 -1.1938089031548127e+00 -1.3675742707558043e+00 1.4869775383542125e+00 2.5882992458877823e-04 -1.8322685174219930e-04 3.9285825586449872e-05
2014-11-16T11:51:41.000 -6.9188942386826091e-01 -1.6425038611681155e+00 1.5264374779341598e+00 2.9587414442895003e-04 -1.2061583377158840e-04 4.3239364428786417e-06
2014-11-16T12:21:41.000 -1.4001272295124467e-01 -1.7971640382290546e+00 1.5023778286313121e+00 3.1404092018853927e-04 -5.0309250991207522e-05 -3.0913829685730310e-05
2014-11-16T12:51:41.000 4.2661020963260410e-01 -1.8216871304960356e+00 1.4163336508313522e+00 3.1217117007353569e-04 2.3207176603254197e-05 -6.4179223094553976e-05
2014-11-16T13:21:41.000 9.7182754021290896e-01 -1.7145085088048055e+00 1.2737947590465941e+00 2.9038418846640338e-04 9.5242933470925348e-05 -9.3349835921444196e-05
2014-11-16T13:51:41.000 1.4608531616908964e+00 -1.4824664132899588e+00 1.0838554591364287e+00 2.5007003437898726e-04 1.6120197430276182e-04 -1.1656451664457279e-04
2014-11-16T14:21:41.000 1.8624861258789314e+00 -1.1403656579716563e+00 8.5863431091605102e-01 1.9380084260786146e-04 2.1687596206471535e-04 -1.3234211575052394e-04
2014-11-16T14:51:41.000 2.1511013349068837e+00 -7.1003305025202790e-01 6.1250093662503480e-01 1.2516671585280568e-04 2.5871276964582019e-04 -1.3967598655033990e-04
2014-11-16T15:21:41.000 2.3082844813992538e+00 -2.1892479023272257e-01 3.6115920590213141e-01 4.8546667558846172e-05 2.8404311336803782e-04 -1.3809821132484591e-04
2014-11-16T15:51:41.000 2.3240069226104634e+00 3.0162529679620331e-01 1.2064529351021952e-01 -3.1170768682486039e-05 2.9125085960765183e-04 -1.2770945572622091e-04
2014-11-16T16:21:41.000 2.1972655310119822e+00 8.1840492966083134e-01 -9.3695465143208145e-02 -1.0889943888561585e-04 2.7987613786617104e-04 -1.0917254607964734e-04
2014-11-16T16:51:41.000 1.9361466959748295e+00 1.2984423912413663e+00 -2.6818764167663234e-01 -1.7968007690989326e-04 2.5064468116060400e-04 -8.3670179368461588e-05
2014-11-16T17:21:41.000 1.5573103937252208e+00 1.7111101983521333e+00 -3.9169823786384506e-01 -2.3899671688773310e-04 2.0542152304963481e-04 -5.2829464684509918e-05
2014-11-16T17:51:41.000 1.0849272431209251e+00 2.0300792050762411e+00 -4.5634699638100684e-01 -2.8306482208337818e-04 1.4709200399181860e-04 -1.8618109855068883e-05
2014-11-16T18:21:41.000 5.4913636480795658e-01 2.2349984625118711e+00 -4.5800917924207052e-01 -3.0907274699678493e-04 7.9377680115795966e-05 1.6781122776312589e-05
2014-11-16T18:51:41.000 -1.5877563104360157e-02 2.3127936554039836e+00 -3.9657873539546840e-01 -3.1536112695316072e-04 6.5988795208193645e-06 5.1109681567205155e-05
2014-11-16T19:21:41.000 -5.7406536539717234e-01 2.2585012732952068e+00 -2.7597506704458008e-01 -3.0152874883327085e-04 -6.6600944628044778e-05 8.2177326287079830e-05
2014-11-16T19:51:41.000 -1.0898133892102215e+00 2.0755852937956525e+00 -1.0389296286210181e-01 -2.6845814987446550e-04 -1.3555147683001604e-04 1.0800187044455150e-04
2014-11-16T20:21:41.000 -1.5302157362032918e+00 1.7757161729130440e+00 1.0868834705611602e-01 -2.1825930970960659e-04 -1.9585351617972869e-04 1.2693564936266613e-04
2014-11-16T20:51:41.000 -1.8671737337529333e+00 1.3780262434223813e+00 3.4820569104661675e-01 -1.5413502853512680e-04 -2.4365965518175671e-04 1.3777064478029773e-04
2014-11-16T21:21:41.000 -2.0791886943235744e+00 9.0788902842981289e-01 5.9937731714565290e-01 -8.0176581563504574e-05 -2.7591975334825028e-04 1.3981555934526854e-04
2014-11-16T21:51:41.000 -2.1527335806549699e+00 3.9530035270315261e-01 8.4617790371063040e-01 -1.1026860939679102e-06 -2.9057554293710673e-04 1.3293992283803618e-04
2014-11-16T22:21:41.000 -2.0831160614931790e+00 -1.2703545881708347e-01 1.0728610112252190e+00 7.8041563232205701e-05 -2.8669195115003200e-04 1.1758241651028946e-04
2014-11-16T22:51:41.000 -1.8747778931628805e+00 -6.2579219192565438e-01 1.2649637412540946e+00 1.5220658312644378e-04 -2.6451676014307887e-04 9.4722884301421835e-05
2014-11-16T23:21:41.000 -1.5410115250790741e+00 -1.0691480315534823e+00 1.4102295022632672e+00 2.1666047643097334e-04 -2.2546479743573353e-04 6.5819816347102399e-05
2014-11-16T23:51:41.000 -1.1031120117000441e+00 -1.4288158653031204e+00 1.4993900078218800e+00 2.6729093792106243e-04 -1.7202766721660746e-04 3.2717294228459426e-05
2014-11-17T00:21:41.000 -5.8901833917040880e-01 -1.6818480664209197e+00 1.5267566146744111e+00 3.0086762898348538e-04 -1.0761478015563386e-04 -2.4726657495955063e-06
2014-11-17T00:51:41.000 -3.1530854215242751e-02 -1.8121006043693439e+00 1.4905832709820803e+00 3.1524828015671994e-04 -3.6335825018898030e-05 -3.7504864036843435e-05
2014-11-17T01:21:41.000 5.3378147186615343e-01 -1.8112630705352581e+00 1.3931779184520947e+00 3.0951537320441595e-04 3.7261438479753186e-05 -7.0144166589600511e-05
2014-11-17T01:51:41.000 1.0708504254998714e+00 -1.6793889015182404e+00 1.2407552403754034e+00 2.8403468062147255e-04 1.0848133735695753e-04 -9.8308111585479404e-05
2014-11-17T02:21:41.000 1.5454097845196533e+00 -1.4248919695418090e+00 1.0430401506658817e+00 2.4043192857598977e-04 1.7277987986337169e-04 -1.2019977518268046e-04
2014-11-17T02:51:41.000 1.9271815809581667e+00 -1.0640097585516706e+00 8.1264732238365112e-01 1.8148907208806085e-04 2.2605467262817161e-04 -1.3442241944550536e-04
2014-11-17T03:21:41.000 2.1918079050751951e+00 -6.1976737523028058e-01 5.6427634249981917e-01 1.1096679947313738e-04 2.6490666250047064e-04 -1.4006860723070528e-04
2014-11-17T03:51:41.000 2.3224049947347556e+00 -1.2050849520153786e-01 3.1377384510223660e-01 3.3364592345720347e-05 2.8685700403523293e-04 -1.3677809889698993e-04
2014-11-17T04:21:41.000 2.3106404581949480e+00 4.0191302785500777e-01 7.7122460074748711e-02 -4.6366351715391867e-05 2.9050521557397966e-04 -1.2476083643082707e-04
2014-11-17T04:51:41.000 2.1572648997080357e+00 9.1416551137354041e-01 -1.3057891544101674e-01 -1.2313901696697812e-04 2.7561853278902654e-04 -1.0478354847792679e-04
2014-11-17T05:21:41.000 1.8720640291047836e+00 1.3835660804215009e+00 -2.9607846070589150e-01 -1.9205513254703002e-04 2.4314675999884418e-04 -7.8120831526593706e-05
2014-11-17T05:51:41.000 1.4732343114555082e+00 1.7801659096653584e+00 -4.0881692781787149e-01 -2.4871769328296432e-04 1.9516167020759129e-04 -4.6473827625080746e-05
2014-11-17T06:21:41.000 9.8622199098240426e-01 2.0786610269212815e+00 -4.6160134587778867e-01 -2.8951149888675976e-04 1.3472482151025817e-04 -1.1861687711695696e-05
2014-11-17T06:51:41.000 4.4209956249010030e-01 2.2600067640988772e+00 -4.5106394882356138e-01 -3.1183381156627167e-04 6.5692222361972443e-05 2.3507254905498236e-05
2014-11-17T07:21:41.000 -1.2441672376783840e-01 2.3126328501022528e+00 -3.7787704657696586e-01 -3.1426041698978181e-04 -7.5316901463207306e-06 5.7376381124526952e-05
2014-11-17T07:51:41.000 -6.7718183881314764e-01 2.2331816208526432e+00 -2.4671013015789744e-01 -2.9663649218433856e-04 -8.0275063676580013e-05 8.7584763573870074e-05
2014-11-17T08:21:41.000 -1.1809281096454525e+00 2.0267222456480973e+00 -6.5931947485816766e-02 -2.6008648364020853e-04 -1.4789670533167480e-04 1.1220503864820650e-04
2014-11-17T08:51:41.000 -1.6035153768428436e+00 1.7064273029008765e+00 1.5292344162329841e-01 -2.0694236528873288e-04 -2.0608220043302845e-04 1.2966637678050793e-04
2014-11-17T09:21:41.000 -1.9179816107061236e+00 1.2927323391794499e+00 3.9589256508261450e-01 -1.4059485274094859e-04 -2.5111918185319559e-04 1.3885470478932840e-04
2014-11-17T09:51:41.000 -2.1042631493687014e+00 8.1203203517066291e-01 6.4747343954823910e-01 -6.5277068410432177e-05 -2.8013418759946431e-04 1.3918378641949991e-04
2014-11-17T10:21:41.000 -2.1504748064130297e+00 2.9499616513719096e-01 8.9161463222185688e-01 1.4205541487492984e-05 -2.9127599434298075e-04 1.3063262557475443e-04
2014-11-17T10:51:41.000 -2.0536681729466264e+00 -2.2538720527603107e-01 1.1127393791804292e+00 9.2781805508567364e-05 -2.8383372932396737e-04 1.1374680572488586e-04
2014-11-17T11:21:41.000 -1.8200197325669782e+00 -7.1591643204308453e-01 1.2967394180221583e+00 1.6543837907583987e-04 -2.5828222605502022e-04 8.9603680654430106e-05
2014-11-17T11:51:41.000 -1.4644367878889391e+00 -1.1452946333488563e+00 1.4318751272212102e+00 2.2753960731724263e-04 -2.1625172861203265e-04 5.9743636717409869e-05
2014-11-17T12:21:41.000 -1.0096063404722651e+00 -1.4861265022682615e+00 1.5095245408369564e+00 2.7512329042332255e-04 -1.6042387841926854e-04 2.6071812708405224e-05
2014-11-17T12:51:41.000 -4.8454760857654056e-01 -1.7166661894410160e+00 1.5247334494618197e+00 3.0515348119807754e-04 -9.4360619529330368e-05 -9.2634523118513840e-06
2014-11-17T13:21:41.000 7.7239465068970017e-02 -1.8222047378534416e+00 1.4765314900926598e+00 3.1571418494595165e-04 -2.2276938212694212e-05 -4.4007687984949833e-05
2014-11-17T13:51:41.000 6.3991158589565211e-01 -1.7960085477903598e+00 1.3679940575000296e+00 3.0613160472316630e-04 5.1228062482267249e-05 -7.5944132941739326e-05
2014-11-17T14:21:41.000 1.1675689913240008e+00 -1.6397489958238654e+00 1.2060460870332448e+00 2.7701713109826723e-04 1.2146459615356452e-04 -1.0303516930318453e-04
2014-11-17T14:51:41.000 1.6265459373049680e+00 -1.3633957972040494e+00 1.0010202279963973e+00 2.3022833365076223e-04 1.8395141198291167e-04 -1.2355232722163583e-04
2014-11-17T15:21:41.000 1.9875586495356596e+00 -9.8458091530857794e-01 7.6599759707262027e-01 1.6875044426837164e-04 2.3470170885308750e-04 -1.3618656532369939e-04
2014-11-17T15:51:41.000 2.2275736949492888e+00 -5.2747360211123262e-01 5.1597317323742264e-01 9.6505892250935772e-05 2.7047750224992831e-04 -1.4013179043846481e-04
2014-11-17T16:21:41.000 2.3312775670041006e+00 -2.1238345261675368e-02 2.6689908416648389e-01 1.8104044558720908e-05 2.8899621502891337e-04 -1.3513628819793638e-04
2014-11-17T16:51:41.000 2.2920537225867110e+00 5.0182589306544689e-01 3.4666823915475597e-02 -6.1452882382038497e-05 2.8907631130239628e-04 -1.2151878309437705e-04
2014-11-17T17:21:41.000 2.1124047322325743e+00 1.0083464236390920e+00 -1.6590666059745496e-01 -1.3708897551944476e-04 2.7071268059282417e-04 -1.0014810288405810e-04
2014-11-17T17:51:41.000 1.8037926106696105e+00 1.4660060829217081e+00 -3.2202432421353311e-01 -2.0397847980405931e-04 2.3507696437715983e-04 -7.2387745650664880e-05
2014-11-17T18:21:41.000 1.3859075140558512e+00 1.8456051425367870e+00 -4.2372550451939894e-01 -2.5785369263946954e-04 1.8444280260454391e-04 -4.0008885432736686e-05
2014-11-17T18:51:41.000 8.8541146292623729e-01 2.1229243182272102e+00 -4.6452143465428586e-01 -2.9527725269000974e-04 1.2204076996718629e-04 -5.0773671969394196e-06
2014-11-17T19:21:41.000 3.3423724528817644e-01 2.2802700149277197e+00 -4.4180924134588773e-01 -3.1386145163861086e-04 5.1852258320576719e-05 3.0178098620670937e-05
2014-11-17T19:51:41.000 -2.3244896878326315e-01 2.3076032189571958e+00 -3.5703801425746029e-01 -3.1242057525711608e-04 -2.1644545487498702e-05 6.3508133027600101e-05
2014-11-17T20:21:41.000 -7.7849130848009818e-01 2.2031800096209881e+00 -2.1561635068409846e-01 -2.9104655469135930e-04 -9.3760378001553923e-05 9.2786203918649167e-05
2014-11-17T20:51:41.000 -1.2690510288440557e+00 1.9736628255479596e+00 -2.6567274884901626e-02 -2.5110310129027497e-04 -1.5989408490131059e-04 1.1614430373452403e-04
2014-11-17T21:21:41.000 -1.6728293029094217e+00 1.6336953856391041e+00 1.9804745169781535e-01 -1.9513869817272843e-04 -2.1582618507834359e-04 1.3209213248328050e-04
2014-11-17T21:51:41.000 -1.9640641572779236e+00 1.2049683866637848e+00 4.4389689804272903e-01 -1.2672400172166306e-04 -2.5798808314860894e-04 1.3961218236706807e-04
2014-11-17T22:21:41.000 -2.1241741449428670e+00 7.1483558765280764e-01 6.9529530951691743e-01 -5.0224025450036642e-05 -2.8368975409943215e-04 1.3822465713683805e-04
2014-11-17T22:51:41.000 -2.1429438842053314e+00 1.9456857707657363e-01 9.3620289511210497e-01 2.9480358040810761e-05 -2.9129137269525709e-04 1.2801808400024814e-04
2014-11-17T23:21:41.000 -2.0191758228977954e+00 -3.2263842507311596e-01 1.1512492022782350e+00 1.0730382757023501e-04 -2.8030793841439094e-04 1.0964366559291185e-04
2014-11-17T23:51:41.000 -1.7607666452051292e+00 -8.0378643415489170e-01 1.3267137868645822e+00 1.7828106854198800e-04 -2.5144021935284667e-04 8.4273731644672891e-05
