CIC_OEM_VERS = 2.0 
CREATION_DATE = 2014-10-25T05:43:14
ORIGINATOR = CNES 
META_START 
OBJECT_NAME= ROSETTA
OBJECT_ID= ROSETTA
CENTER_NAME = CHURYUMOV-GERASIMENKO
REF_FRAME = EME2000
TIME_SYSTEM = UTC
META_STOP 
2014-11-03T00:00:00.00000000       -21.6427006531       -15.9441043701       -20.0224423218         0.0000074028        -0.0001043896         0.0000859448
2014-11-03T00:47:36.29574215       -21.6199431152       -16.2412007446       -19.7755726013         0.0000085320        -0.0001036377         0.0000869130
2014-11-03T01:36:15.36820733       -21.5933529053       -16.5425861206       -19.5204384460         0.0000096866        -0.0001028525         0.0000878903
2014-11-03T02:24:12.13527434       -21.5638501282       -16.8373366699       -19.2662281494         0.0000108247        -0.0001020616         0.0000888416
2014-11-03T03:12:08.90234134       -21.5310725403       -17.1297849731       -19.0092962646         0.0000119628        -0.0001012535         0.0000897816
2014-11-03T04:00:26.82210744       -21.4947444153       -17.4220100708       -18.7477576294         0.0000131093        -0.0001004223         0.0000907177
2014-11-03T04:48:55.47490945       -21.4549385071       -17.7128660278       -18.4825361023         0.0000142603        -0.0000995712         0.0000916465
2014-11-03T05:37:13.35492363       -21.4119525757       -18.0001643677       -18.2156290283         0.0000154073        -0.0000987071         0.0000925605
2014-11-03T06:25:42.04792263       -21.3654626465       -18.2859916382       -17.9450789185         0.0000165586        -0.0000978241         0.0000934657
2014-11-03T07:14:10.74092194       -21.3156247864       -18.5692296143       -17.6719156494         0.0000177098        -0.0000969252         0.0000943578
2014-11-03T08:02:39.43392125       -21.2624397888       -18.8498303833       -17.3961776428         0.0000188603        -0.0000960100         0.0000952364
2014-11-03T08:50:57.19198440       -21.2061286011       -19.1267034912       -17.1189540405         0.0000200052        -0.0000950813         0.0000960983
2014-11-03T09:39:14.95004755       -21.1465006714       -19.4008600464       -16.8392508240         0.0000211490        -0.0000941356         0.0000969476
2014-11-03T10:27:32.70811070       -21.0835605164       -19.6722525024       -16.5571050110         0.0000222916        -0.0000931728         0.0000977847
2014-11-03T11:15:50.46617385       -21.0173104553       -19.9408298340       -16.2725498352         0.0000234333        -0.0000921937         0.0000986099
2014-11-03T12:03:57.20614524       -20.9480230103       -20.2055402832       -15.9867157593         0.0000245700        -0.0000912028         0.0000994196
2014-11-03T12:52:03.94611693       -20.8754569092       -20.4673718262       -15.6985652161         0.0000257057        -0.0000901968         0.0001002159
2014-11-03T13:40:10.68608863       -20.7996141968       -20.7262777100       -15.4081362915         0.0000268399        -0.0000891757         0.0001009979
2014-11-03T14:28:06.36575363       -20.7208083801       -20.9812356567       -15.1165950317         0.0000279677        -0.0000881432         0.0001017623
2014-11-03T15:16:02.04541895       -20.6387640381       -21.2332048340       -14.8228780518         0.0000290930        -0.0000870946         0.0001025124
2014-11-03T16:03:57.72508426       -20.5534872437       -21.4821340332       -14.5270238647         0.0000302157        -0.0000860296         0.0001032486
2014-11-03T16:51:53.40474926       -20.4649840698       -21.7279737549       -14.2290694885         0.0000313360        -0.0000849484         0.0001039718
2014-11-03T17:39:37.93836918       -20.3736246643       -21.9697492065       -13.9302222290         0.0000324501        -0.0000838557         0.0001046792
2014-11-03T18:27:22.47198910       -20.2790764160       -22.2083729858       -13.6293675232         0.0000335623        -0.0000827482         0.0001053732
2014-11-03T19:15:07.00560934       -20.1813468018       -22.4438081665       -13.3265471191         0.0000346725        -0.0000816264         0.0001060528
2014-11-03T20:02:51.53922926       -20.0804391785       -22.6760054932       -13.0217994385         0.0000357799        -0.0000804906         0.0001067171
2014-11-03T20:50:24.83938410       -19.9767784119       -22.9040380249       -12.7163779602         0.0000368795        -0.0000793449         0.0001073631
2014-11-03T21:37:58.13953893       -19.8699862061       -23.1287808838       -12.4091357727         0.0000379752        -0.0000781842         0.0001079936
2014-11-03T22:25:31.43969377       -19.7600736694       -23.3501904297       -12.1001160278         0.0000390668        -0.0000770080         0.0001086093
2014-11-03T23:12:53.46198218       -19.6475034790       -23.5673639526       -11.7905902100         0.0000401505        -0.0000758211         0.0001092085
2014-11-04T00:00:15.48427090       -19.5318585815       -23.7811455078       -11.4793823547         0.0000412312        -0.0000746193         0.0001097939
2014-11-04T00:47:37.50655961       -19.4131475525       -23.9914933472       -11.1665322571         0.0000423089        -0.0000734034         0.0001103649
2014-11-04T01:34:48.20604997       -19.2918663025       -24.1975422363       -10.8533331909         0.0000433791        -0.0000721793         0.0001109183
2014-11-04T02:21:58.90554065       -19.1675632019       -24.4001134644       -10.5385929565         0.0000444454        -0.0000709424         0.0001114556
2014-11-04T03:09:09.60503132       -19.0402482300       -24.5991635742       -10.2223547974         0.0000455068        -0.0000696923         0.0001119762
2014-11-04T03:56:20.30452200       -18.9099362793       -24.7946563110        -9.9046663818         0.0000465627        -0.0000684286         0.0001124803
2014-11-04T04:43:19.58990176       -18.7771870728       -24.9857862549        -9.5868637390         0.0000476090        -0.0000671557         0.0001129667
2014-11-04T05:30:18.87528151       -18.6414943848       -25.1733049316        -9.2677101746         0.0000486503        -0.0000658683         0.0001134380
2014-11-04T06:17:18.16066127       -18.5028726807       -25.3571749268        -8.9472490845         0.0000496873        -0.0000645668         0.0001138945
2014-11-04T07:04:05.98553156       -18.3619151001       -25.5366343994        -8.6268338013         0.0000507161        -0.0000632576         0.0001143340
2014-11-04T07:50:53.81040154       -18.2180729370       -25.7123964233        -8.3052044678         0.0000517405        -0.0000619364         0.0001147574
2014-11-04T08:37:41.63527183       -18.0713631287       -25.8844367676        -7.9824121094         0.0000527598        -0.0000606036         0.0001151639
2014-11-04T09:24:29.46014181       -17.9217987366       -26.0527155762        -7.6585013733         0.0000537728        -0.0000592593         0.0001155529
2014-11-04T10:11:05.73017699       -17.7700321045       -26.2165331421        -7.3348621216         0.0000547748        -0.0000579085         0.0001159229
2014-11-04T10:57:42.00021249       -17.6154754639       -26.3765606689        -7.0102142029         0.0000557699        -0.0000565447         0.0001162763
2014-11-04T11:44:18.27024768       -17.4581437073       -26.5327517090        -6.6845983887         0.0000567586        -0.0000551675         0.0001166137
2014-11-04T12:30:42.93750274       -17.2987255554       -26.6844498291        -6.3594181519         0.0000577376        -0.0000537831         0.0001169341
2014-11-04T13:17:07.60475781       -17.1365884094       -26.8322755737        -6.0333678894         0.0000587114        -0.0000523866         0.0001172385
2014-11-04T14:03:32.27201287       -16.9717476501       -26.9761992798        -5.7064939575         0.0000596798        -0.0000509791         0.0001175262
2014-11-04T14:49:56.93926763       -16.8042167969       -27.1161842651        -5.3788406067         0.0000606418        -0.0000495616         0.0001177963
2014-11-04T15:36:09.90624008       -16.6347391357       -27.2516486816        -5.0518435059         0.0000615924        -0.0000481403         0.0001180472
2014-11-04T16:22:22.87321254       -16.4626366272       -27.3831571045        -4.7241750183         0.0000625348        -0.0000467087         0.0001182801
2014-11-04T17:08:35.84018500       -16.2879331665       -27.5106810913        -4.3958857117         0.0000634686        -0.0000452659         0.0001184954
2014-11-04T17:54:37.05729757       -16.1114089355       -27.6336755981        -4.0684188843         0.0000643906        -0.0000438173         0.0001186931
2014-11-04T18:40:38.27440983       -15.9323465881       -27.7526483765        -3.7404263916         0.0000653056        -0.0000423567         0.0001188742
2014-11-04T19:26:39.49152240       -15.7507692871       -27.8675792236        -3.4119596558         0.0000662142        -0.0000408852         0.0001190388
2014-11-04T20:12:28.90856162       -15.5674819336       -27.9779627686        -3.0844661865         0.0000671125        -0.0000394101         0.0001191854
2014-11-04T20:58:18.32560084       -15.3817346497       -28.0842789307        -2.7565939636         0.0000680035        -0.0000379267         0.0001193142
2014-11-04T21:44:07.74264005       -15.1935491333       -28.1865054932        -2.4283929749         0.0000688859        -0.0000364353         0.0001194245
2014-11-04T22:29:57.15967927       -15.0029506226       -28.2846217651        -2.0999148865         0.0000697589        -0.0000349356         0.0001195162
2014-11-04T23:15:34.67448031       -14.8108067017       -28.3782052612        -1.7726334839         0.0000706181        -0.0000334333         0.0001195895
2014-11-05T00:01:12.18928136       -14.6163233948       -28.4676614990        -1.4451752625         0.0000714679        -0.0000319209         0.0001196451
2014-11-05T00:46:49.70408240       -14.4195259705       -28.5529639893        -1.1175887756         0.0000723091        -0.0000303979         0.0001196836
2014-11-05T01:32:15.26467035       -14.2213112793       -28.6337387695        -0.7913518677         0.0000731388        -0.0000288717         0.0001197046
2014-11-05T02:17:40.82525830       -14.0208446045       -28.7103406372        -0.4650808105         0.0000739611        -0.0000273369         0.0001197082
2014-11-05T03:03:06.38584624       -13.8181483765       -28.7827501831        -0.1388252563         0.0000747752        -0.0000257950         0.0001196935
2014-11-05T03:48:31.94643388       -13.6132437134       -28.8509446411         0.1873670654         0.0000755799        -0.0000242471         0.0001196602
2014-11-05T04:33:45.44701915       -13.4070819092       -28.9146401978         0.5119995117         0.0000763706        -0.0000227001         0.0001196083
2014-11-05T05:18:58.94760443       -13.1987900696       -28.9741301270         0.8364653320         0.0000771500        -0.0000211463         0.0001195379
2014-11-05T06:04:12.44819003       -12.9884002991       -29.0293975830         1.1607134094         0.0000779183        -0.0000195845         0.0001194493
2014-11-05T06:49:25.94877531       -12.7759382629       -29.0804111328         1.4846988525         0.0000786763        -0.0000180140         0.0001193429
2014-11-05T07:34:27.28119648       -12.5623988647       -29.1269514160         1.8069204407         0.0000794216        -0.0000164418         0.0001192191
2014-11-05T08:19:28.61361765       -12.3468572693       -29.1692333374         2.1287842407         0.0000801583        -0.0000148622         0.0001190775
2014-11-05T09:04:29.94603882       -12.1293376160       -29.2072397461         2.4502406921         0.0000808860        -0.0000132767         0.0001189175
2014-11-05T09:49:19.05523652       -11.9108630676       -29.2408150635         2.7697881775         0.0000816005        -0.0000116942         0.0001187397
2014-11-05T10:34:08.16443422       -11.6904824524       -29.2701309204         3.0888318176         0.0000823037        -0.0000101080         0.0001185432
2014-11-05T11:18:57.27363161       -11.4682265320       -29.2951735229         3.4073234253         0.0000829946        -0.0000085176         0.0001183282
2014-11-05T12:03:46.38282931       -11.2441303406       -29.3159349976         3.7252104187         0.0000836729        -0.0000069219         0.0001180946
2014-11-05T12:48:23.15666373       -11.0192671204       -29.3323311157         4.0409913330         0.0000843362        -0.0000053270         0.0001178440
2014-11-05T13:32:59.93049816       -10.7926434021       -29.3444497681         4.3560764771         0.0000849885        -0.0000037251         0.0001175753
2014-11-05T14:17:36.70433227       -10.5642854309       -29.3522676392         4.6704198914         0.0000856309        -0.0000021169         0.0001172883
2014-11-05T15:02:13.47816670       -10.3342227173       -29.3557770996         4.9839690552         0.0000862633        -0.0000005041         0.0001169828
2014-11-05T15:46:37.80189012       -10.1035617981       -29.3549771118         5.2952240906         0.0000868824         0.0000011041         0.0001166604
2014-11-05T16:31:02.12561385        -9.8712685852       -29.3498946533         5.6055933533         0.0000874898         0.0000027139         0.0001163195
2014-11-05T17:15:26.44933728        -9.6373721313       -29.3405170288         5.9150321350         0.0000880842         0.0000043252         0.0001159602
2014-11-05T17:59:50.77306070        -9.4019106140       -29.3268434448         6.2234892883         0.0000886649         0.0000059389         0.0001155827
2014-11-05T18:44:02.52921939        -9.1660411987       -29.3089607544         6.5294682922         0.0000892293         0.0000075487         0.0001151887
2014-11-05T19:28:14.28537808        -8.9286926270       -29.2868040771         6.8343779602         0.0000897811         0.0000091633         0.0001147764
2014-11-05T20:12:26.04153677        -8.6898959351       -29.2603571777         7.1381707458         0.0000903212         0.0000107827         0.0001143457
2014-11-05T20:56:37.79769547        -8.4496821594       -29.2296130371         7.4407958984         0.0000908503         0.0000124057         0.0001138964
2014-11-05T21:40:36.86602567        -8.2092387085       -29.1947391357         7.7407667542         0.0000913660         0.0000140226         0.0001134310
2014-11-05T22:24:35.93435619        -7.9674519348       -29.1556039429         8.0394825745         0.0000918698         0.0000156394         0.0001129476
2014-11-05T23:08:35.00268640        -7.7243500977       -29.1121964722         8.3369021301         0.0000923604         0.0000172553         0.0001124462
2014-11-05T23:52:34.07101661        -7.4799725342       -29.0645261841         8.6329748230         0.0000928367         0.0000188705         0.0001119271
2014-11-06T00:36:20.32833547        -7.2355533447       -29.0128557739         8.9262266846         0.0000932960         0.0000204786         0.0001113928
2014-11-06T01:20:06.58565434        -6.9899461975       -28.9569589233         9.2180520020         0.0000937409         0.0000220886         0.0001108404
2014-11-06T02:03:52.84297351        -6.7431904297       -28.8968359375         9.5084000854         0.0000941725         0.0000237012         0.0001102697
2014-11-06T02:47:39.10029238        -6.4953156128       -28.8324687500         9.7972276306         0.0000945917         0.0000253161         0.0001096805
2014-11-06T03:31:12.42038290        -6.2475841675       -28.7642069092        10.0830729065         0.0000949971         0.0000269237         0.0001090760
2014-11-06T04:14:45.74047373        -5.9988102112       -28.6917481689        10.3673135681         0.0000953904         0.0000285301         0.0001084537
2014-11-06T04:58:19.06056456        -5.7490249939       -28.6150952148        10.6499052734         0.0000957707         0.0000301337         0.0001078142
2014-11-06T05:41:52.38065539        -5.4982639465       -28.5342545166        10.9308041077         0.0000961367         0.0000317339         0.0001071577
2014-11-06T06:25:25.70074591        -5.2465652161       -28.4492326660        11.2099666748         0.0000964874         0.0000333314         0.0001064842
2014-11-06T07:08:45.88857512        -4.9952447205       -28.3605041504        11.4859537659         0.0000968207         0.0000349196         0.0001057969
2014-11-06T07:52:06.07640403        -4.7430747070       -28.2676395264        11.7601341858         0.0000971391         0.0000365076         0.0001050919
2014-11-06T08:35:26.26423293        -4.4900958252       -28.1706469727        12.0324570923         0.0000974434         0.0000380958         0.0001043687
2014-11-06T09:18:46.45206184        -4.2363434143       -28.0695259399        12.3028755493         0.0000977346         0.0000396836         0.0001036274
2014-11-06T10:02:06.63989105        -3.9818508606       -27.9642810669        12.5713420105         0.0000980132         0.0000412692         0.0001028683
2014-11-06T10:45:13.49342326        -3.7279592285       -27.8554844360        12.8364536133         0.0000982775         0.0000428427         0.0001020963
2014-11-06T11:28:20.34695577        -3.4734029541       -27.7426281128        13.0995452881         0.0000985279         0.0000444108         0.0001013081
2014-11-06T12:11:27.20048829        -3.2182187500       -27.6257239990        13.3605772095         0.0000987632         0.0000459732         0.0001005042
2014-11-06T12:54:34.05402081        -2.9624458923       -27.5047830811        13.6195097656         0.0000989825         0.0000475308         0.0000996843
2014-11-06T13:37:40.90755332        -2.7061268921       -27.3798179321        13.8762997437         0.0000991854         0.0000490849         0.0000988478
2014-11-06T14:20:34.21734989        -2.4506486816       -27.2515193481        14.1295774536         0.0000993717         0.0000506284         0.0000979985
2014-11-06T15:03:27.52714647        -2.1947100525       -27.1192519531        14.3806468811         0.0000995435         0.0000521696         0.0000971316
2014-11-06T15:46:20.83694304        -1.9383471069       -26.9830224609        14.6294628601         0.0000997016         0.0000537076         0.0000962472
2014-11-06T16:29:14.14673992        -1.6815956726       -26.8428446045        14.8759796448         0.0000998465         0.0000552406         0.0000953461
2014-11-06T17:12:07.45653649        -1.4244877625       -26.6987277832        15.1201581116         0.0000999778         0.0000567670         0.0000944293
2014-11-06T17:54:47.00531807        -1.1684366150       -26.5514926147        15.3606728821         0.0001000941         0.0000582775         0.0000935027
2014-11-06T18:37:26.55409997        -0.9121098022       -26.4004062500        15.5987949829         0.0001001948         0.0000597803         0.0000925617
2014-11-06T19:20:06.10288155        -0.6555438843       -26.2454777832        15.8344924316         0.0001002791         0.0000612760         0.0000916060
2014-11-06T20:02:45.65166313        -0.3987842712       -26.0867298584        16.0677232666         0.0001003466         0.0000627659         0.0000906346
2014-11-06T20:45:25.20044502        -0.1418737488       -25.9241784668        16.2984453735         0.0001003980         0.0000642508         0.0000896468
2014-11-06T21:28:04.74922691         0.1151483459       -25.7578332520        16.5266171875         0.0001004343         0.0000657306         0.0000886421
2014-11-06T22:10:30.23455379         0.3708332825       -25.5886499634        16.7509652405         0.0001004564         0.0000671965         0.0000876266
2014-11-06T22:52:55.71988036         0.6265587769       -25.4157399902        16.9727104492         0.0001004649         0.0000686550         0.0000865956
2014-11-06T23:35:21.20520724         0.8822869263       -25.2391330566        17.1918109741         0.0001004596         0.0000701045         0.0000855505
2014-11-07T00:17:46.69053443         1.1379820557       -25.0588522339        17.4082325439         0.0001004397         0.0000715441         0.0000844922
2014-11-07T01:00:12.17586132         1.3936079407       -24.8749161987        17.6219456482         0.0001004040         0.0000729737         0.0000834210
2014-11-07T01:42:37.66118788         1.6491229858       -24.6873498535        17.8329165649         0.0001003515         0.0000743941         0.0000823364
2014-11-07T02:25:03.14651476         1.9044814453       -24.4961819458        18.0411068726         0.0001002820         0.0000758061         0.0000812373
2014-11-07T03:07:14.16885682         2.1581928101       -24.3025454712        18.2453217163         0.0001001965         0.0000772026         0.0000801292
2014-11-07T03:49:25.19119889         2.4116674500       -24.1053864136        18.4467110291         0.0001000957         0.0000785915         0.0000790056
2014-11-07T04:31:36.21354095         2.6648694153       -23.9047199707        18.6452382812         0.0000999805         0.0000799719         0.0000778667
2014-11-07T05:13:47.23588301         2.9177620544       -23.7005717773        18.8408649292         0.0000998516         0.0000813426         0.0000767139
2014-11-07T05:55:58.25822507         3.1703107910       -23.4929692993        19.0335570068         0.0000997088         0.0000827022         0.0000755485
2014-11-07T06:38:09.28056713         3.4224796753       -23.2819407349        19.2232845154         0.0000995513         0.0000840499         0.0000743715
2014-11-07T07:20:20.30290919         3.6742309265       -23.0675149536        19.4100196838         0.0000993781         0.0000853856         0.0000731833
2014-11-07T08:02:16.43688464         3.9240451355       -22.8510159912        19.5926600952         0.0000991894         0.0000867020         0.0000719905
2014-11-07T08:44:12.57086009         4.1733633728       -22.6312186890        19.7722832031         0.0000989837         0.0000880077         0.0000707849
2014-11-07T09:26:08.70483522         4.4221443481       -22.4081452637        19.9488574829         0.0000987616         0.0000893033         0.0000695655
2014-11-07T10:08:04.83881067         4.6703454590       -22.1818282471        20.1223440247         0.0000985239         0.0000905887         0.0000683320
2014-11-07T10:50:00.97278612         4.9179299011       -21.9522900391        20.2927095947         0.0000982717         0.0000918633         0.0000670848
2014-11-07T11:31:57.10676156         5.1648627319       -21.7195598755        20.4599210205         0.0000980058         0.0000931260         0.0000658251
2014-11-07T12:13:53.24073670         5.4111102600       -21.4836647949        20.6239508667         0.0000977262         0.0000943758         0.0000645546
2014-11-07T12:55:49.37471214         5.6566353760       -21.2446461792        20.7847692871         0.0000974323         0.0000956119         0.0000632743
2014-11-07T13:37:30.07228249         5.8999046326       -21.0040241089        20.9414003906         0.0000971249         0.0000968266         0.0000619925
2014-11-07T14:19:10.76985316         6.1423826599       -20.7603880615        21.0948109741         0.0000968014         0.0000980278         0.0000607010
2014-11-07T15:00:51.46742383         6.3840311890       -20.5137631836        21.2449792480         0.0000964612         0.0000992160         0.0000593987
2014-11-07T15:42:32.16499449         6.6248093567       -20.2641808472        21.3918771667         0.0000961047         0.0001003916         0.0000580845
2014-11-07T16:24:12.86256485         6.8646771851       -20.0116718750        21.5354740906         0.0000957326         0.0001015546         0.0000567579
2014-11-07T17:05:53.56013551         7.1035945435       -19.7562755737        21.6757362366         0.0000953461         0.0001027046         0.0000554193
2014-11-07T17:47:34.25770618         7.3415288391       -19.4980189209        21.8126379395         0.0000949461         0.0001038408         0.0000540699
2014-11-07T18:29:14.95527685         7.5784459229       -19.2369403687        21.9461528320         0.0000945328         0.0001049624         0.0000527114
2014-11-07T19:10:55.65284751         7.8143124084       -18.9730760498        22.0762603455         0.0000941058         0.0001060688         0.0000513449
2014-11-07T19:52:36.35041787         8.0490948181       -18.7064586182        22.2029443359         0.0000936640         0.0001071597         0.0000499711
2014-11-07T20:34:00.80969273         8.2812370911       -18.4388970337        22.3253909912         0.0000932097         0.0001082281         0.0000485986
2014-11-07T21:15:25.26896729         8.5122327576       -18.1686945190        22.4444195251         0.0000927392         0.0001092814         0.0000472174
2014-11-07T21:56:49.72824215         8.7420370789       -17.8959003906        22.5600014648         0.0000922528         0.0001103198         0.0000458264
2014-11-07T22:38:14.18751671         8.9706159058       -17.6205392456        22.6721175537         0.0000917512         0.0001113433         0.0000444252
2014-11-07T23:19:38.64679126         9.1979307251       -17.3426533813        22.7807401123         0.0000912355         0.0001123519         0.0000430139
2014-11-08T00:01:03.10606613         9.4239467163       -17.0622847290        22.8858429260         0.0000907066         0.0001133450         0.0000415937
2014-11-08T00:42:27.56534068         9.6486339417       -16.7794647217        22.9874096985         0.0000901650         0.0001143221         0.0000401661
2014-11-08T01:23:52.02461523         9.8719595642       -16.4942377319        23.0854214478         0.0000896104         0.0001152827         0.0000387323
2014-11-08T02:05:16.48389010        10.0938890381       -16.2066495972        23.1798623657         0.0000890421         0.0001162265         0.0000372933
2014-11-08T02:46:40.94316466        10.3143905029       -15.9167320557        23.2707242126         0.0000884591         0.0001171532         0.0000358488
2014-11-08T03:28:05.40243952        10.5334225464       -15.6245391846        23.3579867554         0.0000878608         0.0001180627         0.0000343979
2014-11-08T04:09:29.86171408        10.7509505920       -15.3301032715        23.4416380615         0.0000872471         0.0001189552         0.0000329397
2014-11-08T04:50:36.94714779        10.9654288330       -15.0355570679        23.5211076660         0.0000866231         0.0001198247         0.0000314838
2014-11-08T05:31:44.03258119        11.1783527832       -14.7388808594        23.5969783325         0.0000859854         0.0001206773         0.0000300199
2014-11-08T06:12:51.11801491        11.3896859436       -14.4401267090        23.6692263184         0.0000853351         0.0001215130         0.0000285490
2014-11-08T06:53:58.20344863        11.5993993530       -14.1393331299        23.7378374939         0.0000846728         0.0001223315         0.0000270725
2014-11-08T07:35:05.28888234        11.8074651489       -13.8365395508        23.8028014526         0.0000839985         0.0001231326         0.0000255917
2014-11-08T08:16:12.37431575        12.0138533020       -13.5317878418        23.8641098022         0.0000833116         0.0001239157         0.0000241075
2014-11-08T08:57:19.45974946        12.2185283508       -13.2251323853        23.9217499084         0.0000826114         0.0001246807         0.0000226202
2014-11-08T09:38:26.54518286        12.4214602661       -12.9166078491        23.9757185669         0.0000818971         0.0001254272         0.0000211292
2014-11-08T10:19:33.63061658        12.6226107788       -12.6062677002        24.0260016479         0.0000811684         0.0001261550         0.0000196335
2014-11-08T11:00:40.71605030        12.8219464722       -12.2941550903        24.0725878601         0.0000804258         0.0001268642         0.0000181323
2014-11-08T11:41:47.80148401        13.0194342041       -11.9803150635        24.1154641724         0.0000796702         0.0001275548         0.0000166255
2014-11-08T12:22:54.88691742        13.2150434875       -11.6647915649        24.1546177979         0.0000789025         0.0001282269         0.0000151137
2014-11-08T13:04:01.97235113        13.4087428589       -11.3476369629        24.1900341492         0.0000781234         0.0001288806         0.0000135979
2014-11-08T13:45:09.05778453        13.6005086975       -11.0288869019        24.2217102966         0.0000773332         0.0001295158         0.0000120795
2014-11-08T14:26:16.14321825        13.7903094482       -10.7085976562        24.2496363831         0.0000765316         0.0001301321         0.0000105598
2014-11-08T15:07:23.22865197        13.9781179199       -10.3868104248        24.2738123779         0.0000757178         0.0001307292         0.0000090390
2014-11-08T15:48:30.31408537        14.1639040222       -10.0635718384        24.2942365417         0.0000748913         0.0001313066         0.0000075171
2014-11-08T16:29:37.39951909        14.3476337891        -9.7389365845        24.3109019165         0.0000740517         0.0001318640         0.0000059932
2014-11-08T17:10:24.90490945        14.5278438721        -9.4155408936        24.3237180481         0.0000732059         0.0001323970         0.0000044786
2014-11-08T17:51:12.41030013        14.7059675598        -9.0908694458        24.3328214417         0.0000723482         0.0001329103         0.0000029610
2014-11-08T18:31:59.91569049        14.8819799805        -8.7649596558        24.3382095337         0.0000714793         0.0001334040         0.0000014404
2014-11-08T19:12:47.42108117        15.0558503113        -8.4378721924        24.3398701782         0.0000706000         0.0001338785        -0.0000000821
2014-11-08T19:53:34.92647154        15.2275584412        -8.1096411743        24.3378058167         0.0000697107         0.0001343338        -0.0000016055
2014-11-08T20:34:22.43186190        15.3970780945        -7.7803181152        24.3320139160         0.0000688113         0.0001347699        -0.0000031285
2014-11-08T21:15:09.93725258        15.5643820190        -7.4499571533        24.3224927979         0.0000679015         0.0001351864        -0.0000046504
2014-11-08T21:55:57.44264295        15.7294473877        -7.1185954590        24.3092511902         0.0000669805         0.0001355829        -0.0000061711
2014-11-08T22:36:44.94803363        15.8922426147        -6.7862955933        24.2922852783         0.0000660482         0.0001359587        -0.0000076910
2014-11-08T23:17:32.45342399        16.0527438660        -6.4530960083        24.2716024170         0.0000651044         0.0001363136        -0.0000092108
2014-11-08T23:58:19.95881435        16.2109216309        -6.1190525513        24.2471995544         0.0000641497         0.0001366476        -0.0000107311
2014-11-09T00:39:07.46420503        16.3667488403        -5.7842213135        24.2190730286         0.0000631847         0.0001369609        -0.0000122520
2014-11-09T01:19:54.96959540        16.5202041626        -5.4486433716        24.1872263489         0.0000622102         0.0001372539        -0.0000137729
2014-11-09T02:00:42.47498576        16.6712621460        -5.1123757935        24.1516563416         0.0000612268         0.0001375271        -0.0000152929
2014-11-09T02:41:29.98037644        16.8199019470        -4.7754650269        24.1123677673         0.0000602346         0.0001377805        -0.0000168110
2014-11-09T03:22:17.48576681        16.9661037903        -4.4379549561        24.0693690186         0.0000592334         0.0001380140        -0.0000183260
2014-11-09T04:03:04.99115749        17.1098423767        -4.0999019165        24.0226645813         0.0000582227         0.0001382271        -0.0000198376
2014-11-09T04:43:52.49654785        17.2510964661        -3.7613490601        23.9722665710         0.0000572022         0.0001384192        -0.0000213458
2014-11-09T05:24:40.00193821        17.3898411255        -3.4223528442        23.9181805420         0.0000561719         0.0001385897        -0.0000228512
2014-11-09T06:05:27.50732889        17.5260504150        -3.0829702148        23.8604108582         0.0000551320         0.0001387386        -0.0000243543
2014-11-09T06:46:15.01271926        17.6597050781        -2.7432446899        23.7989671326         0.0000540831         0.0001388660        -0.0000258554
2014-11-09T07:27:02.51810994        17.7907807617        -2.4032367554        23.7338499451         0.0000530257         0.0001389723        -0.0000273545
2014-11-09T08:07:50.02350030        17.9192598267        -2.0629916382        23.6650681152         0.0000519606         0.0001390582        -0.0000288509
2014-11-09T08:48:37.52889067        18.0451233521        -1.7225587769        23.5926292419         0.0000508879         0.0001391239        -0.0000303436
2014-11-09T09:29:25.03428135        18.1683502808        -1.3819951782        23.5165395813         0.0000498076         0.0001391695        -0.0000318317
2014-11-09T10:10:12.53967203        18.2889241638        -1.0413440552        23.4368150330         0.0000487196         0.0001391947        -0.0000333143
2014-11-09T10:51:00.04506239        18.4068271790        -0.7006520996        23.3534710083         0.0000476236         0.0001391989        -0.0000347911
2014-11-09T11:31:47.55045275        18.5220365906        -0.3599796143        23.2665174866         0.0000465195         0.0001391815        -0.0000362625
2014-11-09T12:12:35.05584343        18.6345334778        -0.0193774414        23.1759687805         0.0000454076         0.0001391422        -0.0000377286
2014-11-09T12:53:22.56123380        18.7443011780         0.3211049805        23.0818393860         0.0000442883         0.0001390809        -0.0000391900
2014-11-09T13:34:10.06662448        18.8513195190         0.6614072266        22.9841371765         0.0000431621         0.0001389981        -0.0000406467
2014-11-09T14:14:57.57201484        18.9555742798         1.0014837646        22.8828768005         0.0000420295         0.0001388943        -0.0000420986
2014-11-09T14:55:45.07740521        19.0570506287         1.3412831421        22.7780703735         0.0000408909         0.0001387702        -0.0000435449
2014-11-09T15:36:32.58279589        19.1557315369         1.6807495728        22.6697296448         0.0000397465         0.0001386260        -0.0000449847
2014-11-09T16:17:20.08818625        19.2516055908         2.0198421631        22.5578756714         0.0000385962         0.0001384616        -0.0000464171
2014-11-09T16:58:07.59357693        19.3446554871         2.3585037842        22.4425239563         0.0000374399         0.0001382767        -0.0000478414
2014-11-09T17:38:55.09896729        19.4348688965         2.6966897583        22.3236974487         0.0000362776         0.0001380707        -0.0000492576
2014-11-09T18:19:42.60435766        19.5222303467         3.0343458862        22.2014149475         0.0000351092         0.0001378429        -0.0000506659
2014-11-09T19:00:30.10974834        19.6067239380         3.3714131470        22.0756923828         0.0000339352         0.0001375933        -0.0000520669
2014-11-09T19:41:17.61513870        19.6883392944         3.7078486328        21.9465524902         0.0000327558         0.0001373221        -0.0000534608
2014-11-09T20:22:05.12052938        19.7670603943         4.0435895386        21.8140068970         0.0000315716         0.0001370297        -0.0000548479
2014-11-09T21:02:52.62591975        19.8428781738         4.3785924683        21.6780765991         0.0000303827         0.0001367169        -0.0000562277
2014-11-09T21:43:40.13131042        19.9157801208         4.7128026733        21.5387774658         0.0000291895         0.0001363842        -0.0000575995
2014-11-09T22:24:27.63670079        19.9857576904         5.0461783447        21.3961336060         0.0000279921         0.0001360319        -0.0000589623
2014-11-09T23:05:15.14209115        20.0527996521         5.3786686401        21.2501666565         0.0000267904         0.0001356597        -0.0000603154
2014-11-09T23:46:02.64748183        20.1168932495         5.7102159424        21.1008970337         0.0000255846         0.0001352671        -0.0000616582
2014-11-10T00:26:19.93675636        20.1772956238         6.0367077637        20.9502593079         0.0000243897         0.0001348588        -0.0000629744
2014-11-10T01:06:37.22603088        20.2348049316         6.3621875000        20.7964517212         0.0000231910         0.0001344297        -0.0000642809
2014-11-10T01:46:54.51530540        20.2894119263         6.6866036377        20.6394963074         0.0000219887         0.0001339798        -0.0000655783
2014-11-10T02:27:11.80457993        20.3411091919         7.0099085083        20.4794159546         0.0000207833         0.0001335095        -0.0000668669
2014-11-10T03:07:29.09385476        20.3898869324         7.3320466919        20.3162284241         0.0000195749         0.0001330193        -0.0000681468
2014-11-10T03:47:46.38312929        20.4357417908         7.6529810791        20.1499604187         0.0000183637         0.0001325099        -0.0000694174
2014-11-10T04:28:03.67240381        20.4786655884         7.9726614990        19.9806327515         0.0000171499         0.0001319819        -0.0000706780
2014-11-10T05:08:20.96167834        20.5186528015         8.2910446167        19.8082714844         0.0000159336         0.0001314354        -0.0000719277
2014-11-10T05:48:38.25095286        20.5556972046         8.6080841675        19.6329032288         0.0000147151         0.0001308702        -0.0000731659
2014-11-10T06:28:55.54022738        20.5897927856         8.9237327881        19.4545557861         0.0000134943         0.0001302856        -0.0000743920
2014-11-10T07:09:12.82950191        20.6209352112         9.2379447021        19.2732590637         0.0000122716         0.0001296813        -0.0000756063
2014-11-10T07:49:30.11877674        20.6491185608         9.5506681519        19.0890390625         0.0000110473         0.0001290569        -0.0000768092
2014-11-10T08:29:47.40805127        20.6743416138         9.8618612061        18.9019265137         0.0000098213         0.0001284125        -0.0000780011
2014-11-10T09:10:04.69732579        20.6966001587        10.1714741211        18.7119459534         0.0000085941         0.0001277486        -0.0000791824
2014-11-10T09:50:21.98660031        20.7158900757        10.4794584961        18.5191222534         0.0000073656         0.0001270659        -0.0000803531
2014-11-10T10:30:39.27587484        20.7322093811        10.7857713623        18.3234823303         0.0000061360         0.0001263650        -0.0000815127
2014-11-10T11:10:56.56514968        20.7455530701        11.0903629150        18.1250507507         0.0000049054         0.0001256466        -0.0000826603
2014-11-10T11:51:13.85442420        20.7559233398        11.3932023926        17.9238632813         0.0000036742         0.0001249106        -0.0000837951
2014-11-10T12:31:31.14369872        20.7633163757        11.6942402954        17.7199484558         0.0000024425         0.0001241567        -0.0000849164
2014-11-10T13:11:48.43297325        20.7677316895        11.9934335327        17.5133396301         0.0000012106         0.0001233845        -0.0000860239
2014-11-10T13:52:05.72224777        20.7691698914        12.2907384033        17.3040707397        -0.0000000211         0.0001225934        -0.0000871179
2014-11-10T14:32:23.01152229        20.7676310730        12.5861083374        17.0921731262        -0.0000012524         0.0001217833        -0.0000881989
2014-11-10T15:12:40.30079682        20.7631158447        12.8794957275        16.8776768799        -0.0000024834         0.0001209543        -0.0000892674
2014-11-10T15:52:57.59007165        20.7556232300        13.1708515625        16.6606098328        -0.0000037140         0.0001201071        -0.0000903238
2014-11-10T16:33:14.87934618        20.7451591187        13.4601447144        16.4410071411        -0.0000049441         0.0001192423        -0.0000913680
2014-11-10T17:13:32.16862070        20.7317218323        13.7473269653        16.2188958435        -0.0000061738         0.0001183608        -0.0000923992
2014-11-10T17:53:49.45789522        20.7153125916        14.0323572998        15.9943076172        -0.0000074027         0.0001174629        -0.0000934167
2014-11-10T18:34:06.74716975        20.6959344177        14.3151989136        15.7672779541        -0.0000086305         0.0001165486        -0.0000944196
2014-11-10T19:14:24.03644459        20.6735880432        14.5958047485        15.5378396301        -0.0000098567         0.0001156177        -0.0000954072
2014-11-10T19:54:41.32571880        20.6482829895        14.8741485596        15.3060368958        -0.0000110810         0.0001146696        -0.0000963796
2014-11-10T20:34:58.61499363        20.6200181580        15.1501712036        15.0718978271        -0.0000123031         0.0001137039        -0.0000973370
2014-11-10T21:15:15.90426816        20.5888041382        15.4238441162        14.8354646912        -0.0000135229         0.0001127205        -0.0000982802
2014-11-10T21:55:33.19354268        20.5546431274        15.6951161499        14.5967670593        -0.0000147406         0.0001117196        -0.0000992096
2014-11-10T22:35:50.48281720        20.5175412292        15.9639486084        14.3558390198        -0.0000159563         0.0001107019        -0.0001001256
2014-11-10T23:16:07.77209204        20.4775018005        16.2302977295        14.1127114868        -0.0000171700         0.0001096683        -0.0001010279
2014-11-10T23:56:25.06136657        20.4345326843        16.4941342163        13.8674223938        -0.0000183816         0.0001086194        -0.0001019156
2014-11-11T00:36:42.35064109        20.3886372070        16.7554160767        13.6200052490        -0.0000195907         0.0001075556        -0.0001027880
2014-11-11T01:16:59.63991561        20.3398229065        17.0141099243        13.3704996948        -0.0000207968         0.0001064770        -0.0001036441
2014-11-11T01:57:16.92919014        20.2880971985        17.2701769409        13.1189441833        -0.0000219992         0.0001053832        -0.0001044835
2014-11-11T02:37:34.21846497        20.2334678040        17.5235762939        12.8653770447        -0.0000231977         0.0001042737        -0.0001053065
2014-11-11T03:17:51.50773950        20.1759486084        17.7742800903        12.6098429260        -0.0000243919         0.0001031480        -0.0001061135
2014-11-11T03:58:08.79701402        20.1155473633        18.0222428589        12.3523765564        -0.0000255821         0.0001020060        -0.0001069053
2014-11-11T04:38:26.08628854        20.0522728271        18.2674238892        12.0930130615        -0.0000267687         0.0001008482        -0.0001076823
2014-11-11T05:18:43.37556307        19.9861351318        18.5097899780        11.8317899780        -0.0000279517         0.0000996753        -0.0001084447
2014-11-11T05:59:00.66483791        19.9171400146        18.7492984619        11.5687398071        -0.0000291314         0.0000984882        -0.0001091920
2014-11-11T06:39:17.95411243        19.8452994080        18.9859259033        11.3039047852        -0.0000303073         0.0000972876        -0.0001099233
2014-11-11T07:19:35.24338695        19.7706208801        19.2196342773        11.0373215027        -0.0000314789         0.0000960740        -0.0001106377
2014-11-11T07:59:52.53266148        19.6931163025        19.4503933716        10.7690325623        -0.0000326455         0.0000948472        -0.0001113346
2014-11-11T08:40:09.82193600        19.6127989807        19.6781715088        10.4990809326        -0.0000338063         0.0000936069        -0.0001120137
2014-11-11T09:20:27.11121052        19.5296823730        19.9029335327        10.2275081177        -0.0000349612         0.0000923525        -0.0001126755
2014-11-11T10:00:44.40048536        19.4437806702        20.1246430054         9.9543545837        -0.0000361101         0.0000910834        -0.0001133207
2014-11-11T10:41:01.68975988        19.3551091919        20.3432702637         9.6796623840        -0.0000372535         0.0000897998        -0.0001139499
2014-11-11T11:21:18.97903441        19.2636801453        20.5587767334         9.4034677734        -0.0000383918         0.0000885022        -0.0001145635
2014-11-11T12:01:36.26830893        19.1695054321        20.7711317749         9.1258096313        -0.0000395254         0.0000871913        -0.0001151614
2014-11-11T12:41:53.55758345        19.0725965576        20.9803030396         8.8467257385        -0.0000406540         0.0000858682        -0.0001157428
2014-11-11T13:22:10.84685829        18.9729639587        21.1862575073         8.5662546997        -0.0000417773         0.0000845338        -0.0001163071
2014-11-11T14:02:28.13613282        18.8706244812        21.3889752808         8.2844426880        -0.0000428943         0.0000831883        -0.0001168532
2014-11-11T14:42:45.42540734        18.7655940552        21.5884294434         8.0013339233        -0.0000440042         0.0000818315        -0.0001173808
2014-11-11T15:23:02.71468186        18.6578899536        21.7845896606         7.7169720154        -0.0000451064         0.0000804630        -0.0001178901
2014-11-11T16:03:20.00395639        18.5475309143        21.9774268799         7.4314006348        -0.0000462008         0.0000790820        -0.0001183816
2014-11-11T16:43:37.29323122        18.4345335388        22.1669045410         7.1446593018        -0.0000472878         0.0000776881        -0.0001188560
2014-11-11T17:23:54.58250575        18.3189187317        22.3530031128         6.8567941589        -0.0000483681         0.0000762815        -0.0001193138
2014-11-11T18:04:11.87178027        18.2006998901        22.5356853638         6.5678413696        -0.0000494421         0.0000748628        -0.0001197552
2014-11-11T18:44:29.16105479        18.0798923645        22.7149262085         6.2778423157        -0.0000505101         0.0000734331        -0.0001201799
2014-11-11T19:24:46.45032963        17.9565087585        22.8906929321         5.9868348083        -0.0000515717         0.0000719934        -0.0001205871
2014-11-11T20:05:03.73960416        17.8305694885        23.0629737549         5.6948677673        -0.0000526261         0.0000705446        -0.0001209760
2014-11-11T20:45:21.02887868        17.7020913086        23.2317420654         5.4019833679        -0.0000536722         0.0000690869        -0.0001213461
2014-11-11T21:25:38.31815320        17.5710954285        23.3969754028         5.1082273865        -0.0000547092         0.0000676200        -0.0001216971
2014-11-11T22:05:55.60742773        17.4376042480        23.5586508789         4.8136454773        -0.0000557367         0.0000661431        -0.0001220295
2014-11-11T22:46:12.89670256        17.3016380920        23.7167366943         4.5182784424        -0.0000567550         0.0000646555        -0.0001223440
2014-11-11T23:26:30.18597709        17.1632232666        23.8712197876         4.2221759949        -0.0000577647         0.0000631567        -0.0001226410
2014-11-12T00:06:47.47525161        17.0223772278        24.0220670166         3.9253760071        -0.0000587667         0.0000616472        -0.0001229210
2014-11-12T00:47:04.76452613        16.8791184082        24.1692543335         3.6279205933        -0.0000597614         0.0000601279        -0.0001231838
2014-11-12T01:27:22.05380097        16.7334609070        24.3127501221         3.3298468933        -0.0000607487         0.0000585999        -0.0001234290
2014-11-12T02:07:39.34307550        16.5854287415        24.4525500488         3.0312060242        -0.0000617280         0.0000570645        -0.0001236559
2014-11-12T02:47:56.63235002        16.4350402832        24.5886303101         2.7320394592        -0.0000626982         0.0000555224        -0.0001238638
2014-11-12T03:28:13.92162454        16.2823184509        24.7209738159         2.4323928223        -0.0000636581         0.0000539737        -0.0001240526
2014-11-12T04:08:31.21089907        16.1272903442        24.8495674438         2.1323141785        -0.0000646071         0.0000524177        -0.0001242223
2014-11-12T04:48:48.50017390        15.9699787598        24.9743831787         1.8318446655        -0.0000655452         0.0000508535        -0.0001243734
2014-11-12T05:29:05.78944843        15.8104138184        25.0954116211         1.5310337830        -0.0000664729         0.0000492803        -0.0001245065
2014-11-12T06:09:23.07872295        15.6486182251        25.2126269531         1.2299232483        -0.0000673913         0.0000476979        -0.0001246220
2014-11-12T06:09:27.38515107        15.6482597046        25.2127410889         1.2293967590        -0.0000986928         0.0000065917        -0.0001192530
2014-11-12T06:09:31.99914046        15.6477279968        25.2126727905         1.2288612366        -0.0001322302        -0.0000374508        -0.0001135006
2014-11-12T06:09:36.99758196        15.6469756470        25.2123651733         1.2283088379        -0.0001685624        -0.0000851634        -0.0001072688
2014-11-12T06:09:42.49581079        15.6459394226        25.2117532959         1.2277382507        -0.0002085278        -0.0001376473        -0.0001004138
2014-11-12T06:09:48.68124734        15.6445100708        25.2107183838         1.2271405334        -0.0002534888        -0.0001966916        -0.0000927020
2014-11-12T06:09:55.89749485        15.6424916992        25.2090505371         1.2265041199        -0.0003059433        -0.0002655767        -0.0000837048
2014-11-12T06:10:01.91095612        15.6405207520        25.2072818604         1.2260237732        -0.0003496555        -0.0003229810        -0.0000762072
2014-11-12T06:10:09.42768292        15.6376866760        25.2045831909         1.2254855347        -0.0004042956        -0.0003947363        -0.0000668351
2014-11-12T06:10:16.94429844        15.6344428711        25.2013479614         1.2250191345        -0.0004589358        -0.0004664916        -0.0000574631
2014-11-12T06:10:24.46080301        15.6307873840        25.1975703735         1.2246217346        -0.0005135759        -0.0005382469        -0.0000480910
2014-11-12T06:10:31.97719631        15.6267226562        25.1932570801         1.2242964478        -0.0005682161        -0.0006100022        -0.0000387190
2014-11-12T06:28:43.87751404        15.0060571594        24.5267940063         1.1819920349        -0.0005686408        -0.0006107436        -0.0000387682
2014-11-12T06:46:55.77825422        14.3849157715        23.8594974365         1.1396338806        -0.0005690893        -0.0006115342        -0.0000388198
2014-11-12T07:05:07.67899440        13.7632702332        23.1913063354         1.0972170410        -0.0005695634        -0.0006123792        -0.0000388740
2014-11-12T07:23:19.57973458        13.1410923767        22.5221613770         1.0547398376        -0.0005700652        -0.0006132842        -0.0000389310
2014-11-12T07:41:31.48047476        12.5183506470        21.8519924927         1.0121989441        -0.0005705970        -0.0006142559        -0.0000389910
2014-11-12T07:59:43.38121494        11.8950107117        21.1807227783         0.9695906067        -0.0005711611        -0.0006153016        -0.0000390543
2014-11-12T08:17:55.28195543        11.2710343628        20.5082622681         0.9269092102        -0.0005717601        -0.0006164302        -0.0000391211
2014-11-12T08:36:07.18269561        10.6463847961        19.8345236206         0.8841546021        -0.0005723968        -0.0006176514        -0.0000391916
2014-11-12T08:41:26.62602114        10.4599124756        19.6377932129         0.8718771362        -0.0005838391        -0.0006160437        -0.0000384449
2014-11-12T08:46:46.06947021        10.2733778076        19.4409416504         0.8595932007        -0.0005840359        -0.0006164296        -0.0000384669
2014-11-12T08:52:05.51291959        10.0867785950        19.2439619141         0.8473003845        -0.0005842363        -0.0006168253        -0.0000384892
2014-11-12T08:57:24.95636865         9.9001167908        19.0468597412         0.8350031738        -0.0005844403        -0.0006172309        -0.0000385120
2014-11-12T09:02:44.39981771         9.7133878784        18.8496231079         0.8226970520        -0.0005846480        -0.0006176470        -0.0000385351
2014-11-12T09:08:03.84326678         9.5265927124        18.6522528076         0.8103839722        -0.0005848595        -0.0006180738        -0.0000385586
2014-11-12T09:13:23.28671616         9.3397279053        18.4547411499         0.7980617371        -0.0005850748        -0.0006185119        -0.0000385825
2014-11-12T09:18:42.73016522         9.1527955933        18.2570920410         0.7857339783        -0.0005852941        -0.0006189617        -0.0000386068
2014-11-12T09:18:48.56390728         9.1494105530        18.2536951904         0.7855274048        -0.0005749500        -0.0005449893        -0.0000319156
2014-11-12T09:18:54.39747394         9.1460875854        18.2507341309         0.7853619690        -0.0005646059        -0.0004710170        -0.0000252245
2014-11-12T09:19:00.23086585         9.1428233948        18.2481997681         0.7852330933        -0.0005542619        -0.0003970446        -0.0000185334
2014-11-12T09:19:06.06408236         9.1396211243        18.2461011963         0.7851453552        -0.0005439178        -0.0003230723        -0.0000118423
2014-11-12T09:19:11.89712411         9.1364777527        18.2444304810         0.7850948486        -0.0005335738        -0.0002491000        -0.0000051512
2014-11-12T09:19:17.72999047         9.1333964539        18.2431955566         0.7850853882        -0.0005232297        -0.0001751276         0.0000015399
2014-11-12T09:19:23.56268206         9.1303742065        18.2423880005         0.7851129761        -0.0005128856        -0.0001011553         0.0000082310
2014-11-12T09:19:29.39519827         9.1274139709        18.2420167847         0.7851819763        -0.0005025416        -0.0000271830         0.0000149221
2014-11-12T09:35:07.53644285         8.6556549377        18.2158763428         0.7991453247        -0.0005031854        -0.0000285460         0.0000148487
2014-11-12T09:52:15.02483563         8.1382819519        18.1857564087         0.8143587341        -0.0005038737        -0.0000300870         0.0000147653
2014-11-12T10:11:16.67860509         7.5626086426        18.1504061890         0.8311629028        -0.0005046143        -0.0000318588         0.0000146688
2014-11-12T10:32:50.55287759         6.9091762390        18.1078424072         0.8500677185        -0.0005054174        -0.0000339430         0.0000145544
2014-11-12T10:51:42.69286560         6.3365936584        18.0683540039         0.8664883423        -0.0005060837        -0.0000358329         0.0000144496
2014-11-12T11:10:34.83285424         5.7632749634        18.0266820068         0.8827831116        -0.0005067113        -0.0000377842         0.0000143400
2014-11-12T11:29:26.97284225         5.1892731628        17.9827755737         0.8989554443        -0.0005072956        -0.0000397961         0.0000142254
2014-11-12T11:48:19.11283058         4.6146345825        17.9365532837         0.9149926758        -0.0005078322        -0.0000418669         0.0000141053
2014-11-12T12:07:11.25281890         4.0394183044        17.8879550171         0.9308913879        -0.0005083167        -0.0000439949         0.0000139796
2014-11-12T12:26:03.39280723         3.4636840210        17.8369144287         0.9466433105        -0.0005087449        -0.0000461773         0.0000138479
2014-11-12T12:44:55.53279555         2.8874996643        17.7833757935         0.9622437744        -0.0005091127        -0.0000484109         0.0000137101
2014-11-12T13:03:47.67278356         2.3109360657        17.7272847290         0.9776864319        -0.0005094164        -0.0000506918         0.0000135662
2014-11-12T13:22:39.81277220         1.7340633240        17.6685778809         0.9929583435        -0.0005096524        -0.0000530154         0.0000134162
2014-11-12T13:41:31.95276021         1.1569664001        17.6072274780         1.0080616150        -0.0005098177        -0.0000553763         0.0000132605
2014-11-12T13:57:42.35846467         0.6621902466        17.5524942017         1.0208616333        -0.0005099011        -0.0000574253         0.0000131228
2014-11-12T14:13:52.76416882         0.1673616638        17.4957675171         1.0335283508        -0.0005099292        -0.0000594933         0.0000129815
2014-11-12T14:30:03.16987296        -0.3274669800        17.4370267944         1.0460565491        -0.0005099008        -0.0000615759         0.0000128371
2014-11-12T14:46:13.57557710        -0.8222397766        17.3762608643         1.0584438477        -0.0005098150        -0.0000636686         0.0000126901
2014-11-12T15:02:23.98128156        -1.3169036865        17.3134542847         1.0706839905        -0.0005096714        -0.0000657666         0.0000125408
2014-11-12T15:18:34.38698571        -1.8113981018        17.2486170044         1.0827812805        -0.0005094696        -0.0000678650         0.0000123900
2014-11-12T15:34:44.79269017        -2.3056696777        17.1817416382         1.0947299194        -0.0005092098        -0.0000699588         0.0000122382
2014-11-12T15:49:40.08858181        -2.7614351501        17.1182498169         1.1056255798        -0.0005089190        -0.0000718822         0.0000120976
2014-11-12T16:05:39.33452703        -3.2494436646        17.0483115234         1.1171566772        -0.0005085536        -0.0000739294         0.0000119469
2014-11-12T16:22:58.51763422        -3.7776918335        16.9703417969         1.1294870605        -0.0005080961        -0.0000761264         0.0000117840
2014-11-12T16:35:40.58524591        -4.1647531738        16.9117234497         1.1384236755        -0.0005077208        -0.0000777205         0.0000116651
2014-11-12T16:50:29.66412680        -4.6159490662        16.8417993164         1.1487308655        -0.0005072415        -0.0000795590         0.0000115272
2014-11-12T17:08:36.31609176        -5.1667987976        16.7541433716         1.1611670227        -0.0005065973        -0.0000817706         0.0000113599
2014-11-12T17:26:42.96805704        -5.7169165344        16.6641032104         1.1734202271        -0.0005058914        -0.0000839382         0.0000111944
2014-11-12T17:44:49.62002200        -6.2662332764        16.5717394409         1.1854973755        -0.0005051275        -0.0000860572         0.0000110307
2014-11-12T18:02:56.27198728        -6.8146922913        16.4770939941         1.1973941345        -0.0005043090        -0.0000881238         0.0000108690
2014-11-12T18:21:02.92395224        -7.3622321472        16.3802388916         1.2091191711        -0.0005034401        -0.0000901345         0.0000107092
2014-11-12T18:39:09.57591752        -7.9088036194        16.2812259521         1.2206693726        -0.0005025247        -0.0000920869         0.0000105513
2014-11-12T18:57:16.22788248        -8.4543554688        16.1801284790         1.2320511780        -0.0005015672        -0.0000939788         0.0000103952
2014-11-12T19:15:22.87984776        -8.9988474426        16.0770053101         1.2432627563        -0.0005005720        -0.0000958089         0.0000102411
2014-11-12T19:33:29.53181303        -9.5422397766        15.9719262085         1.2543073730        -0.0004995435        -0.0000975763         0.0000100890
2014-11-12T19:33:34.55878769        -9.5446430969        15.9713501587         1.2544443054        -0.0004567376        -0.0001319849         0.0000441976
2014-11-12T19:33:39.58563222        -9.5468303528        15.9706030273         1.2547536621        -0.0004139318        -0.0001663934         0.0000783062
2014-11-12T19:33:44.61234693        -9.5488037415        15.9696799316         1.2552328186        -0.0003711259        -0.0002008020         0.0001124148
2014-11-12T19:33:49.63893152        -9.5505612183        15.9685856323         1.2558843994        -0.0003283201        -0.0002352106         0.0001465234
2014-11-12T19:33:54.66538629        -9.5521045532        15.9673145142         1.2567055359        -0.0002855142        -0.0002696192         0.0001806320
2014-11-12T19:33:59.69171093        -9.5534327393        15.9658707275         1.2576980896        -0.0002427084        -0.0003040278         0.0002147406
2014-11-12T19:34:04.71790544        -9.5545445862        15.9642574463         1.2588636780        -0.0001999025        -0.0003384364         0.0002488492
2014-11-12T19:34:09.74397013        -9.5554426575        15.9624677124         1.2601990662        -0.0001570966        -0.0003728450         0.0002829578
2014-11-12T19:54:03.65195098        -9.7423014526        15.5161828613         1.5979156799        -0.0001559122        -0.0003747635         0.0002827666
2014-11-12T20:13:34.81922806        -9.9241857300        15.0761589355         1.9289487610        -0.0001546791        -0.0003766671         0.0002825297
2014-11-12T20:32:22.60993903       -10.0979285583        14.6503192139         2.2474328613        -0.0001534236        -0.0003785167         0.0002822519
2014-11-12T20:50:39.64272175       -10.2655397034        14.2340812378         2.5569017944        -0.0001521374        -0.0003803278         0.0002819324
2014-11-12T21:09:06.83321536       -10.4332358093        13.8119706421         2.8688526306        -0.0001507738        -0.0003821634         0.0002815581
2014-11-12T21:27:23.77194528       -10.5978556213        13.3917603149         3.1774759827        -0.0001493582        -0.0003839849         0.0002811337
2014-11-12T21:45:30.55383498       -10.7593841553        12.9734741211         3.4827546082        -0.0001478930        -0.0003857875         0.0002806588
2014-11-12T22:03:27.27292973       -10.9178160400        12.5571271973         3.7846656189        -0.0001463809        -0.0003875660         0.0002801335
2014-11-12T22:21:04.23571034       -11.0717245178        12.1465698853         4.0804612427        -0.0001448395        -0.0003892993         0.0002795638
2014-11-12T22:38:31.50158494       -11.2225870056        11.7379776611         4.3729197998        -0.0001432587        -0.0003909988         0.0002789460
2014-11-12T22:55:49.15951558       -11.3704053955        11.3313924561         4.6620308838        -0.0001416422        -0.0003926596         0.0002782814
2014-11-12T23:12:57.29764899       -11.5151904907        10.9268475342         4.9477808838        -0.0001399938        -0.0003942768         0.0002775717
2014-11-12T23:29:56.00332218       -11.6569520569        10.5243953247         5.2301665955        -0.0001383177        -0.0003958458         0.0002768189
2014-11-12T23:46:45.36307191       -11.7957102356        10.1240745239         5.5091789246        -0.0001366183        -0.0003973623         0.0002760250
2014-11-13T00:03:34.72282164       -11.9327350464         9.7222443848         5.7873667603        -0.0001348837        -0.0003988357         0.0002751848
2014-11-13T00:20:14.73664760       -12.0667474060         9.3226953735         6.0621217651        -0.0001331343        -0.0004002482         0.0002743080
2014-11-13T00:36:54.75047388       -12.1989985046         8.9217532349         6.3359758606        -0.0001313579        -0.0004016091         0.0002733889
2014-11-13T00:53:34.76429984       -12.3294594727         8.5194838257         6.6088933411        -0.0001295586        -0.0004029143         0.0002724293
2014-11-13T01:10:14.77812611       -12.4581134338         8.1159331665         6.8808291016        -0.0001277407        -0.0004041600         0.0002714314
2014-11-13T01:26:54.79195207       -12.5849401855         7.7111718750         7.1517508545        -0.0001259083        -0.0004053430         0.0002703976
2014-11-13T01:43:34.80577803       -12.7099287720         7.3052615356         7.4216223450        -0.0001240659        -0.0004064607         0.0002693302
2014-11-13T02:00:14.81960400       -12.8330721436         6.8982657471         7.6904101868        -0.0001222178        -0.0004075108         0.0002682318
2014-11-13T02:17:04.83356840       -12.9555709534         6.4861666870         7.9607550049        -0.0001203499        -0.0004085013         0.0002670938
2014-11-13T02:33:54.84753279       -13.0761838989         6.0731041870         8.2299377747        -0.0001184851        -0.0004094203         0.0002659300
2014-11-13T02:50:55.27401238       -13.1961317749         5.6548757935         8.5006885986        -0.0001166085        -0.0004102757         0.0002647308
2014-11-13T03:07:55.70049166       -13.3141687927         5.2358166504         8.7702076111        -0.0001147438        -0.0004110580         0.0002635115
2014-11-13T03:25:06.98257206       -13.4315374146         4.8115225830         9.0413186035        -0.0001128752        -0.0004117750         0.0002622620
2014-11-13T03:42:29.47424013       -13.5482329407         4.3819052734         9.3140600586        -0.0001110068        -0.0004124258         0.0002609846
2014-11-13T04:00:03.54914916       -13.6642584534         3.9468607788         9.5884706116        -0.0001091423        -0.0004130101         0.0002596822
2014-11-13T04:17:49.60218170       -13.7796158447         3.5062921143         9.8646021118        -0.0001072855        -0.0004135280         0.0002583575
2014-11-13T04:35:48.05118026       -13.8943207092         3.0600702515        10.1425014038        -0.0001054400        -0.0004139799         0.0002570134
2014-11-13T04:53:59.33885704       -14.0083837891         2.6080812378        10.4222344666        -0.0001036093        -0.0004143668         0.0002556533
2014-11-13T05:12:37.57190856       -14.1232125549         2.1445358887        10.7073379517        -0.0001017745        -0.0004146933         0.0002542634
2014-11-13T05:31:29.95980907       -14.2374306335         1.6747853394        10.9944684448        -0.0000999616        -0.0004149558         0.0002528639
2014-11-13T05:50:37.05404577       -14.3510650940         1.1986724854        11.2837204285        -0.0000981735        -0.0004151562         0.0002514583
2014-11-13T06:10:15.15082943       -14.4656671753         0.7094883423        11.5791200256        -0.0000963897        -0.0004152977         0.0002500312
2014-11-13T06:30:09.61006834       -14.5797477112         0.2133787231        11.8769188232        -0.0000946371        -0.0004153796         0.0002486050
2014-11-13T06:50:38.69131445       -14.6949873962        -0.2971791992        12.1815847168        -0.0000928937        -0.0004154041         0.0002471629
2014-11-13T07:11:26.11705658       -14.8097944336        -0.8153508301        12.4890040894        -0.0000911872        -0.0004153719         0.0002457286
2014-11-13T07:32:52.52485317       -14.9260021667        -1.3496370850        12.8041781921        -0.0000894942        -0.0004152839         0.0002442833
2014-11-13T07:54:39.68116268       -15.0418986206        -1.8923922119        13.1225545654        -0.0000878431        -0.0004151429         0.0002428521
2014-11-13T08:17:11.14785533       -15.1595023193        -2.4533156738        13.4497853088        -0.0000862089        -0.0004149479         0.0002414137
2014-11-13T08:40:06.32448999       -15.2769539490        -3.0237784424        13.7807912903        -0.0000846207        -0.0004147037         0.0002399944
2014-11-13T09:03:52.43359298       -15.3965045776        -3.6149865723        14.1220271606        -0.0000830513        -0.0004144072         0.0002385700
2014-11-13T09:28:05.96787066       -15.5161074219        -4.2170967407        14.4677723999        -0.0000815307        -0.0004140657         0.0002371679
2014-11-13T09:53:18.83007822       -15.6383063660        -4.8432294922        14.8255036011        -0.0000800293        -0.0004136738         0.0002357610
2014-11-13T10:19:03.88084332       -15.7608237305        -5.4820458984        15.1886909790        -0.0000785777        -0.0004132411         0.0002343779
2014-11-13T10:45:59.16118878       -15.8865802612        -6.1491633301        15.5661460266        -0.0000771438        -0.0004127598         0.0002329883
2014-11-13T11:13:32.90058999       -16.0129999084        -6.8313358154        15.9503111572        -0.0000757592        -0.0004122426         0.0002316231
2014-11-13T11:41:47.98347609       -16.1402727966        -7.5296564941        16.3417873535        -0.0000744219        -0.0004116925         0.0002302820
2014-11-13T12:11:34.69246448       -16.2720471802        -8.2647030029        16.7520160828        -0.0000730962        -0.0004110969         0.0002289299
2014-11-13T12:42:12.45028078       -16.4051910400        -9.0196266479        17.1715048828        -0.0000718160        -0.0004104732         0.0002276024
2014-11-13T13:13:45.89772788       -16.5399868774        -9.7962214355        17.6012150574        -0.0000705791        -0.0004098243         0.0002262997
2014-11-13T13:46:20.42412509       -16.6767545166       -10.5965783691        18.0422635193        -0.0000693836        -0.0004091528         0.0002250215
2014-11-13T14:20:02.34798412       -16.8158606262       -11.4231529541        18.4959611511        -0.0000682277        -0.0004084606         0.0002237677
2014-11-13T14:56:19.80444760       -16.9631447144       -12.3117496948        18.9818041077        -0.0000670682        -0.0004077221         0.0002224916
2014-11-13T15:34:07.98826422       -17.1139821472       -13.2356807251        19.4850192871        -0.0000659473        -0.0004069638         0.0002212396
2014-11-13T16:13:39.27134466       -17.2690579529       -14.1997778931        20.0081684265        -0.0000648628        -0.0004061856         0.0002200091
2014-11-13T16:53:10.55442541       -17.4216623535       -15.1620554810        20.5284859619        -0.0000638597        -0.0004054244         0.0002188526
2014-11-13T17:34:46.64187851       -17.5798256836       -16.1730462646        21.0733199768        -0.0000628833        -0.0004046428         0.0002177081
2014-11-13T18:18:49.55800581       -17.7447444153       -17.2414193115        21.6471828918        -0.0000619291        -0.0004038387         0.0002165705
2014-11-13T19:05:48.66854117       -17.9179885864       -18.3787066040        22.2560997925        -0.0000609914        -0.0004030090         0.0002154337
2014-11-13T19:52:47.77907683       -18.0886954956       -19.5136997681        22.8619143982        -0.0000601271        -0.0004022094         0.0002143695
2014-11-13T20:43:41.81549011       -18.2709899292       -20.7407812500        23.5149431152        -0.0000592647        -0.0004013781         0.0002132921
2014-11-13T21:34:35.85190369       -18.4507590942       -21.9653836060        24.1647922363        -0.0000584714        -0.0004005834         0.0002122874
2014-11-13T22:31:09.22569636       -18.6477815247       -23.3232734985        24.8833788452        -0.0000576628        -0.0003997425         0.0002112489
2014-11-13T23:27:42.59948934       -18.8421797791       -24.6783846436        25.5985681458        -0.0000569229        -0.0003989440         0.0002102844
2014-11-14T00:24:15.97328200       -19.0341715393       -26.0308509521        26.3106001892        -0.0000562438        -0.0003981853         0.0002093858
2014-11-14T01:20:49.34707467       -19.2239513245       -27.3808074341        27.0196847229        -0.0000556180        -0.0003974645         0.0002085460
2014-11-14T02:31:31.06431581       -19.4583231506       -29.0649181519        27.9021801453        -0.0000549010        -0.0003966141         0.0002075704
2014-11-14T03:42:12.78155664       -19.6897896423       -30.7455340576        28.7806997070        -0.0000542471        -0.0003958175         0.0002066694
2014-11-14T04:52:54.49879748       -19.9186029968       -32.4228790283        29.6555428162        -0.0000536490        -0.0003950717         0.0002058356
2014-11-14T06:03:36.21603862       -20.1449873352       -34.0971652832        30.5269773865        -0.0000531003        -0.0003943731         0.0002050618
2014-11-14T06:03:41.64087467       -20.1451893921       -34.0991380615        30.5280560913        -0.0000215512        -0.0003334380         0.0001924057
2014-11-14T06:03:47.06555952       -20.1452214355       -34.1007834473        30.5290645752         0.0000099980        -0.0002725029         0.0001797496
2014-11-14T06:03:52.49009288       -20.1450824890       -34.1020992432        30.5300040283         0.0000415471        -0.0002115678         0.0001670935
2014-11-14T06:03:57.91447441       -20.1447702942       -34.1030783081        30.5308776245         0.0000730963        -0.0001506327         0.0001544374
2014-11-14T06:04:03.33870476       -20.1442886353       -34.1037310181        30.5316806030         0.0001046455        -0.0000896976         0.0001417813
2014-11-14T06:04:08.76278361       -20.1436353455       -34.1040519409        30.5324154358         0.0001361946        -0.0000287625         0.0001291252
2014-11-14T06:04:14.18671095       -20.1428108215       -34.1040419312        30.5330818787         0.0001677438         0.0000321726         0.0001164692
2014-11-14T06:04:19.61048679       -20.1418150330       -34.1037011108        30.5336797180         0.0001992930         0.0000931077         0.0001038131
2014-11-14T07:16:17.92957462       -19.2800579224       -33.7001437378        30.9803182678         0.0001998227         0.0000937998         0.0001030410
2014-11-14T08:36:29.77251569       -18.3171491699       -33.2469238892        31.4740045166         0.0002003998         0.0000945791         0.0001021504
2014-11-14T09:52:14.29084840       -17.4052133789       -32.8154174805        31.9362646484         0.0002009316         0.0000953215         0.0001012802
2014-11-14T11:07:58.80918144       -16.4908948059       -32.3805309448        32.3945056152         0.0002014489         0.0000960685         0.0001003828
2014-11-14T12:28:27.35991038       -15.5168984070       -31.9147376099        32.8768477173         0.0002019804         0.0000968659         0.0000994001
2014-11-14T13:51:36.86233025       -14.5077909241       -31.4293614502        33.3702044373         0.0002025082         0.0000976937         0.0000983523
2014-11-14T15:12:00.04800268       -13.5298681946       -30.9562296143        33.8420701294         0.0002029971         0.0000984965         0.0000973078
2014-11-14T16:35:15.49030653       -12.5145908813       -30.4621207275        34.3253959351         0.0002034808         0.0000993283         0.0000961944
2014-11-14T17:55:32.52395634       -11.5333407288       -29.9817219238        34.7861255493         0.0002039232         0.0001001286         0.0000950924
2014-11-14T19:15:49.55760646       -10.5500219421       -29.4974796753        35.2414801025         0.0002043400         0.0001009259         0.0000939637
2014-11-14T20:36:06.59125626        -9.5647586365       -29.0094005127        35.6913348389         0.0002047298         0.0001017195         0.0000928080
2014-11-14T21:56:23.62490638        -8.5776844177       -28.5175152588        36.1355554810         0.0002050926         0.0001025078         0.0000916257
2014-11-14T23:16:40.65855619        -7.5889272461       -28.0218460083        36.5740241394         0.0002054278         0.0001032883         0.0000904193
2014-11-15T00:36:57.69220631        -6.5986265564       -27.5224448242        37.0066267395         0.0002057339         0.0001040593         0.0000891916
2014-11-15T01:53:45.28961061        -5.6500686646       -27.0413013916        37.4148438416         0.0002059978         0.0001047869         0.0000879985
2014-11-15T03:10:32.88701491        -4.7003604431       -26.5568284302        37.8175223083         0.0002062330         0.0001055038         0.0000867872
2014-11-15T04:27:20.48441921        -3.7496336975       -26.0690794067        38.2145799255         0.0002064399         0.0001062086         0.0000855590
2014-11-15T05:44:08.08182351        -2.7980191650       -25.5781168823        38.6059436646         0.0002066187         0.0001068995         0.0000843167
2014-11-15T07:00:55.67922781        -1.8456461792       -25.0840028687        38.9915577087         0.0002067686         0.0001075753         0.0000830631
2014-11-15T08:17:43.27663211        -0.8926517639       -24.5868129272        39.3713721008         0.0002068886         0.0001082350         0.0000817997
2014-11-15T09:34:30.87403641         0.0608269348       -24.0866207886        39.7453439026         0.0002069787         0.0001088779         0.0000805269
2014-11-15T10:51:18.47144071         1.0146532593       -23.5835084839        40.1134323425         0.0002070399         0.0001095027         0.0000792465
2014-11-15T12:08:06.06884532         1.9686959534       -23.0775650024        40.4756066895         0.0002070731         0.0001101083         0.0000779612
2014-11-15T13:24:53.66624962         2.9228279419       -22.5688734741        40.8318551941         0.0002070782         0.0001106939         0.0000766739
2014-11-15T14:41:41.26365392         3.8769180298       -22.0575308228        41.1821714172         0.0002070548         0.0001112589         0.0000753863
2014-11-15T15:58:28.86105822         4.8308360901       -21.5436322632        41.5265558777         0.0002070036         0.0001118027         0.0000740990
2014-11-15T17:15:16.45846252         5.7844560242       -21.0272793579        41.8650116882         0.0002069258         0.0001123247         0.0000728136
2014-11-15T18:32:04.05586682         6.7376592102       -20.5085726929        42.1975538635         0.0002068230         0.0001128243         0.0000715325
2014-11-15T19:48:51.65327111         7.6903325500       -19.9876145630        42.5242091064         0.0002066956         0.0001133015         0.0000702584
2014-11-15T21:05:39.25067541         8.6423625488       -19.4645102539        42.8450131226         0.0002065438         0.0001137558         0.0000689928
2014-11-15T22:22:26.84808003         9.5936371765       -18.9393704224        43.1600035400         0.0002063686         0.0001141871         0.0000677361
2014-11-15T23:39:14.44548433        10.5440543823       -18.4122945557        43.4692276306         0.0002061716         0.0001145952         0.0000664896
2014-11-16T00:56:02.04288863        11.4935178223       -17.8833887939        43.7727364197         0.0002059545         0.0001149803         0.0000652551
2014-11-16T02:12:49.64029293        12.4419362793       -17.3527606812        44.0705894775         0.0002057181         0.0001153428         0.0000640349
2014-11-16T03:29:37.23769723        13.3892218323       -16.8205164185        44.3628541565         0.0002054630         0.0001156825         0.0000628298
2014-11-16T04:46:24.83510152        14.3352913513       -16.2867572021        44.6496026611         0.0002051903         0.0001159997         0.0000616402
2014-11-16T06:03:12.43250582        15.2800666809       -15.7515879517        44.9309069214         0.0002049016         0.0001162946         0.0000604668
2014-11-16T06:03:16.51143065        15.2808120422       -15.7511570435        44.9311102905         0.0001610367         0.0000961948         0.0000398386
2014-11-16T06:03:20.59026968        15.2813795166       -15.7508053589        44.9312308960         0.0001171719         0.0000760949         0.0000192105
2014-11-16T06:03:24.66902289        15.2817691040       -15.7505330200        44.9312686157         0.0000733070         0.0000559950        -0.0000014177
2014-11-16T06:03:28.74769092        15.2819767456       -15.7503509521        44.9312181396         0.0000294422         0.0000358952        -0.0000220458
2014-11-16T06:03:32.82627282        15.2820086670       -15.7502423096        44.9310877686        -0.0000144227         0.0000157953        -0.0000426740
2014-11-16T06:03:36.90476955        15.2818591614       -15.7502221069        44.9308701477        -0.0000582875        -0.0000043046        -0.0000633022
2014-11-16T06:03:40.98318015        15.2815332642       -15.7502773437        44.9305713806        -0.0001021524        -0.0000244045        -0.0000839303
2014-11-16T06:03:45.06150525        15.2810276794       -15.7504163818        44.9301877136        -0.0001460172        -0.0000445043        -0.0001045585
2014-11-16T07:27:26.77066460        14.5469657288       -15.9731082153        44.4019114380        -0.0001463374        -0.0000441837        -0.0001058438
2014-11-16T08:47:43.51376987        13.8413652344       -16.1851505127        43.8890584717        -0.0001466393        -0.0000438544        -0.0001071059
2014-11-16T10:08:00.25687484        13.1343240662       -16.3955489502        43.3700578613        -0.0001469361        -0.0000435030        -0.0001083977
2014-11-16T11:31:51.07745095        12.3943493652       -16.6134262085        42.8212674255        -0.0001472398        -0.0000431114        -0.0001097803
2014-11-16T12:48:42.66297924        11.7147128601       -16.8113657227        42.3120234985        -0.0001475106        -0.0000427291        -0.0001110787
2014-11-16T14:08:59.20786434        11.0035582275       -17.0161600952        41.7736799622        -0.0001477845        -0.0000423044        -0.0001124659
2014-11-16T15:25:46.33775458        10.3221087341       -17.2100792847        41.2524203186        -0.0001480376        -0.0000418729        -0.0001138226
2014-11-16T16:42:33.46764451         9.6395151367       -17.4019467773        40.7248419189        -0.0001482817        -0.0000414156        -0.0001152101
2014-11-16T17:59:20.59753475         8.9558198242       -17.5916499634        40.1907955627        -0.0001485150        -0.0000409314        -0.0001166299
2014-11-16T19:14:23.01992739         8.2866520691       -17.7748255615        39.6624953613        -0.0001487305        -0.0000404309        -0.0001180486
2014-11-16T20:27:43.11453822         7.6317853699       -17.9515977783        39.1399676208        -0.0001489279        -0.0000399143        -0.0001194640
2014-11-16T21:39:23.20699897         6.9909892883       -18.1220982666        38.6232376709        -0.0001491082        -0.0000393821        -0.0001208750
2014-11-16T22:49:25.57008574         6.3640333862       -18.2864594116        38.1123286438        -0.0001492716        -0.0000388349        -0.0001222821
2014-11-16T23:59:27.93317220         5.7364226990       -18.4484569092        37.5954489136        -0.0001494203        -0.0000382598        -0.0001237181
2014-11-17T01:07:52.56688467         5.1228366394       -18.6042988281        37.0847052612        -0.0001495493        -0.0000376701        -0.0001251482
2014-11-17T02:14:41.74399927         4.5230426941       -18.7541232910        36.5801219788        -0.0001496585        -0.0000370663        -0.0001265702
2014-11-17T03:21:30.92111386         3.9228440857       -18.9014725342        36.0697878113        -0.0001497508        -0.0000364340        -0.0001280165
2014-11-17T04:26:44.64163026         3.3366131592       -19.0428077393        35.5659652405        -0.0001498241        -0.0000357881        -0.0001294531
2014-11-17T05:30:25.17832518         2.7640947876       -19.1782911377        35.0686656189        -0.0001498780        -0.0000351295        -0.0001308801
2014-11-17T06:34:05.71502010         2.1914073792       -19.3112037354        34.5658673401        -0.0001499122        -0.0000344421        -0.0001323313
2014-11-17T07:36:13.06789291         1.6326028442       -19.4382859497        34.0699494324        -0.0001499245        -0.0000337430        -0.0001337691
2014-11-17T08:36:49.50972004         1.0874206238       -19.5597067261        33.5809262085        -0.0001499161        -0.0000330331        -0.0001351914
2014-11-17T09:37:25.95154747         0.5423052673       -19.6784977417        33.0866948242        -0.0001498871        -0.0000322947        -0.0001366328
2014-11-17T10:36:31.48232890         0.0109570007       -19.7916795044        32.5997398071        -0.0001498383        -0.0000315463        -0.0001380576
2014-11-17T11:35:37.01311065        -0.5201814880       -19.9021610718        32.1076955872        -0.0001497674        -0.0000307691        -0.0001395025
2014-11-17T12:33:11.63284638        -1.0374171753       -20.0071060181        31.6233096008        -0.0001496746        -0.0000299835        -0.0001409289
2014-11-17T13:30:46.25258212        -1.5542891846       -20.1092880249        31.1339669189        -0.0001495567        -0.0000291696        -0.0001423717
2014-11-17T14:26:49.96127247        -2.0571276245       -20.2060365601        30.6526861877        -0.0001494172        -0.0000283494        -0.0001437906
2014-11-17T15:22:53.66996252        -2.5594534607       -20.2999736938        30.1666135864        -0.0001492533        -0.0000275013        -0.0001452226
2014-11-17T16:17:26.46760718        -3.0476362610       -20.3885925293        29.6890308838        -0.0001490698        -0.0000266481        -0.0001466291
2014-11-17T17:11:59.26525153        -3.5351764832       -20.4743701172        29.2068239136        -0.0001488610        -0.0000257667        -0.0001480494
2014-11-17T18:05:01.15185049        -4.0084778137       -20.5549589844        28.7335323181        -0.0001486315        -0.0000248824        -0.0001494432
2014-11-17T18:58:03.03844946        -4.4810042725       -20.6326903076        28.2557884827        -0.0001483738        -0.0000239711        -0.0001508478
2014-11-17T19:49:34.01400274        -4.9392025146       -20.7053853760        27.7874010010        -0.0001480958        -0.0000230602        -0.0001522203
2014-11-17T20:41:04.98955570        -5.3964967041       -20.7752200317        27.3147642212        -0.0001477904        -0.0000221239        -0.0001535990
2014-11-17T21:32:35.96510897        -5.8528063049       -20.8421248779        26.8378550720        -0.0001474576        -0.0000211613        -0.0001549833
2014-11-17T22:22:33.27473623        -6.2942653503       -20.9041205444        26.3713031311        -0.0001471081        -0.0000202021        -0.0001563317
2014-11-17T23:12:30.58436348        -6.7346352844       -20.9632020264        25.9007003479        -0.0001467306        -0.0000192168        -0.0001576862
2014-11-18T00:00:54.22806503        -7.1601230164       -21.0175852051        25.4409239197        -0.0001463362        -0.0000182376        -0.0001590037
2014-11-18T00:49:17.87176659        -7.5844232178       -21.0690927124        24.9773158569        -0.0001459118        -0.0000172347        -0.0001603243
2014-11-18T01:37:41.51546782        -8.0074449463       -21.1176488037        24.5098747864        -0.0001454569        -0.0000162088        -0.0001616454
2014-11-18T02:26:05.15916937        -8.4291034851       -21.1631976318        24.0385973206        -0.0001449718        -0.0000151602        -0.0001629648
2014-11-18T03:12:48.67722619        -8.8348457336       -21.2042576904        23.5799384155        -0.0001444752        -0.0000141261        -0.0001642362
2014-11-18T03:59:32.19528268        -9.2391555481       -21.2423838501        23.1177205811        -0.0001439506        -0.0000130698        -0.0001655051
2014-11-18T04:46:15.71333918        -9.6419541626       -21.2775171509        22.6519483032        -0.0001433969        -0.0000119907        -0.0001667719
2014-11-18T05:32:59.23139568       -10.0431578674       -21.3095933228        22.1826276855        -0.0001428123        -0.0000108889        -0.0001680362
2014-11-18T06:17:54.92183471       -10.4273432312       -21.3374954834        21.7280197449        -0.0001422193        -0.0000098089        -0.0001692479
2014-11-18T07:02:50.61227375       -10.8098886719       -21.3624604492        21.2701531067        -0.0001415955        -0.0000087101        -0.0001704535
2014-11-18T07:47:46.30271279       -11.1907109375       -21.3844394531        20.8090478516        -0.0001409410        -0.0000075936        -0.0001716503
2014-11-18T08:32:41.99315182       -11.5697287598       -21.4033854980        20.3447304993        -0.0001402569        -0.0000064601        -0.0001728364
2014-11-18T09:17:37.68359086       -11.9468630676       -21.4192520752        19.8772317505        -0.0001395438        -0.0000053093        -0.0001740110
2014-11-18T10:00:30.84264644       -12.3050270996       -21.4314838867        19.4280421753        -0.0001388361        -0.0000041941        -0.0001751215
2014-11-18T10:43:24.00170172       -12.6613341980       -21.4408223267        18.9760094910        -0.0001381008        -0.0000030621        -0.0001762216
2014-11-18T11:26:17.16075730       -13.0157130737       -21.4472286987        18.5211584473        -0.0001373367        -0.0000019135        -0.0001773110
2014-11-18T12:09:10.31981257       -13.3680866394       -21.4506571655        18.0635210571        -0.0001365424        -0.0000007496        -0.0001783880
2014-11-18T12:52:03.47886816       -13.7183780823       -21.4510756226        17.6031291199        -0.0001357179         0.0000004277        -0.0001794506
2014-11-18T13:34:56.63792343       -14.0665086060       -21.4484458008        17.1400258179        -0.0001348638         0.0000016166        -0.0001804963
2014-11-18T14:17:49.79697902       -14.4124060364       -21.4427465820        16.6742539063        -0.0001339817         0.0000028159        -0.0001815233
2014-11-18T15:00:42.95603429       -14.7559979553       -21.4339449463        16.2058662415        -0.0001330729         0.0000040254        -0.0001825306
2014-11-18T15:40:44.57115292       -15.0745467529       -21.4229158325        15.7663853760        -0.0001322011         0.0000051640        -0.0001834528
2014-11-18T16:20:46.18627124       -15.3909725342       -21.4091359253        15.3247129211        -0.0001313060         0.0000063124        -0.0001843577
2014-11-18T17:00:47.80138956       -15.7052195435       -21.3925859985        14.8808881836        -0.0001303866         0.0000074705        -0.0001852450
2014-11-18T17:40:49.41650787       -16.0172281799       -21.3732425537        14.4349545898        -0.0001294421         0.0000086376        -0.0001861141
2014-11-18T18:20:51.03162650       -16.3269399109       -21.3510932007        13.9869541626        -0.0001284722         0.0000098118        -0.0001869636
2014-11-18T19:00:52.64674482       -16.6342907104       -21.3261130371        13.5369413452        -0.0001274776         0.0000109909        -0.0001877917
2014-11-18T19:40:54.26186314       -16.9392244263       -21.2982956543        13.0849675903        -0.0001264598         0.0000121732        -0.0001885968
2014-11-18T20:20:55.87698146       -17.2416883240       -21.2676375122        12.6310883179        -0.0001254208         0.0000133575        -0.0001893779
2014-11-18T21:00:57.49210009       -17.5416343994       -21.2341375122        12.1753600769        -0.0001243620         0.0000145437        -0.0001901346
2014-11-18T21:40:59.10721840       -17.8390121765       -21.1977786255        11.7178474426        -0.0001232840         0.0000157324        -0.0001908669
2014-11-18T22:21:00.72233703       -18.1337802429       -21.1585688477        11.2586020508        -0.0001221865         0.0000169239        -0.0001915747
2014-11-18T23:01:02.33745535       -18.4258868713       -21.1164893799        10.7976887207        -0.0001210688         0.0000181181        -0.0001922578
2014-11-18T23:41:03.95257367       -18.7152839355       -21.0715399170        10.3351648865        -0.0001199302         0.0000193138        -0.0001929157
2014-11-19T00:21:05.56769199       -19.0019219055       -21.0237188110         9.8710925903        -0.0001187710         0.0000205090        -0.0001935472
2014-11-19T01:01:07.18281062       -19.2857540894       -20.9730349121         9.4055341187        -0.0001175927         0.0000217013        -0.0001941512
