#<AM-acces:COL-V2.0>
<INIT:
Logiciel="JPSIMU"
VERSION="V11.6.2"
<COL:
  1 : TIME ~s (duration since initial conditions)
  2 : XIN ~m (inertial x coordinates)
  3 : YIN ~m (inertial y coordinates)
  4 : ZIN ~m (inertial z coordinates)
>
>
 0.00000000000000e+00       -5.94509956211339e+06       -1.55602389547423e+06       -1.96253901499088e+06
 0.00000000000000e+00       -5.94509956211339e+06       -1.55602389547423e+06       -1.96253901499088e+06
 1.00000000000000e+00       -5.94197856940388e+06       -1.56044931670281e+06       -1.96811141734565e+06
 2.00000000000000e+00       -5.93884966734348e+06       -1.56487121105237e+06       -1.97367920872019e+06
 3.00000000000000e+00       -5.93571287571039e+06       -1.56928955529902e+06       -1.97924235761548e+06
 4.00000000000000e+00       -5.93256821455595e+06       -1.57370432599453e+06       -1.98480083221913e+06
 5.00000000000000e+00       -5.92941570420953e+06       -1.57811549946248e+06       -1.99035460039990e+06
 6.00000000000000e+00       -5.92625536528353e+06       -1.58252305179428e+06       -1.99590362970222e+06
 7.00000000000000e+00       -5.92308721867851e+06       -1.58692695884505e+06       -2.00144788734046e+06
 8.00000000000000e+00       -5.91991128558845e+06       -1.59132719622954e+06       -2.00698734019312e+06
 9.00000000000000e+00       -5.91672758750609e+06       -1.59572373931781e+06       -2.01252195479690e+06
 1.00000000000000e+01       -5.91353614622844e+06       -1.60011656323086e+06       -2.01805169734060e+06
 1.10000000000000e+01       -5.91033698386245e+06       -1.60450564283620e+06       -2.02357653365887e+06
 1.20000000000000e+01       -5.90713012283073e+06       -1.60889095274323e+06       -2.02909642922581e+06
 1.30000000000000e+01       -5.90391558587751e+06       -1.61327246729859e+06       -2.03461134914847e+06
 1.40000000000000e+01       -5.90069339607466e+06       -1.61765016058136e+06       -2.04012125816013e+06
 1.50000000000000e+01       -5.89746357682788e+06       -1.62202400639812e+06       -2.04562612061343e+06
 1.60000000000000e+01       -5.89422615188311e+06       -1.62639397827795e+06       -2.05112590047341e+06
 1.70000000000000e+01       -5.89098114533302e+06       -1.63076004946728e+06       -2.05662056131022e+06
 1.80000000000000e+01       -5.88772858162372e+06       -1.63512219292457e+06       -2.06211006629182e+06
 1.90000000000000e+01       -5.88446848556159e+06       -1.63948038131492e+06       -2.06759437817640e+06
 2.00000000000000e+01       -5.88120088232031e+06       -1.64383458700455e+06       -2.07307345930463e+06
 2.10000000000000e+01       -5.87792579744808e+06       -1.64818478205508e+06       -2.07854727159176e+06
 2.20000000000000e+01       -5.87464325687495e+06       -1.65253093821775e+06       -2.08401577651950e+06
 2.30000000000000e+01       -5.87135328692043e+06       -1.65687302692746e+06       -2.08947893512767e+06
 2.40000000000000e+01       -5.86805591430118e+06       -1.66121101929666e+06       -2.09493670800577e+06
 2.50000000000000e+01       -5.86475116613896e+06       -1.66554488610911e+06       -2.10038905528417e+06
 2.60000000000000e+01       -5.86143906996882e+06       -1.66987459781346e+06       -2.10583593662519e+06
 2.70000000000000e+01       -5.85811965374772e+06       -1.67420012451657e+06       -2.11127731121378e+06
 2.80000000000000e+01       -5.85479294586284e+06       -1.67852143597686e+06       -2.11671313774822e+06
 2.90000000000000e+01       -5.85145897514045e+06       -1.68283850159742e+06       -2.12214337443051e+06
 3.00000000000000e+01       -5.84811777085502e+06       -1.68715129041886e+06       -2.12756797895639e+06
 3.10000000000000e+01       -5.84476936273845e+06       -1.69145977111211e+06       -2.13298690850525e+06
 3.20000000000000e+01       -5.84141378098353e+06       -1.69576391197826e+06       -2.13840011973997e+06
 3.30000000000000e+01       -5.83805105601038e+06       -1.70006368123215e+06       -2.14380756920270e+06
 3.40000000000000e+01       -5.83468121855669e+06       -1.70435904689562e+06       -2.14920921316581e+06
 3.50000000000000e+01       -5.83130429943770e+06       -1.70864997708835e+06       -2.15460500803786e+06
 3.60000000000000e+01       -5.82792033025559e+06       -1.71293643918079e+06       -2.15999490918133e+06
 3.70000000000000e+01       -5.82452934296301e+06       -1.71721840032210e+06       -2.16537887164951e+06
 3.80000000000000e+01       -5.82113137003039e+06       -1.72149582724380e+06       -2.17075684991236e+06
 3.90000000000000e+01       -5.81772644443338e+06       -1.72576868627924e+06       -2.17612879788378e+06
 4.00000000000000e+01       -5.81431459966333e+06       -1.73003694335572e+06       -2.18149466891051e+06
 4.10000000000000e+01       -5.81089586973796e+06       -1.73430056398629e+06       -2.18685441576075e+06
 4.20000000000000e+01       -5.80747028921238e+06       -1.73855951326148e+06       -2.19220799061262e+06
 4.30000000000000e+01       -5.80403789319038e+06       -1.74281375584075e+06       -2.19755534504213e+06
 4.40000000000000e+01       -5.80059871733599e+06       -1.74706325594369e+06       -2.20289643001103e+06
 4.50000000000000e+01       -5.79715279788538e+06       -1.75130797734112e+06       -2.20823119585425e+06
 4.60000000000000e+01       -5.79370017165903e+06       -1.75554788334583e+06       -2.21355959226706e+06
 4.70000000000000e+01       -5.79024087607428e+06       -1.75978293680321e+06       -2.21888156829196e+06
 4.80000000000000e+01       -5.78677494915814e+06       -1.76401310008156e+06       -2.22419707230511e+06
 4.90000000000000e+01       -5.78330242956042e+06       -1.76823833506217e+06       -2.22950605200257e+06
 5.00000000000000e+01       -5.77982335656732e+06       -1.77245860312923e+06       -2.23480845438611e+06
 5.10000000000000e+01       -5.77633777011534e+06       -1.77667386515936e+06       -2.24010422574866e+06
 5.20000000000000e+01       -5.77284571080555e+06       -1.78088408151097e+06       -2.24539331165942e+06
 5.30000000000000e+01       -5.76934721991819e+06       -1.78508921201332e+06       -2.25067565694859e+06
 5.40000000000000e+01       -5.76584233942775e+06       -1.78928921595530e+06       -2.25595120569172e+06
 5.50000000000000e+01       -5.76233111201840e+06       -1.79348405207396e+06       -2.26121990119361e+06
 5.60000000000000e+01       -5.75881358109982e+06       -1.79767367854264e+06       -2.26648168597191e+06
 5.70000000000000e+01       -5.75528979082349e+06       -1.80185805295898e+06       -2.27173650174018e+06
 5.80000000000000e+01       -5.75175978609945e+06       -1.80603713233246e+06       -2.27698428939060e+06
 5.90000000000000e+01       -5.74822361261342e+06       -1.81021087307174e+06       -2.28222498897628e+06
 6.00000000000000e+01       -5.74468131684449e+06       -1.81437923097160e+06       -2.28745853969298e+06
 6.10000000000000e+01       -5.74113294608327e+06       -1.81854216119959e+06       -2.29268487986053e+06
 6.20000000000000e+01       -5.73757854845043e+06       -1.82269961828233e+06       -2.29790394690363e+06
 6.30000000000000e+01       -5.73401817291591e+06       -1.82685155609147e+06       -2.30311567733230e+06
 6.40000000000000e+01       -5.73045186931851e+06       -1.83099792782926e+06       -2.30832000672168e+06
 6.50000000000000e+01       -5.72687968838607e+06       -1.83513868601380e+06       -2.31351686969143e+06
 6.60000000000000e+01       -5.72330168175617e+06       -1.83927378246384e+06       -2.31870619988458e+06
 6.70000000000000e+01       -5.71971790199736e+06       -1.84340316828330e+06       -2.32388792994578e+06
 6.80000000000000e+01       -5.71612840263129e+06       -1.84752679384534e+06       -2.32906199149919e+06
 6.90000000000000e+01       -5.71253323815510e+06       -1.85164460877603e+06       -2.33422831512555e+06
 7.00000000000000e+01       -5.70893246406443e+06       -1.85575656193759e+06       -2.33938683033882e+06
 7.10000000000000e+01       -5.70532613687728e+06       -1.85986260141120e+06       -2.34453746556223e+06
 7.20000000000000e+01       -5.70171431415833e+06       -1.86396267447942e+06       -2.34968014810359e+06
 7.30000000000000e+01       -5.69809705454406e+06       -1.86805672760807e+06       -2.35481480413012e+06
 7.40000000000000e+01       -5.69447441776847e+06       -1.87214470642776e+06       -2.35994135864256e+06
 7.50000000000000e+01       -5.69084646468960e+06       -1.87622655571489e+06       -2.36505973544864e+06
 7.60000000000000e+01       -5.68721325731671e+06       -1.88030221937219e+06       -2.37016985713594e+06
 7.70000000000000e+01       -5.68357485883824e+06       -1.88437164040879e+06       -2.37527164504399e+06
 7.80000000000000e+01       -5.67993133365059e+06       -1.88843476091973e+06       -2.38036501923570e+06
 7.90000000000000e+01       -5.67628274738760e+06       -1.89249152206499e+06       -2.38544989846806e+06
 8.00000000000000e+01       -5.67262916695093e+06       -1.89654186404801e+06       -2.39052620016206e+06
 8.10000000000000e+01       -5.66897066054124e+06       -1.90058572609356e+06       -2.39559384037188e+06
 8.20000000000000e+01       -5.66530729769020e+06       -1.90462304642518e+06       -2.40065273375327e+06
 8.30000000000000e+01       -5.66163914929342e+06       -1.90865376224189e+06       -2.40570279353111e+06
 8.40000000000000e+01       -5.65796628764427e+06       -1.91267780969456e+06       -2.41074393146632e+06
 8.50000000000000e+01       -5.65428878646882e+06       -1.91669512386177e+06       -2.41577605782213e+06
 8.60000000000000e+01       -5.65060672096146e+06       -1.92070563872458e+06       -2.42079908132891e+06
 8.70000000000000e+01       -5.64692016782159e+06       -1.92470928714112e+06       -2.42581290914856e+06
 8.80000000000000e+01       -5.64322920529141e+06       -1.92870600082031e+06       -2.43081744683786e+06
 8.90000000000000e+01       -5.63953391319471e+06       -1.93269571029506e+06       -2.43581259831102e+06
 9.00000000000000e+01       -5.63583437297664e+06       -1.93667834489482e+06       -2.44079826580124e+06
 9.10000000000000e+01       -5.63213066774470e+06       -1.94065383271738e+06       -2.44577434982141e+06
 9.20000000000000e+01       -5.62842288231074e+06       -1.94462210060007e+06       -2.45074074912381e+06
 9.30000000000000e+01       -5.62471110323417e+06       -1.94858307409026e+06       -2.45569736065889e+06
 9.40000000000000e+01       -5.62099541886632e+06       -1.95253667741510e+06       -2.46064407953296e+06
 9.50000000000000e+01       -5.61727591939602e+06       -1.95648283345056e+06       -2.46558079896494e+06
 9.60000000000000e+01       -5.61355269689642e+06       -1.96042146368969e+06       -2.47050741024200e+06
 9.70000000000000e+01       -5.60982584537307e+06       -1.96435248821012e+06       -2.47542380267411e+06
 9.80000000000000e+01       -5.60609546081321e+06       -1.96827582564100e+06       -2.48032986354791e+06
 9.90000000000000e+01       -5.60236164123649e+06       -1.97219139312916e+06       -2.48522547807926e+06
 1.00000000000000e+02       -5.59862448674700e+06       -1.97609910630417e+06       -2.49011052936454e+06
 1.01000000000000e+02       -5.59488409958665e+06       -1.97999887924289e+06       -2.49498489833100e+06
 1.02000000000000e+02       -5.59114058419002e+06       -1.98389062443312e+06       -2.49984846368601e+06
 1.03000000000000e+02       -5.58739404724061e+06       -1.98777425273653e+06       -2.50470110186517e+06
 1.04000000000000e+02       -5.58364459772851e+06       -1.99164967335069e+06       -2.50954268697926e+06
 1.05000000000000e+02       -5.57989234700964e+06       -1.99551679377031e+06       -2.51437309076006e+06
 1.06000000000000e+02       -5.57613740886648e+06       -1.99937551974770e+06       -2.51919218250500e+06
 1.07000000000000e+02       -5.57237989957038e+06       -2.00322575525227e+06       -2.52399982902058e+06
 1.08000000000000e+02       -5.56861993794544e+06       -2.00706740242922e+06       -2.52879589456459e+06
 1.09000000000000e+02       -5.56485764543388e+06       -2.01090036155758e+06       -2.53358024078742e+06
 1.10000000000000e+02       -5.56109314616320e+06       -2.01472453100720e+06       -2.53835272667190e+06
 1.11000000000000e+02       -5.55732656701492e+06       -2.01853980719496e+06       -2.54311320847205e+06
 1.12000000000000e+02       -5.55355803769496e+06       -2.02234608454012e+06       -2.54786153965068e+06
 1.13000000000000e+02       -5.54978769080581e+06       -2.02614325541890e+06       -2.55259757081575e+06
 1.14000000000000e+02       -5.54601566192025e+06       -2.02993121011819e+06       -2.55732114965567e+06
 1.15000000000000e+02       -5.54224208965697e+06       -2.03370983678843e+06       -2.56203212087341e+06
 1.16000000000000e+02       -5.53846711575782e+06       -2.03747902139573e+06       -2.56673032611942e+06
 1.17000000000000e+02       -5.53469088516688e+06       -2.04123864767306e+06       -2.57141560392338e+06
 1.18000000000000e+02       -5.53091354611126e+06       -2.04498859707085e+06       -2.57608778962510e+06
 1.19000000000000e+02       -5.52713525018362e+06       -2.04872874870677e+06       -2.58074671530415e+06
 1.20000000000000e+02       -5.52335615242655e+06       -2.05245897931470e+06       -2.58539220970849e+06
 1.21000000000000e+02       -5.51957641141867e+06       -2.05617916319309e+06       -2.59002409818216e+06
 1.22000000000000e+02       -5.51579618936248e+06       -2.05988917215259e+06       -2.59464220259198e+06
 1.23000000000000e+02       -5.51201565217394e+06       -2.06358887546311e+06       -2.59924634125340e+06
 1.24000000000000e+02       -5.50823496957386e+06       -2.06727813980025e+06       -2.60383632885549e+06
 1.25000000000000e+02       -5.50445431518092e+06       -2.07095682919114e+06       -2.60841197638510e+06
 1.26000000000000e+02       -5.50067386660639e+06       -2.07462480495988e+06       -2.61297309105044e+06
 1.27000000000000e+02       -5.49689380555048e+06       -2.07828192567255e+06       -2.61751947620399e+06
 1.28000000000000e+02       -5.49311431790030e+06       -2.08192804708175e+06       -2.62205093126485e+06
 1.29000000000000e+02       -5.48933559382939e+06       -2.08556302207096e+06       -2.62656725164073e+06
 1.30000000000000e+02       -5.48555782789864e+06       -2.08918670059864e+06       -2.63106822864965e+06
 1.31000000000000e+02       -5.48178121915873e+06       -2.09279892964225e+06       -2.63555364944135e+06
 1.32000000000000e+02       -5.47800597125383e+06       -2.09639955314215e+06       -2.64002329691875e+06
 1.33000000000000e+02       -5.47423229252658e+06       -2.09998841194572e+06       -2.64447694965948e+06
 1.34000000000000e+02       -5.47046039612411e+06       -2.10356534375160e+06       -2.64891438183771e+06
 1.35000000000000e+02       -5.46669050010519e+06       -2.10713018305429e+06       -2.65333536314632e+06
 1.36000000000000e+02       -5.46292282754819e+06       -2.11068276108917e+06       -2.65773965871984e+06
 1.37000000000000e+02       -5.45915760665973e+06       -2.11422290577826e+06       -2.66212702905815e+06
 1.38000000000000e+02       -5.45539507088398e+06       -2.11775044167659e+06       -2.66649722995128e+06
 1.39000000000000e+02       -5.45163545901231e+06       -2.12126518991970e+06       -2.67085001240546e+06
 1.40000000000000e+02       -5.44787901529308e+06       -2.12476696817219e+06       -2.67518512257092e+06
 1.41000000000000e+02       -5.44412598954141e+06       -2.12825559057768e+06       -2.67950230167139e+06
 1.42000000000000e+02       -5.44037663724871e+06       -2.13173086771029e+06       -2.68380128593584e+06
 1.43000000000000e+02       -5.43663121969159e+06       -2.13519260652803e+06       -2.68808180653277e+06
 1.44000000000000e+02       -5.43289000403995e+06       -2.13864061032818e+06       -2.69234358950733e+06
 1.45000000000000e+02       -5.42915326346401e+06       -2.14207467870503e+06       -2.69658635572164e+06
 1.46000000000000e+02       -5.42542127723970e+06       -2.14549460751033e+06       -2.70080982079883e+06
 1.47000000000000e+02       -5.42169433085228e+06       -2.14890018881656e+06       -2.70501369507117e+06
 1.48000000000000e+02       -5.41797271609769e+06       -2.15229121088362e+06       -2.70919768353265e+06
 1.49000000000000e+02       -5.41425673118119e+06       -2.15566745812906e+06       -2.71336148579673e+06
 1.50000000000000e+02       -5.41054668081289e+06       -2.15902871110236e+06       -2.71750479605952e+06
 1.51000000000000e+02       -5.40684287629954e+06       -2.16237474646357e+06       -2.72162730306918e+06
 1.52000000000000e+02       -5.40314563563228e+06       -2.16570533696685e+06       -2.72572869010193e+06
 1.53000000000000e+02       -5.39945528356952e+06       -2.16902025144922e+06       -2.72980863494543e+06
 1.54000000000000e+02       -5.39577215171452e+06       -2.17231925482503e+06       -2.73386680989011e+06
 1.55000000000000e+02       -5.39209657858698e+06       -2.17560210808674e+06       -2.73790288172910e+06
 1.56000000000000e+02       -5.38842890968791e+06       -2.17886856831235e+06       -2.74191651176762e+06
 1.57000000000000e+02       -5.38476949755713e+06       -2.18211838868014e+06       -2.74590735584242e+06
 1.58000000000000e+02       -5.38111870182256e+06       -2.18535131849129e+06       -2.74987506435208e+06
 1.59000000000000e+02       -5.37747688966779e+06       -2.18856710286027e+06       -2.75381928182342e+06
 1.60000000000000e+02       -5.37384443445891e+06       -2.19176548388072e+06       -2.75773964853852e+06
 1.61000000000000e+02       -5.37022174198415e+06       -2.19494617961229e+06       -2.76163577118493e+06
 1.62000000000000e+02       -5.36660914011847e+06       -2.19810897289399e+06       -2.76550734689590e+06
 1.63000000000000e+02       -5.36300726537589e+06       -2.20125340053548e+06       -2.76935372915507e+06
 1.64000000000000e+02       -5.35941646193815e+06       -2.20437923735900e+06       -2.77317460383076e+06
 1.65000000000000e+02       -5.35583721096019e+06       -2.20748615042701e+06       -2.77696950625288e+06
 1.66000000000000e+02       -5.35227000092768e+06       -2.21057380367513e+06       -2.78073796734527e+06
 1.67000000000000e+02       -5.34871532376028e+06       -2.21364186111921e+06       -2.78447951810273e+06
 1.68000000000000e+02       -5.34517368259566e+06       -2.21668998069719e+06       -2.78819368098795e+06
 1.69000000000000e+02       -5.34164559181812e+06       -2.21971781435563e+06       -2.79187997004988e+06
 1.70000000000000e+02       -5.33813157706069e+06       -2.22272500815902e+06       -2.79553789107379e+06
 1.71000000000000e+02       -5.33463217516816e+06       -2.22571120243118e+06       -2.79916694177609e+06
 1.72000000000000e+02       -5.33114793415427e+06       -2.22867603190306e+06       -2.80276661200784e+06
 1.73000000000000e+02       -5.32767941314161e+06       -2.23161912587533e+06       -2.80633638397895e+06
 1.74000000000000e+02       -5.32422718226620e+06       -2.23454010840939e+06       -2.80987573252187e+06
 1.75000000000000e+02       -5.32079182291121e+06       -2.23743859826714e+06       -2.81338412500410e+06
 1.76000000000000e+02       -5.31737395927905e+06       -2.24031418488021e+06       -2.81686098774829e+06
 1.77000000000000e+02       -5.31397427008492e+06       -2.24316641977117e+06       -2.82030569403887e+06
 1.78000000000000e+02       -5.31059345391720e+06       -2.24599484339855e+06       -2.82371760162347e+06
 1.79000000000000e+02       -5.30723222564349e+06       -2.24879898809438e+06       -2.82709605681236e+06
 1.80000000000000e+02       -5.30389131619424e+06       -2.25157837841059e+06       -2.83044039495715e+06
 1.81000000000000e+02       -5.30057147226507e+06       -2.25433253152854e+06       -2.83374994101752e+06
 1.82000000000000e+02       -5.29727345593001e+06       -2.25706095773645e+06       -2.83702401022262e+06
 1.83000000000000e+02       -5.29399804415774e+06       -2.25976316097988e+06       -2.84026190883436e+06
 1.84000000000000e+02       -5.29074602822257e+06       -2.26243863949011e+06       -2.84346293501917e+06
 1.85000000000000e+02       -5.28751821300192e+06       -2.26508688649540e+06       -2.84662637983552e+06
 1.86000000000000e+02       -5.28431541615203e+06       -2.26770739101977e+06       -2.84975152834350e+06
 1.87000000000000e+02       -5.28113846715334e+06       -2.27029963877420e+06       -2.85283766084325e+06
 1.88000000000000e+02       -5.27798820621779e+06       -2.27286311314412e+06       -2.85588405424795e+06
 1.89000000000000e+02       -5.27486548305010e+06       -2.27539729627723e+06       -2.85888998359682e+06
 1.90000000000000e+02       -5.27177115545586e+06       -2.27790167027496e+06       -2.86185472371272e+06
 1.91000000000000e+02       -5.26870608778953e+06       -2.28037571849023e+06       -2.86477755100848e+06
 1.92000000000000e+02       -5.26567114923747e+06       -2.28281892693299e+06       -2.86765774544359e+06
 1.93000000000000e+02       -5.26266721193026e+06       -2.28523078578494e+06       -2.87049459263361e+06
 1.94000000000000e+02       -5.25969514888283e+06       -2.28761079102205e+06       -2.87328738611032e+06
 1.95000000000000e+02       -5.25675583175805e+06       -2.28995844614516e+06       -2.87603542973301e+06
 1.96000000000000e+02       -5.25385012845740e+06       -2.29227326401327e+06       -2.87873804024346e+06
 1.97000000000000e+02       -5.25097890053831e+06       -2.29455476877658e+06       -2.88139454996075e+06
 1.98000000000000e+02       -5.24814300046451e+06       -2.29680249790200e+06       -2.88400430960546e+06
 1.99000000000000e+02       -5.24534326869586e+06       -2.29901600428318e+06       -2.88656669124266e+06
 2.00000000000000e+02       -5.24258053062861e+06       -2.30119485842429e+06       -2.88908109132836e+06
 2.01000000000000e+02       -5.23985559339892e+06       -2.30333865068534e+06       -2.89154693384266e+06
 2.02000000000000e+02       -5.23716924256631e+06       -2.30544699357438e+06       -2.89396367348919e+06
 2.03000000000000e+02       -5.23452223869675e+06       -2.30751952406977e+06       -2.89633079893736e+06
 2.04000000000000e+02       -5.23191531386870e+06       -2.30955590595360e+06       -2.89864783608113e+06
 2.05000000000000e+02       -5.22934916812842e+06       -2.31155583213545e+06       -2.90091435128543e+06
 2.06000000000000e+02       -5.22682446592424e+06       -2.31351902694382e+06       -2.90312995458834e+06
 2.07000000000000e+02       -5.22434183255240e+06       -2.31544524836072e+06       -2.90529430282528e+06
 2.08000000000000e+02       -5.22190185064976e+06       -2.31733429017410e+06       -2.90740710263939e+06
 2.09000000000000e+02       -5.21950505677071e+06       -2.31918598402137e+06       -2.90946811334135e+06
 2.10000000000000e+02       -5.21715193808775e+06       -2.32100020129695e+06       -2.91147714958041e+06
 2.11000000000000e+02       -5.21484292925552e+06       -2.32277685489704e+06       -2.91343408378941e+06
 2.12000000000000e+02       -5.21257840947928e+06       -2.32451590077489e+06       -2.91533884836649e+06
 2.13000000000000e+02       -5.21035869982790e+06       -2.32621733928122e+06       -2.91719143755791e+06
 2.14000000000000e+02       -5.20818406082999e+06       -2.32788121626614e+06       -2.91899190900912e+06
 2.15000000000000e+02       -5.20605469039019e+06       -2.32950762392123e+06       -2.92074038495397e+06
 2.16000000000000e+02       -5.20397072205925e+06       -2.33109670134304e+06       -2.92243705301604e+06
 2.17000000000000e+02       -5.20193222368745e+06       -2.33264863480326e+06       -2.92408216660110e+06
 2.18000000000000e+02       -5.19993919648667e+06       -2.33416365771396e+06       -2.92567604486482e+06
 2.19000000000000e+02       -5.19799157452083e+06       -2.33564205028132e+06       -2.92721907224578e+06
 2.20000000000000e+02       -5.19608922477720e+06       -2.33708413876179e+06       -2.92871169744348e+06
 2.21000000000000e+02       -5.19423195416130e+06       -2.33849029049043e+06       -2.93015442646407e+06
 2.22000000000000e+02       -5.19241947980225e+06       -2.33986093099286e+06       -2.93154784667090e+06
 2.23000000000000e+02       -5.19065134805904e+06       -2.34119659201051e+06       -2.93289269423493e+06
 2.24000000000000e+02       -5.18892706450400e+06       -2.34249783086555e+06       -2.93418974102919e+06
 2.25000000000000e+02       -5.18724604098840e+06       -2.34376526194819e+06       -2.93543983884982e+06
 2.26000000000000e+02       -5.18560764975412e+06       -2.34499952301648e+06       -2.93664387215192e+06
 2.27000000000000e+02       -5.18401121521802e+06       -2.34620127945140e+06       -2.93780276405435e+06
 2.28000000000000e+02       -5.18245601781721e+06       -2.34737122121471e+06       -2.93891747210225e+06
 2.29000000000000e+02       -5.18094129799133e+06       -2.34851005976534e+06       -2.93998898397066e+06
 2.30000000000000e+02       -5.17946626025691e+06       -2.34961852496617e+06       -2.94101831315367e+06
 2.31000000000000e+02       -5.17803007732995e+06       -2.35069736201214e+06       -2.94200649468201e+06
 2.32000000000000e+02       -5.17663189425498e+06       -2.35174732840758e+06       -2.94295458090834e+06
 2.33000000000000e+02       -5.17527083250113e+06       -2.35276919101922e+06       -2.94386363739700e+06
 2.34000000000000e+02       -5.17394599398877e+06       -2.35376372322799e+06       -2.94473473895045e+06
 2.35000000000000e+02       -5.17265646501429e+06       -2.35473170219982e+06       -2.94556896580089e+06
 2.36000000000000e+02       -5.17140132004377e+06       -2.35567390629292e+06       -2.94636739999110e+06
 2.37000000000000e+02       -5.17017962535077e+06       -2.35659111261533e+06       -2.94713112196434e+06
 2.38000000000000e+02       -5.16899044247726e+06       -2.35748409474410e+06       -2.94786120737863e+06
 2.39000000000000e+02       -5.16783283150094e+06       -2.35835362061391e+06       -2.94855872415684e+06
 2.40000000000000e+02       -5.16670585409600e+06       -2.35920045058051e+06       -2.94922472977994e+06
 2.41000000000000e+02       -5.16560857637823e+06       -2.36002533566143e+06       -2.94986026882698e+06
 2.42000000000000e+02       -5.16454007152883e+06       -2.36082901595444e+06       -2.95046637076246e+06
 2.43000000000000e+02       -5.16349942219451e+06       -2.36161221923158e+06       -2.95104404796822e+06
 2.44000000000000e+02       -5.16248572266426e+06       -2.36237565970527e+06       -2.95159429401487e+06
 2.45000000000000e+02       -5.16149808082591e+06       -2.36312003696093e+06       -2.95211808216533e+06
 2.46000000000000e+02       -5.16053561990765e+06       -2.36384603504969e+06       -2.95261636410129e+06
 2.47000000000000e+02       -5.15959748001138e+06       -2.36455432173335e+06       -2.95309006886191e+06
 2.48000000000000e+02       -5.15868281944667e+06       -2.36524554787322e+06       -2.95354010198289e+06
 2.49000000000000e+02       -5.15779081587484e+06       -2.36592034695369e+06       -2.95396734482360e+06
 2.50000000000000e+02       -5.15692066727387e+06       -2.36657933473116e+06       -2.95437265406871e+06
 2.51000000000000e+02       -5.15607159273522e+06       -2.36722310899871e+06       -2.95475686139143e+06
 2.52000000000000e+02       -5.15524283310424e+06       -2.36785224945690e+06       -2.95512077326456e+06
 2.53000000000000e+02       -5.15443365147573e+06       -2.36846731768108e+06       -2.95546517090629e+06
 2.54000000000000e+02       -5.15364333355639e+06       -2.36906885717600e+06       -2.95579081034779e+06
 2.55000000000000e+02       -5.15287118790549e+06       -2.36965739350868e+06       -2.95609842260987e+06
 2.56000000000000e+02       -5.15211654606492e+06       -2.37023343451091e+06       -2.95638871397699e+06
 2.57000000000000e+02       -5.15137876258916e+06       -2.37079747054319e+06       -2.95666236635695e+06
 2.58000000000000e+02       -5.15065721498533e+06       -2.37134997481240e+06       -2.95692003771569e+06
 2.59000000000000e+02       -5.14995130357272e+06       -2.37189140373599e+06       -2.95716236257698e+06
 2.60000000000000e+02       -5.14926045127065e+06       -2.37242219734581e+06       -2.95738995257781e+06
 2.61000000000000e+02       -5.14858410332278e+06       -2.37294277972553e+06       -2.95760339707051e+06
 2.62000000000000e+02       -5.14792172696539e+06       -2.37345355947568e+06       -2.95780326376379e+06
 2.63000000000000e+02       -5.14727281130062e+06       -2.37395493013585e+06       -2.95799009929877e+06
 2.64000000000000e+02       -5.14663686233084e+06       -2.37444727183792e+06       -2.95816443164722e+06
 2.65000000000000e+02       -5.14601341147639e+06       -2.37493094948346e+06       -2.95832676736976e+06
 2.66000000000000e+02       -5.14540198092616e+06       -2.37540632157505e+06       -2.95847760469403e+06
 2.67000000000000e+02       -5.14480212522163e+06       -2.37587373004450e+06       -2.95861741840189e+06
 2.68000000000000e+02       -5.14421341703826e+06       -2.37633350427655e+06       -2.95874666573419e+06
 2.69000000000000e+02       -5.14363544953302e+06       -2.37678596096090e+06       -2.95886578611264e+06
 2.70000000000000e+02       -5.14306783562494e+06       -2.37723140470197e+06       -2.95897520198644e+06
 2.71000000000000e+02       -5.14251020726391e+06       -2.37767012861649e+06       -2.95907531966257e+06
 2.72000000000000e+02       -5.14196221468999e+06       -2.37810241491624e+06       -2.95916653011642e+06
 2.73000000000000e+02       -5.14142352568566e+06       -2.37852853547358e+06       -2.95924920977910e+06
 2.74000000000000e+02       -5.14089382482270e+06       -2.37894875236754e+06       -2.95932372129880e+06
 2.75000000000000e+02       -5.14037281270539e+06       -2.37936331840848e+06       -2.95939041427316e+06
 2.76000000000000e+02       -5.13986020521163e+06       -2.37977247763948e+06       -2.95944962595049e+06
 2.77000000000000e+02       -5.13935573273341e+06       -2.38017646581285e+06       -2.95950168189736e+06
 2.78000000000000e+02       -5.13885913941808e+06       -2.38057551084034e+06       -2.95954689663071e+06
 2.79000000000000e+02       -5.13837018241211e+06       -2.38096983321565e+06       -2.95958557421278e+06
 2.80000000000000e+02       -5.13788863110893e+06       -2.38135964640836e+06       -2.95961800880722e+06
 2.81000000000000e+02       -5.13741426640295e+06       -2.38174515722818e+06       -2.95964448519542e+06
 2.82000000000000e+02       -5.13694687995124e+06       -2.38212656615916e+06       -2.95966527925199e+06
 2.83000000000000e+02       -5.13648627344597e+06       -2.38250406766328e+06       -2.95968065837894e+06
 2.84000000000000e+02       -5.13603225789930e+06       -2.38287785045350e+06       -2.95969088189837e+06
 2.85000000000000e+02       -5.13558465294379e+06       -2.38324809773629e+06       -2.95969620140388e+06
 2.86000000000000e+02       -5.13514328615088e+06       -2.38361498742439e+06       -2.95969686107129e+06
 2.87000000000000e+02       -5.13470799237046e+06       -2.38397869232043e+06       -2.95969309792971e+06
 2.88000000000000e+02       -5.13427861309454e+06       -2.38433938027263e+06       -2.95968514209444e+06
 2.89000000000000e+02       -5.13385499584755e+06       -2.38469721430415e+06       -2.95967321696360e+06
 2.90000000000000e+02       -5.13343699360663e+06       -2.38505235271769e+06       -2.95965753938071e+06
 2.91000000000000e+02       -5.13302446425425e+06       -2.38540494917752e+06       -2.95963831976588e+06
 2.92000000000000e+02       -5.13261727006587e+06       -2.38575515277109e+06       -2.95961576221859e+06
 2.93000000000000e+02       -5.13221527723433e+06       -2.38610310805299e+06       -2.95959006459551e+06
 2.94000000000000e+02       -5.13181835543355e+06       -2.38644895507349e+06       -2.95956141856646e+06
 2.95000000000000e+02       -5.13142637742202e+06       -2.38679282939485e+06       -2.95953000965260e+06
 2.96000000000000e+02       -5.13103921868816e+06       -2.38713486209785e+06       -2.95949601725003e+06
 2.97000000000000e+02       -5.13065675713625e+06       -2.38747517978178e+06       -2.95945961464341e+06
 2.98000000000000e+02       -5.13027887281499e+06       -2.38781390456002e+06       -2.95942096901204e+06
 2.99000000000000e+02       -5.12990544768597e+06       -2.38815115405449e+06       -2.95938024143319e+06
 3.00000000000000e+02       -5.12953636543292e+06       -2.38848704139093e+06       -2.95933758688496e+06
 3.01000000000000e+02       -5.12917151131850e+06       -2.38882167519962e+06       -2.95929315425479e+06
 3.02000000000000e+02       -5.12881077206792e+06       -2.38915515962037e+06       -2.95924708635270e+06
 3.03000000000000e+02       -5.12845403603809e+06       -2.38948759437547e+06       -2.95919952000443e+06
 3.04000000000000e+02       -5.12810119141421e+06       -2.38981907434615e+06       -2.95915058555738e+06
 3.05000000000000e+02       -5.12775213004068e+06       -2.39014969058177e+06       -2.95910040808336e+06
 3.06000000000000e+02       -5.12740674240856e+06       -2.39047952904663e+06       -2.95904910590030e+06
 3.07000000000000e+02       -5.12706488823425e+06       -2.39080866295190e+06       -2.95899678146880e+06
 3.08000000000000e+02       -5.12672641263077e+06       -2.39113715634190e+06       -2.95894352557049e+06
 3.09000000000000e+02       -5.12639116730940e+06       -2.39146506955378e+06       -2.95888942378708e+06
 3.10000000000000e+02       -5.12605901235284e+06       -2.39179245992923e+06       -2.95883455738319e+06
 3.11000000000000e+02       -5.12572981557131e+06       -2.39211938189066e+06       -2.95877900343346e+06
 3.12000000000000e+02       -5.12540345192398e+06       -2.39244588701648e+06       -2.95872283494593e+06
 3.13000000000000e+02       -5.12507980299457e+06       -2.39277202411592e+06       -2.95866612098276e+06
 3.14000000000000e+02       -5.12475875652089e+06       -2.39309783930489e+06       -2.95860892678034e+06
 3.15000000000000e+02       -5.12444020596693e+06       -2.39342337608251e+06       -2.95855131386856e+06
 3.16000000000000e+02       -5.12412405014088e+06       -2.39374867540984e+06       -2.95849334019133e+06
 3.17000000000000e+02       -5.12381019284755e+06       -2.39407377578996e+06       -2.95843506022748e+06
 3.18000000000000e+02       -5.12349854257575e+06       -2.39439871334997e+06       -2.95837652511289e+06
 3.19000000000000e+02       -5.12318901221394e+06       -2.39472352192451e+06       -2.95831778276353e+06
 3.20000000000000e+02       -5.12288151879352e+06       -2.39504823314088e+06       -2.95825887799944e+06
 3.21000000000000e+02       -5.12257598325456e+06       -2.39537287650518e+06       -2.95819985266932e+06
 3.22000000000000e+02       -5.12227233023211e+06       -2.39569747948927e+06       -2.95814074577525e+06
 3.23000000000000e+02       -5.12197048786074e+06       -2.39602206761827e+06       -2.95808159359735e+06
 3.24000000000000e+02       -5.12167038759473e+06       -2.39634666455800e+06       -2.95802242981784e+06
 3.25000000000000e+02       -5.12137196404223e+06       -2.39667129220218e+06       -2.95796328564410e+06
 3.26000000000000e+02       -5.12107515481150e+06       -2.39699597075893e+06       -2.95790418993020e+06
 3.27000000000000e+02       -5.12077990036795e+06       -2.39732071883616e+06       -2.95784516929667e+06
 3.28000000000000e+02       -5.12048614390039e+06       -2.39764555352563e+06       -2.95778624824793e+06
 3.29000000000000e+02       -5.12019383119564e+06       -2.39797049048532e+06       -2.95772744928716e+06
 3.30000000000000e+02       -5.11990291052031e+06       -2.39829554401981e+06       -2.95766879302818e+06
 3.31000000000000e+02       -5.11961333250906e+06       -2.39862072715851e+06       -2.95761029830416e+06
 3.32000000000000e+02       -5.11932505005855e+06       -2.39894605173147e+06       -2.95755198227289e+06
 3.33000000000000e+02       -5.11903801822655e+06       -2.39927152844266e+06       -2.95749386051837e+06
 3.34000000000000e+02       -5.11875219413559e+06       -2.39959716694059e+06       -2.95743594714865e+06
 3.35000000000000e+02       -5.11846753688088e+06       -2.39992297588610e+06       -2.95737825488978e+06
 3.36000000000000e+02       -5.11818400744208e+06       -2.40024896301733e+06       -2.95732079517575e+06
 3.37000000000000e+02       -5.11790156859853e+06       -2.40057513521185e+06       -2.95726357823443e+06
 3.38000000000000e+02       -5.11762018484790e+06       -2.40090149854579e+06       -2.95720661316951e+06
 3.39000000000000e+02       -5.11733982232794e+06       -2.40122805835019e+06       -2.95714990803845e+06
 3.40000000000000e+02       -5.11706044874111e+06       -2.40155481926439e+06       -2.95709346992641e+06
 3.41000000000000e+02       -5.11678203328213e+06       -2.40188178528662e+06       -2.95703730501636e+06
 3.42000000000000e+02       -5.11650454656819e+06       -2.40220895982188e+06       -2.95698141865533e+06
 3.43000000000000e+02       -5.11622796057181e+06       -2.40253634572702e+06       -2.95692581541701e+06
 3.44000000000000e+02       -5.11595224855616e+06       -2.40286394535331e+06       -2.95687049916064e+06
 3.45000000000000e+02       -5.11567738501301e+06       -2.40319176058637e+06       -2.95681547308657e+06
 3.46000000000000e+02       -5.11540334560291e+06       -2.40351979288373e+06       -2.95676073978832e+06
 3.47000000000000e+02       -5.11513010709788e+06       -2.40384804331005e+06       -2.95670630130151e+06
 3.48000000000000e+02       -5.11485764732633e+06       -2.40417651257002e+06       -2.95665215914970e+06
 3.49000000000000e+02       -5.11458594512026e+06       -2.40450520103924e+06       -2.95659831438724e+06
 3.50000000000000e+02       -5.11431498026465e+06       -2.40483410879293e+06       -2.95654476763931e+06
 3.51000000000000e+02       -5.11404473344906e+06       -2.40516323563278e+06       -2.95649151913941e+06
 3.52000000000000e+02       -5.11377518622130e+06       -2.40549258111195e+06       -2.95643856876411e+06
 3.53000000000000e+02       -5.11350632094322e+06       -2.40582214455832e+06       -2.95638591606561e+06
 3.54000000000000e+02       -5.11323812074840e+06       -2.40615192509607e+06       -2.95633356030189e+06
 3.55000000000000e+02       -5.11297056950196e+06       -2.40648192166578e+06       -2.95628150046478e+06
 3.56000000000000e+02       -5.11270365176213e+06       -2.40681213304298e+06       -2.95622973530601e+06
 3.57000000000000e+02       -5.11243735274379e+06       -2.40714255785539e+06       -2.95617826336132e+06
 3.58000000000000e+02       -5.11217165828370e+06       -2.40747319459885e+06       -2.95612708297288e+06
 3.59000000000000e+02       -5.11190655480751e+06       -2.40780404165205e+06       -2.95607619230990e+06
 3.60000000000000e+02       -5.11164202929852e+06       -2.40813509729009e+06       -2.95602558938780e+06
 3.61000000000000e+02       -5.11137806926786e+06       -2.40846635969702e+06       -2.95597527208579e+06
 3.62000000000000e+02       -5.11111466272647e+06       -2.40879782697739e+06       -2.95592523816319e+06
 3.63000000000000e+02       -5.11085179815836e+06       -2.40912949716683e+06       -2.95587548527437e+06
 3.64000000000000e+02       -5.11058946449545e+06       -2.40946136824181e+06       -2.95582601098252e+06
 3.65000000000000e+02       -5.11032765109371e+06       -2.40979343812855e+06       -2.95577681277234e+06
 3.66000000000000e+02       -5.11006634771061e+06       -2.41012570471125e+06       -2.95572788806157e+06
 3.67000000000000e+02       -5.10980554448387e+06       -2.41045816583955e+06       -2.95567923421171e+06
 3.68000000000000e+02       -5.10954523191139e+06       -2.41079081933537e+06       -2.95563084853766e+06
 3.69000000000000e+02       -5.10928540083227e+06       -2.41112366299914e+06       -2.95558272831667e+06
 3.70000000000000e+02       -5.10902604240899e+06       -2.41145669461548e+06       -2.95553487079639e+06
 3.71000000000000e+02       -5.10876714811057e+06       -2.41178991195839e+06       -2.95548727320230e+06
 3.72000000000000e+02       -5.10850870969669e+06       -2.41212331279587e+06       -2.95543993274434e+06
 3.73000000000000e+02       -5.10825071920283e+06       -2.41245689489418e+06       -2.95539284662303e+06
 3.74000000000000e+02       -5.10799316892615e+06       -2.41279065602164e+06       -2.95534601203496e+06
 3.75000000000000e+02       -5.10773605141229e+06       -2.41312459395211e+06       -2.95529942617777e+06
 3.76000000000000e+02       -5.10747935944293e+06       -2.41345870646803e+06       -2.95525308625457e+06
 3.77000000000000e+02       -5.10722308602410e+06       -2.41379299136320e+06       -2.95520698947801e+06
 3.78000000000000e+02       -5.10696722437513e+06       -2.41412744644523e+06       -2.95516113307385e+06
 3.79000000000000e+02       -5.10671176791835e+06       -2.41446206953778e+06       -2.95511551428416e+06
 3.80000000000000e+02       -5.10645671026928e+06       -2.41479685848241e+06       -2.95507013037019e+06
 3.81000000000000e+02       -5.10620204522755e+06       -2.41513181114036e+06       -2.95502497861487e+06
 3.82000000000000e+02       -5.10594776676823e+06       -2.41546692539401e+06       -2.95498005632506e+06
 3.83000000000000e+02       -5.10569386903377e+06       -2.41580219914817e+06       -2.95493536083348e+06
 3.84000000000000e+02       -5.10544034632633e+06       -2.41613763033122e+06       -2.95489088950042e+06
 3.85000000000000e+02       -5.10518719310067e+06       -2.41647321689602e+06       -2.95484663971516e+06
 3.86000000000000e+02       -5.10493440395734e+06       -2.41680895682078e+06       -2.95480260889730e+06
 3.87000000000000e+02       -5.10468197363639e+06       -2.41714484810967e+06       -2.95475879449776e+06
 3.88000000000000e+02       -5.10442989701133e+06       -2.41748088879342e+06       -2.95471519399965e+06
 3.89000000000000e+02       -5.10417816908355e+06       -2.41781707692971e+06       -2.95467180491909e+06
 3.90000000000000e+02       -5.10392678497699e+06       -2.41815341060352e+06       -2.95462862480567e+06
 3.91000000000000e+02       -5.10367573993311e+06       -2.41848988792738e+06       -2.95458565124301e+06
 3.92000000000000e+02       -5.10342502930621e+06       -2.41882650704153e+06       -2.95454288184900e+06
 3.93000000000000e+02       -5.10317464855898e+06       -2.41916326611400e+06       -2.95450031427609e+06
 3.94000000000000e+02       -5.10292459325827e+06       -2.41950016334061e+06       -2.95445794621140e+06
 3.95000000000000e+02       -5.10267485964545e+06       -2.41983719721621e+06       -2.95441577571010e+06
 3.95106035949445e+02       -5.10264839719722e+06       -2.41987294267702e+06       -2.95441131538355e+06
 3.95106035949445e+02       -5.10264839719722e+06       -2.41987294267702e+06       -2.95441131538355e+06
