CIC_OEM_VERS = 2.0
COMMENT ephemeris
CREATION_DATE = 2022-03-31T20:42:01.985
ORIGINATOR = CNES

META_START

COMMENT Ephemeris file in EME2000
OBJECT_NAME = Sat
OBJECT_ID = Sat
CENTER_NAME = EARTH
REF_FRAME = EME2000
TIME_SYSTEM = UTC

META_STOP

 2022-01-01T00:50:20.000             -5.94509956e+03             -1.55602390e+03             -1.96253901e+03              3.11703151e+00             -4.42717698e+00             -5.57469742e+00
 2022-01-01T00:50:20.000             -5.94509956e+03             -1.55602390e+03             -1.96253901e+03              3.11703151e+00             -4.42717698e+00             -5.57469742e+00
 2022-01-01T00:50:21.000             -5.94197857e+03             -1.56044932e+03             -1.96811142e+03              3.12495066e+00             -4.42366164e+00             -5.57010209e+00
 2022-01-01T00:50:22.000             -5.93884967e+03             -1.56487121e+03             -1.97367921e+03              3.13285017e+00             -4.42012319e+00             -5.56547541e+00
 2022-01-01T00:50:23.000             -5.93571288e+03             -1.56928956e+03             -1.97924236e+03              3.14072976e+00             -4.41656140e+00             -5.56081708e+00
 2022-01-01T00:50:24.000             -5.93256821e+03             -1.57370433e+03             -1.98480083e+03              3.14858916e+00             -4.41297605e+00             -5.55612677e+00
 2022-01-01T00:50:25.000             -5.92941570e+03             -1.57811550e+03             -1.99035460e+03              3.15642810e+00             -4.40936690e+00             -5.55140418e+00
 2022-01-01T00:50:26.000             -5.92625537e+03             -1.58252305e+03             -1.99590363e+03              3.16424627e+00             -4.40573374e+00             -5.54664896e+00
 2022-01-01T00:50:27.000             -5.92308722e+03             -1.58692696e+03             -2.00144789e+03              3.17204340e+00             -4.40207630e+00             -5.54186079e+00
 2022-01-01T00:50:28.000             -5.91991129e+03             -1.59132720e+03             -2.00698734e+03              3.17981919e+00             -4.39839436e+00             -5.53703933e+00
 2022-01-01T00:50:29.000             -5.91672759e+03             -1.59572374e+03             -2.01252195e+03              3.18757334e+00             -4.39468767e+00             -5.53218424e+00
 2022-01-01T00:50:30.000             -5.91353615e+03             -1.60011656e+03             -2.01805170e+03              3.19530553e+00             -4.39095597e+00             -5.52729516e+00
 2022-01-01T00:50:31.000             -5.91033698e+03             -1.60450564e+03             -2.02357653e+03              3.20301546e+00             -4.38719901e+00             -5.52237173e+00
 2022-01-01T00:50:32.000             -5.90713012e+03             -1.60889095e+03             -2.02909643e+03              3.21070281e+00             -4.38341653e+00             -5.51741359e+00
 2022-01-01T00:50:33.000             -5.90391559e+03             -1.61327247e+03             -2.03461135e+03              3.21836725e+00             -4.37960826e+00             -5.51242038e+00
 2022-01-01T00:50:34.000             -5.90069340e+03             -1.61765016e+03             -2.04012126e+03              3.22600845e+00             -4.37577394e+00             -5.50739171e+00
 2022-01-01T00:50:35.000             -5.89746358e+03             -1.62202401e+03             -2.04562612e+03              3.23362608e+00             -4.37191328e+00             -5.50232720e+00
 2022-01-01T00:50:36.000             -5.89422615e+03             -1.62639398e+03             -2.05112590e+03              3.24121979e+00             -4.36802602e+00             -5.49722645e+00
 2022-01-01T00:50:37.000             -5.89098115e+03             -1.63076005e+03             -2.05662056e+03              3.24878923e+00             -4.36411185e+00             -5.49208908e+00
 2022-01-01T00:50:38.000             -5.88772858e+03             -1.63512219e+03             -2.06211007e+03              3.25633405e+00             -4.36017050e+00             -5.48691467e+00
 2022-01-01T00:50:39.000             -5.88446849e+03             -1.63948038e+03             -2.06759438e+03              3.26385388e+00             -4.35620167e+00             -5.48170282e+00
 2022-01-01T00:50:40.000             -5.88120088e+03             -1.64383459e+03             -2.07307346e+03              3.27134835e+00             -4.35220505e+00             -5.47645309e+00
 2022-01-01T00:50:41.000             -5.87792580e+03             -1.64818478e+03             -2.07854727e+03              3.27881708e+00             -4.34818034e+00             -5.47116506e+00
 2022-01-01T00:50:42.000             -5.87464326e+03             -1.65253094e+03             -2.08401578e+03              3.28625968e+00             -4.34412722e+00             -5.46583830e+00
 2022-01-01T00:50:43.000             -5.87135329e+03             -1.65687303e+03             -2.08947894e+03              3.29367577e+00             -4.34004538e+00             -5.46047235e+00
 2022-01-01T00:50:44.000             -5.86805591e+03             -1.66121102e+03             -2.09493671e+03              3.30106495e+00             -4.33593449e+00             -5.45506676e+00
 2022-01-01T00:50:45.000             -5.86475117e+03             -1.66554489e+03             -2.10038906e+03              3.30842679e+00             -4.33179421e+00             -5.44962107e+00
 2022-01-01T00:50:46.000             -5.86143907e+03             -1.66987460e+03             -2.10583594e+03              3.31576089e+00             -4.32762421e+00             -5.44413481e+00
 2022-01-01T00:50:47.000             -5.85811965e+03             -1.67420012e+03             -2.11127731e+03              3.32306682e+00             -4.32342415e+00             -5.43860749e+00
 2022-01-01T00:50:48.000             -5.85479295e+03             -1.67852144e+03             -2.11671314e+03              3.33034415e+00             -4.31919367e+00             -5.43303862e+00
 2022-01-01T00:50:49.000             -5.85145898e+03             -1.68283850e+03             -2.12214337e+03              3.33759242e+00             -4.31493241e+00             -5.42742770e+00
 2022-01-01T00:50:50.000             -5.84811777e+03             -1.68715129e+03             -2.12756798e+03              3.34481119e+00             -4.31064001e+00             -5.42177422e+00
 2022-01-01T00:50:51.000             -5.84476936e+03             -1.69145977e+03             -2.13298691e+03              3.35200001e+00             -4.30631609e+00             -5.41607766e+00
 2022-01-01T00:50:52.000             -5.84141378e+03             -1.69576391e+03             -2.13840012e+03              3.35915841e+00             -4.30196031e+00             -5.41033752e+00
 2022-01-01T00:50:53.000             -5.83805106e+03             -1.70006368e+03             -2.14380757e+03              3.36628636e+00             -4.29757280e+00             -5.40455402e+00
 2022-01-01T00:50:54.000             -5.83468122e+03             -1.70435905e+03             -2.14920921e+03              3.37338352e+00             -4.29315334e+00             -5.39872682e+00
 2022-01-01T00:50:55.000             -5.83130430e+03             -1.70864998e+03             -2.15460501e+03              3.38044943e+00             -4.28870158e+00             -5.39285544e+00
 2022-01-01T00:50:56.000             -5.82792033e+03             -1.71293644e+03             -2.15999491e+03              3.38748361e+00             -4.28421713e+00             -5.38693935e+00
 2022-01-01T00:50:57.000             -5.82452934e+03             -1.71721840e+03             -2.16537887e+03              3.39448557e+00             -4.27969961e+00             -5.38097800e+00
 2022-01-01T00:50:58.000             -5.82113137e+03             -1.72149583e+03             -2.17075685e+03              3.40145480e+00             -4.27514862e+00             -5.37497085e+00
 2022-01-01T00:50:59.000             -5.81772644e+03             -1.72576869e+03             -2.17612880e+03              3.40839081e+00             -4.27056377e+00             -5.36891732e+00
 2022-01-01T00:51:00.000             -5.81431460e+03             -1.73003694e+03             -2.18149467e+03              3.41529306e+00             -4.26594464e+00             -5.36281686e+00
 2022-01-01T00:51:01.000             -5.81089587e+03             -1.73430056e+03             -2.18685442e+03              3.42216103e+00             -4.26129081e+00             -5.35666887e+00
 2022-01-01T00:51:02.000             -5.80747029e+03             -1.73855951e+03             -2.19220799e+03              3.42899417e+00             -4.25660185e+00             -5.35047276e+00
 2022-01-01T00:51:03.000             -5.80403789e+03             -1.74281376e+03             -2.19755535e+03              3.43579193e+00             -4.25187734e+00             -5.34422792e+00
 2022-01-01T00:51:04.000             -5.80059872e+03             -1.74706326e+03             -2.20289643e+03              3.44255374e+00             -4.24711683e+00             -5.33793374e+00
 2022-01-01T00:51:05.000             -5.79715280e+03             -1.75130798e+03             -2.20823120e+03              3.44927902e+00             -4.24231985e+00             -5.33158957e+00
 2022-01-01T00:51:06.000             -5.79370017e+03             -1.75554788e+03             -2.21355959e+03              3.45596719e+00             -4.23748596e+00             -5.32519477e+00
 2022-01-01T00:51:07.000             -5.79024088e+03             -1.75978294e+03             -2.21888157e+03              3.46261764e+00             -4.23261468e+00             -5.31874868e+00
 2022-01-01T00:51:08.000             -5.78677495e+03             -1.76401310e+03             -2.22419707e+03              3.46922975e+00             -4.22770552e+00             -5.31225063e+00
 2022-01-01T00:51:09.000             -5.78330243e+03             -1.76823834e+03             -2.22950605e+03              3.47580290e+00             -4.22275800e+00             -5.30569993e+00
 2022-01-01T00:51:10.000             -5.77982336e+03             -1.77245860e+03             -2.23480845e+03              3.48233643e+00             -4.21777161e+00             -5.29909588e+00
 2022-01-01T00:51:11.000             -5.77633777e+03             -1.77667387e+03             -2.24010423e+03              3.48882970e+00             -4.21274584e+00             -5.29243777e+00
 2022-01-01T00:51:12.000             -5.77284571e+03             -1.78088408e+03             -2.24539331e+03              3.49528204e+00             -4.20768017e+00             -5.28572486e+00
 2022-01-01T00:51:13.000             -5.76934722e+03             -1.78508921e+03             -2.25067566e+03              3.50169274e+00             -4.20257405e+00             -5.27895640e+00
 2022-01-01T00:51:14.000             -5.76584234e+03             -1.78928922e+03             -2.25595121e+03              3.50806112e+00             -4.19742695e+00             -5.27213164e+00
 2022-01-01T00:51:15.000             -5.76233111e+03             -1.79348405e+03             -2.26121990e+03              3.51438646e+00             -4.19223831e+00             -5.26524979e+00
 2022-01-01T00:51:16.000             -5.75881358e+03             -1.79767368e+03             -2.26648169e+03              3.52066802e+00             -4.18700756e+00             -5.25831006e+00
 2022-01-01T00:51:17.000             -5.75528979e+03             -1.80185805e+03             -2.27173650e+03              3.52690505e+00             -4.18173411e+00             -5.25131163e+00
 2022-01-01T00:51:18.000             -5.75175979e+03             -1.80603713e+03             -2.27698429e+03              3.53309678e+00             -4.17641737e+00             -5.24425368e+00
 2022-01-01T00:51:19.000             -5.74822361e+03             -1.81021087e+03             -2.28222499e+03              3.53924244e+00             -4.17105674e+00             -5.23713536e+00
 2022-01-01T00:51:20.000             -5.74468132e+03             -1.81437923e+03             -2.28745854e+03              3.54534122e+00             -4.16565159e+00             -5.22995580e+00
 2022-01-01T00:51:21.000             -5.74113295e+03             -1.81854216e+03             -2.29268488e+03              3.55139229e+00             -4.16020129e+00             -5.22271411e+00
 2022-01-01T00:51:22.000             -5.73757855e+03             -1.82269962e+03             -2.29790395e+03              3.55739482e+00             -4.15470519e+00             -5.21540939e+00
 2022-01-01T00:51:23.000             -5.73401817e+03             -1.82685156e+03             -2.30311568e+03              3.56334795e+00             -4.14916263e+00             -5.20804073e+00
 2022-01-01T00:51:24.000             -5.73045187e+03             -1.83099793e+03             -2.30832001e+03              3.56925079e+00             -4.14357293e+00             -5.20060716e+00
 2022-01-01T00:51:25.000             -5.72687969e+03             -1.83513869e+03             -2.31351687e+03              3.57510246e+00             -4.13793541e+00             -5.19310772e+00
 2022-01-01T00:51:26.000             -5.72330168e+03             -1.83927378e+03             -2.31870620e+03              3.58090203e+00             -4.13224934e+00             -5.18554144e+00
 2022-01-01T00:51:27.000             -5.71971790e+03             -1.84340317e+03             -2.32388793e+03              3.58664856e+00             -4.12651402e+00             -5.17790729e+00
 2022-01-01T00:51:28.000             -5.71612840e+03             -1.84752679e+03             -2.32906199e+03              3.59234109e+00             -4.12072871e+00             -5.17020425e+00
 2022-01-01T00:51:29.000             -5.71253324e+03             -1.85164461e+03             -2.33422832e+03              3.59797862e+00             -4.11489263e+00             -5.16243126e+00
 2022-01-01T00:51:30.000             -5.70893246e+03             -1.85575656e+03             -2.33938683e+03              3.60356014e+00             -4.10900504e+00             -5.15458724e+00
 2022-01-01T00:51:31.000             -5.70532614e+03             -1.85986260e+03             -2.34453747e+03              3.60908464e+00             -4.10306512e+00             -5.14667109e+00
 2022-01-01T00:51:32.000             -5.70171431e+03             -1.86396267e+03             -2.34968015e+03              3.61455103e+00             -4.09707209e+00             -5.13868169e+00
 2022-01-01T00:51:33.000             -5.69809705e+03             -1.86805673e+03             -2.35481480e+03              3.61995824e+00             -4.09102511e+00             -5.13061787e+00
 2022-01-01T00:51:34.000             -5.69447442e+03             -1.87214471e+03             -2.35994136e+03              3.62530517e+00             -4.08492333e+00             -5.12247846e+00
 2022-01-01T00:51:35.000             -5.69084646e+03             -1.87622656e+03             -2.36505974e+03              3.63059066e+00             -4.07876590e+00             -5.11426225e+00
 2022-01-01T00:51:36.000             -5.68721326e+03             -1.88030222e+03             -2.37016986e+03              3.63581356e+00             -4.07255192e+00             -5.10596801e+00
 2022-01-01T00:51:37.000             -5.68357486e+03             -1.88437164e+03             -2.37527165e+03              3.64097267e+00             -4.06628050e+00             -5.09759448e+00
 2022-01-01T00:51:38.000             -5.67993133e+03             -1.88843476e+03             -2.38036502e+03              3.64606677e+00             -4.05995071e+00             -5.08914036e+00
 2022-01-01T00:51:39.000             -5.67628275e+03             -1.89249152e+03             -2.38544990e+03              3.65109461e+00             -4.05356161e+00             -5.08060434e+00
 2022-01-01T00:51:40.000             -5.67262917e+03             -1.89654186e+03             -2.39052620e+03              3.65605490e+00             -4.04711223e+00             -5.07198506e+00
 2022-01-01T00:51:41.000             -5.66897066e+03             -1.90058573e+03             -2.39559384e+03              3.66094633e+00             -4.04060157e+00             -5.06328114e+00
 2022-01-01T00:51:42.000             -5.66530730e+03             -1.90462305e+03             -2.40065273e+03              3.66576756e+00             -4.03402863e+00             -5.05449116e+00
 2022-01-01T00:51:43.000             -5.66163915e+03             -1.90865376e+03             -2.40570279e+03              3.67051719e+00             -4.02739236e+00             -5.04561369e+00
 2022-01-01T00:51:44.000             -5.65796629e+03             -1.91267781e+03             -2.41074393e+03              3.67519382e+00             -4.02069172e+00             -5.03664723e+00
 2022-01-01T00:51:45.000             -5.65428879e+03             -1.91669512e+03             -2.41577606e+03              3.67979600e+00             -4.01392561e+00             -5.02759027e+00
 2022-01-01T00:51:46.000             -5.65060672e+03             -1.92070564e+03             -2.42079908e+03              3.68432223e+00             -4.00709292e+00             -5.01844127e+00
 2022-01-01T00:51:47.000             -5.64692017e+03             -1.92470929e+03             -2.42581291e+03              3.68877101e+00             -4.00019253e+00             -5.00919863e+00
 2022-01-01T00:51:48.000             -5.64322921e+03             -1.92870600e+03             -2.43081745e+03              3.69314075e+00             -3.99322325e+00             -4.99986073e+00
 2022-01-01T00:51:49.000             -5.63953391e+03             -1.93269571e+03             -2.43581260e+03              3.69742987e+00             -3.98618392e+00             -4.99042592e+00
 2022-01-01T00:51:50.000             -5.63583437e+03             -1.93667834e+03             -2.44079827e+03              3.70163672e+00             -3.97907330e+00             -4.98089248e+00
 2022-01-01T00:51:51.000             -5.63213067e+03             -1.94065383e+03             -2.44577435e+03              3.70575961e+00             -3.97189015e+00             -4.97125868e+00
 2022-01-01T00:51:52.000             -5.62842288e+03             -1.94462210e+03             -2.45074075e+03              3.70979683e+00             -3.96463320e+00             -4.96152275e+00
 2022-01-01T00:51:53.000             -5.62471110e+03             -1.94858307e+03             -2.45569736e+03              3.71374660e+00             -3.95730115e+00             -4.95168284e+00
 2022-01-01T00:51:54.000             -5.62099542e+03             -1.95253668e+03             -2.46064408e+03              3.71760711e+00             -3.94989265e+00             -4.94173711e+00
 2022-01-01T00:51:55.000             -5.61727592e+03             -1.95648283e+03             -2.46558080e+03              3.72137649e+00             -3.94240634e+00             -4.93168364e+00
 2022-01-01T00:51:56.000             -5.61355270e+03             -1.96042146e+03             -2.47050741e+03              3.72505284e+00             -3.93484082e+00             -4.92152047e+00
 2022-01-01T00:51:57.000             -5.60982585e+03             -1.96435249e+03             -2.47542380e+03              3.72863421e+00             -3.92719466e+00             -4.91124561e+00
 2022-01-01T00:51:58.000             -5.60609546e+03             -1.96827583e+03             -2.48032986e+03              3.73211858e+00             -3.91946639e+00             -4.90085701e+00
 2022-01-01T00:51:59.000             -5.60236164e+03             -1.97219139e+03             -2.48522548e+03              3.73550389e+00             -3.91165452e+00             -4.89035257e+00
 2022-01-01T00:52:00.000             -5.59862449e+03             -1.97609911e+03             -2.49011053e+03              3.73878805e+00             -3.90375751e+00             -4.87973015e+00
 2022-01-01T00:52:01.000             -5.59488410e+03             -1.97999888e+03             -2.49498490e+03              3.74196887e+00             -3.89577378e+00             -4.86898756e+00
 2022-01-01T00:52:02.000             -5.59114058e+03             -1.98389062e+03             -2.49984846e+03              3.74504414e+00             -3.88770174e+00             -4.85812255e+00
 2022-01-01T00:52:03.000             -5.58739405e+03             -1.98777425e+03             -2.50470110e+03              3.74801159e+00             -3.87953973e+00             -4.84713282e+00
 2022-01-01T00:52:04.000             -5.58364460e+03             -1.99164967e+03             -2.50954269e+03              3.75086887e+00             -3.87128608e+00             -4.83601603e+00
 2022-01-01T00:52:05.000             -5.57989235e+03             -1.99551679e+03             -2.51437309e+03              3.75361360e+00             -3.86293905e+00             -4.82476975e+00
 2022-01-01T00:52:06.000             -5.57613741e+03             -1.99937552e+03             -2.51919218e+03              3.75624331e+00             -3.85449690e+00             -4.81339154e+00
 2022-01-01T00:52:07.000             -5.57237990e+03             -2.00322576e+03             -2.52399983e+03              3.75875548e+00             -3.84595780e+00             -4.80187887e+00
 2022-01-01T00:52:08.000             -5.56861994e+03             -2.00706740e+03             -2.52879589e+03              3.76114753e+00             -3.83731993e+00             -4.79022916e+00
 2022-01-01T00:52:09.000             -5.56485765e+03             -2.01090036e+03             -2.53358024e+03              3.76341681e+00             -3.82858139e+00             -4.77843978e+00
 2022-01-01T00:52:10.000             -5.56109315e+03             -2.01472453e+03             -2.53835273e+03              3.76556059e+00             -3.81974025e+00             -4.76650803e+00
 2022-01-01T00:52:11.000             -5.55732657e+03             -2.01853981e+03             -2.54311321e+03              3.76757609e+00             -3.81079453e+00             -4.75443115e+00
 2022-01-01T00:52:12.000             -5.55355804e+03             -2.02234608e+03             -2.54786154e+03              3.76946045e+00             -3.80174222e+00             -4.74220631e+00
 2022-01-01T00:52:13.000             -5.54978769e+03             -2.02614326e+03             -2.55259757e+03              3.77121073e+00             -3.79258125e+00             -4.72983063e+00
 2022-01-01T00:52:14.000             -5.54601566e+03             -2.02993121e+03             -2.55732115e+03              3.77282394e+00             -3.78330951e+00             -4.71730116e+00
 2022-01-01T00:52:15.000             -5.54224209e+03             -2.03370984e+03             -2.56203212e+03              3.77429697e+00             -3.77392483e+00             -4.70461488e+00
 2022-01-01T00:52:16.000             -5.53846712e+03             -2.03747902e+03             -2.56673033e+03              3.77562667e+00             -3.76442501e+00             -4.69176870e+00
 2022-01-01T00:52:17.000             -5.53469089e+03             -2.04123865e+03             -2.57141560e+03              3.77680981e+00             -3.75480779e+00             -4.67875947e+00
 2022-01-01T00:52:18.000             -5.53091355e+03             -2.04498860e+03             -2.57608779e+03              3.77784304e+00             -3.74507086e+00             -4.66558395e+00
 2022-01-01T00:52:19.000             -5.52713525e+03             -2.04872875e+03             -2.58074672e+03              3.77872297e+00             -3.73521187e+00             -4.65223886e+00
 2022-01-01T00:52:20.000             -5.52335615e+03             -2.05245898e+03             -2.58539221e+03              3.77944611e+00             -3.72522840e+00             -4.63872084e+00
 2022-01-01T00:52:21.000             -5.51957641e+03             -2.05617916e+03             -2.59002410e+03              3.78000887e+00             -3.71511799e+00             -4.62502642e+00
 2022-01-01T00:52:22.000             -5.51579619e+03             -2.05988917e+03             -2.59464220e+03              3.78040759e+00             -3.70487814e+00             -4.61115212e+00
 2022-01-01T00:52:23.000             -5.51201565e+03             -2.06358888e+03             -2.59924634e+03              3.78063850e+00             -3.69450626e+00             -4.59709432e+00
 2022-01-01T00:52:24.000             -5.50823497e+03             -2.06727814e+03             -2.60383633e+03              3.78069776e+00             -3.68399975e+00             -4.58284938e+00
 2022-01-01T00:52:25.000             -5.50445432e+03             -2.07095683e+03             -2.60841198e+03              3.78058142e+00             -3.67335592e+00             -4.56841355e+00
 2022-01-01T00:52:26.000             -5.50067387e+03             -2.07462480e+03             -2.61297309e+03              3.78028544e+00             -3.66257205e+00             -4.55378301e+00
 2022-01-01T00:52:27.000             -5.49689381e+03             -2.07828193e+03             -2.61751948e+03              3.77980569e+00             -3.65164534e+00             -4.53895387e+00
 2022-01-01T00:52:28.000             -5.49311432e+03             -2.08192805e+03             -2.62205093e+03              3.77913792e+00             -3.64057296e+00             -4.52392216e+00
 2022-01-01T00:52:29.000             -5.48933559e+03             -2.08556302e+03             -2.62656725e+03              3.77827780e+00             -3.62935201e+00             -4.50868382e+00
 2022-01-01T00:52:30.000             -5.48555783e+03             -2.08918670e+03             -2.63106823e+03              3.77722089e+00             -3.61797954e+00             -4.49323473e+00
 2022-01-01T00:52:31.000             -5.48178122e+03             -2.09279893e+03             -2.63555365e+03              3.77596265e+00             -3.60645254e+00             -4.47757068e+00
 2022-01-01T00:52:32.000             -5.47800597e+03             -2.09639955e+03             -2.64002330e+03              3.77449844e+00             -3.59476794e+00             -4.46168738e+00
 2022-01-01T00:52:33.000             -5.47423229e+03             -2.09998841e+03             -2.64447695e+03              3.77282350e+00             -3.58292262e+00             -4.44558047e+00
 2022-01-01T00:52:34.000             -5.47046040e+03             -2.10356534e+03             -2.64891438e+03              3.77093297e+00             -3.57091341e+00             -4.42924551e+00
 2022-01-01T00:52:35.000             -5.46669050e+03             -2.10713018e+03             -2.65333536e+03              3.76882189e+00             -3.55873707e+00             -4.41267797e+00
 2022-01-01T00:52:36.000             -5.46292283e+03             -2.11068276e+03             -2.65773966e+03              3.76648519e+00             -3.54639032e+00             -4.39587326e+00
 2022-01-01T00:52:37.000             -5.45915761e+03             -2.11422291e+03             -2.66212703e+03              3.76391768e+00             -3.53386982e+00             -4.37882671e+00
 2022-01-01T00:52:38.000             -5.45539507e+03             -2.11775044e+03             -2.66649723e+03              3.76111407e+00             -3.52117217e+00             -4.36153357e+00
 2022-01-01T00:52:39.000             -5.45163546e+03             -2.12126519e+03             -2.67085001e+03              3.75806896e+00             -3.50829393e+00             -4.34398903e+00
 2022-01-01T00:52:40.000             -5.44787902e+03             -2.12476697e+03             -2.67518512e+03              3.75477684e+00             -3.49523160e+00             -4.32618818e+00
 2022-01-01T00:52:41.000             -5.44412599e+03             -2.12825559e+03             -2.67950230e+03              3.75123208e+00             -3.48198164e+00             -4.30812606e+00
 2022-01-01T00:52:42.000             -5.44037664e+03             -2.13173087e+03             -2.68380129e+03              3.74742896e+00             -3.46854045e+00             -4.28979766e+00
 2022-01-01T00:52:43.000             -5.43663122e+03             -2.13519261e+03             -2.68808181e+03              3.74336163e+00             -3.45490440e+00             -4.27119787e+00
 2022-01-01T00:52:44.000             -5.43289000e+03             -2.13864061e+03             -2.69234359e+03              3.73902415e+00             -3.44106980e+00             -4.25232155e+00
 2022-01-01T00:52:45.000             -5.42915326e+03             -2.14207468e+03             -2.69658636e+03              3.73441046e+00             -3.42703293e+00             -4.23316348e+00
 2022-01-01T00:52:46.000             -5.42542128e+03             -2.14549461e+03             -2.70080982e+03              3.72951441e+00             -3.41279003e+00             -4.21371840e+00
 2022-01-01T00:52:47.000             -5.42169433e+03             -2.14890019e+03             -2.70501370e+03              3.72432973e+00             -3.39833730e+00             -4.19398098e+00
 2022-01-01T00:52:48.000             -5.41797272e+03             -2.15229121e+03             -2.70919768e+03              3.71885008e+00             -3.38367091e+00             -4.17394588e+00
 2022-01-01T00:52:49.000             -5.41425673e+03             -2.15566746e+03             -2.71336149e+03              3.71306897e+00             -3.36878701e+00             -4.15360768e+00
 2022-01-01T00:52:50.000             -5.41054668e+03             -2.15902871e+03             -2.71750480e+03              3.70697988e+00             -3.35368172e+00             -4.13296097e+00
 2022-01-01T00:52:51.000             -5.40684288e+03             -2.16237475e+03             -2.72162730e+03              3.70057615e+00             -3.33835113e+00             -4.11200027e+00
 2022-01-01T00:52:52.000             -5.40314564e+03             -2.16570534e+03             -2.72572869e+03              3.69385106e+00             -3.32279135e+00             -4.09072010e+00
 2022-01-01T00:52:53.000             -5.39945528e+03             -2.16902025e+03             -2.72980863e+03              3.68679780e+00             -3.30699844e+00             -4.06911497e+00
 2022-01-01T00:52:54.000             -5.39577215e+03             -2.17231925e+03             -2.73386681e+03              3.67940949e+00             -3.29096848e+00             -4.04717938e+00
 2022-01-01T00:52:55.000             -5.39209658e+03             -2.17560211e+03             -2.73790288e+03              3.67167918e+00             -3.27469756e+00             -4.02490784e+00
 2022-01-01T00:52:56.000             -5.38842891e+03             -2.17886857e+03             -2.74191651e+03              3.66359986e+00             -3.25818176e+00             -4.00229487e+00
 2022-01-01T00:52:57.000             -5.38476950e+03             -2.18211839e+03             -2.74590736e+03              3.65516446e+00             -3.24141719e+00             -3.97933501e+00
 2022-01-01T00:52:58.000             -5.38111870e+03             -2.18535132e+03             -2.74987506e+03              3.64636588e+00             -3.22440000e+00             -3.95602284e+00
 2022-01-01T00:52:59.000             -5.37747689e+03             -2.18856710e+03             -2.75381928e+03              3.63719672e+00             -3.20712616e+00             -3.93235272e+00
 2022-01-01T00:53:00.000             -5.37384443e+03             -2.19176548e+03             -2.75773965e+03              3.62764954e+00             -3.18959166e+00             -3.90831903e+00
 2022-01-01T00:53:01.000             -5.37022174e+03             -2.19494618e+03             -2.76163577e+03              3.61769698e+00             -3.17177657e+00             -3.88389389e+00
 2022-01-01T00:53:02.000             -5.36660914e+03             -2.19810897e+03             -2.76550735e+03              3.60730720e+00             -3.15365755e+00             -3.85904469e+00
 2022-01-01T00:53:03.000             -5.36300727e+03             -2.20125340e+03             -2.76935373e+03              3.59643538e+00             -3.13520092e+00             -3.83372434e+00
 2022-01-01T00:53:04.000             -5.35941646e+03             -2.20437924e+03             -2.77317460e+03              3.58511027e+00             -3.11643252e+00             -3.80796890e+00
 2022-01-01T00:53:05.000             -5.35583721e+03             -2.20748615e+03             -2.77696951e+03              3.57331156e+00             -3.09733865e+00             -3.78175921e+00
 2022-01-01T00:53:06.000             -5.35227000e+03             -2.21057380e+03             -2.78073797e+03              3.56102652e+00             -3.07791185e+00             -3.75508481e+00
 2022-01-01T00:53:07.000             -5.34871532e+03             -2.21364186e+03             -2.78447952e+03              3.54824396e+00             -3.05814602e+00             -3.72793712e+00
 2022-01-01T00:53:08.000             -5.34517368e+03             -2.21668998e+03             -2.78819368e+03              3.53495264e+00             -3.03803512e+00             -3.70030766e+00
 2022-01-01T00:53:09.000             -5.34164559e+03             -2.21971781e+03             -2.79187997e+03              3.52114131e+00             -3.01757320e+00             -3.67218809e+00
 2022-01-01T00:53:10.000             -5.33813158e+03             -2.22272501e+03             -2.79553789e+03              3.50679873e+00             -2.99675445e+00             -3.64357024e+00
 2022-01-01T00:53:11.000             -5.33463218e+03             -2.22571120e+03             -2.79916694e+03              3.49191371e+00             -2.97557320e+00             -3.61444613e+00
 2022-01-01T00:53:12.000             -5.33114793e+03             -2.22867603e+03             -2.80276661e+03              3.47647515e+00             -2.95402397e+00             -3.58480806e+00
 2022-01-01T00:53:13.000             -5.32767941e+03             -2.23161913e+03             -2.80633638e+03              3.46047206e+00             -2.93210147e+00             -3.55464858e+00
 2022-01-01T00:53:14.000             -5.32422718e+03             -2.23454011e+03             -2.80987573e+03              3.44389325e+00             -2.90980040e+00             -3.52396022e+00
 2022-01-01T00:53:15.000             -5.32079182e+03             -2.23743860e+03             -2.81338413e+03              3.42672209e+00             -2.88711138e+00             -3.49272983e+00
 2022-01-01T00:53:16.000             -5.31737396e+03             -2.24031418e+03             -2.81686099e+03              3.40889148e+00             -2.86398665e+00             -3.46089059e+00
 2022-01-01T00:53:17.000             -5.31397427e+03             -2.24316642e+03             -2.82030569e+03              3.39037047e+00             -2.84040654e+00             -3.42841495e+00
 2022-01-01T00:53:18.000             -5.31059345e+03             -2.24599484e+03             -2.82371760e+03              3.37114271e+00             -2.81636277e+00             -3.39529127e+00
 2022-01-01T00:53:19.000             -5.30723223e+03             -2.24879899e+03             -2.82709606e+03              3.35119201e+00             -2.79184738e+00             -3.36150833e+00
 2022-01-01T00:53:20.000             -5.30389132e+03             -2.25157838e+03             -2.83044039e+03              3.33050243e+00             -2.76685278e+00             -3.32705544e+00
 2022-01-01T00:53:21.000             -5.30057147e+03             -2.25433253e+03             -2.83374994e+03              3.30905840e+00             -2.74137183e+00             -3.29192254e+00
 2022-01-01T00:53:22.000             -5.29727346e+03             -2.25706096e+03             -2.83702401e+03              3.28684476e+00             -2.71539790e+00             -3.25610024e+00
 2022-01-01T00:53:23.000             -5.29399804e+03             -2.25976316e+03             -2.84026191e+03              3.26384689e+00             -2.68892495e+00             -3.21958000e+00
 2022-01-01T00:53:24.000             -5.29074603e+03             -2.26243864e+03             -2.84346294e+03              3.24005082e+00             -2.66194760e+00             -3.18235420e+00
 2022-01-01T00:53:25.000             -5.28751821e+03             -2.26508689e+03             -2.84662638e+03              3.21544333e+00             -2.63446123e+00             -3.14441626e+00
 2022-01-01T00:53:26.000             -5.28431542e+03             -2.26770739e+03             -2.84975153e+03              3.19001210e+00             -2.60646208e+00             -3.10576078e+00
 2022-01-01T00:53:27.000             -5.28113847e+03             -2.27029964e+03             -2.85283766e+03              3.16374584e+00             -2.57794731e+00             -3.06638368e+00
 2022-01-01T00:53:28.000             -5.27798821e+03             -2.27286311e+03             -2.85588405e+03              3.13663439e+00             -2.54891511e+00             -3.02628228e+00
 2022-01-01T00:53:29.000             -5.27486548e+03             -2.27539730e+03             -2.85888998e+03              3.10866895e+00             -2.51936482e+00             -2.98545553e+00
 2022-01-01T00:53:30.000             -5.27177116e+03             -2.27790167e+03             -2.86185472e+03              3.07984215e+00             -2.48929704e+00             -2.94390408e+00
 2022-01-01T00:53:31.000             -5.26870609e+03             -2.28037572e+03             -2.86477755e+03              3.05014828e+00             -2.45871370e+00             -2.90163047e+00
 2022-01-01T00:53:32.000             -5.26567115e+03             -2.28281893e+03             -2.86765775e+03              3.01958343e+00             -2.42761819e+00             -2.85863929e+00
 2022-01-01T00:53:33.000             -5.26266721e+03             -2.28523079e+03             -2.87049459e+03              2.98814564e+00             -2.39601548e+00             -2.81493730e+00
 2022-01-01T00:53:34.000             -5.25969515e+03             -2.28761079e+03             -2.87328739e+03              2.95583513e+00             -2.36391221e+00             -2.77053359e+00
 2022-01-01T00:53:35.000             -5.25675583e+03             -2.28995845e+03             -2.87603543e+03              2.92265442e+00             -2.33131681e+00             -2.72543974e+00
 2022-01-01T00:53:36.000             -5.25385013e+03             -2.29227326e+03             -2.87873804e+03              2.88860854e+00             -2.29823958e+00             -2.67966996e+00
 2022-01-01T00:53:37.000             -5.25097890e+03             -2.29455477e+03             -2.88139455e+03              2.85370517e+00             -2.26469282e+00             -2.63324122e+00
 2022-01-01T00:53:38.000             -5.24814300e+03             -2.29680250e+03             -2.88400431e+03              2.81795485e+00             -2.23069088e+00             -2.58617337e+00
 2022-01-01T00:53:39.000             -5.24534327e+03             -2.29901600e+03             -2.88656669e+03              2.78137107e+00             -2.19625026e+00             -2.53848926e+00
 2022-01-01T00:53:40.000             -5.24258053e+03             -2.30119486e+03             -2.88908109e+03              2.74397049e+00             -2.16138971e+00             -2.49021485e+00
 2022-01-01T00:53:41.000             -5.23985559e+03             -2.30333865e+03             -2.89154693e+03              2.70577299e+00             -2.12613020e+00             -2.44137924e+00
 2022-01-01T00:53:42.000             -5.23716924e+03             -2.30544699e+03             -2.89396367e+03              2.66680186e+00             -2.09049504e+00             -2.39201478e+00
 2022-01-01T00:53:43.000             -5.23452224e+03             -2.30751952e+03             -2.89633080e+03              2.62708381e+00             -2.05450988e+00             -2.34215705e+00
 2022-01-01T00:53:44.000             -5.23191531e+03             -2.30955591e+03             -2.89864784e+03              2.58664911e+00             -2.01820267e+00             -2.29184491e+00
 2022-01-01T00:53:45.000             -5.22934917e+03             -2.31155583e+03             -2.90091435e+03              2.54553157e+00             -1.98160371e+00             -2.24112045e+00
 2022-01-01T00:53:46.000             -5.22682447e+03             -2.31351903e+03             -2.90312995e+03              2.50376856e+00             -1.94474554e+00             -2.19002891e+00
 2022-01-01T00:53:47.000             -5.22434183e+03             -2.31544525e+03             -2.90529430e+03              2.46140102e+00             -1.90766290e+00             -2.13861862e+00
 2022-01-01T00:53:48.000             -5.22190185e+03             -2.31733429e+03             -2.90740710e+03              2.41847331e+00             -1.87039264e+00             -2.08694085e+00
 2022-01-01T00:53:49.000             -5.21950506e+03             -2.31918598e+03             -2.90946811e+03              2.37503320e+00             -1.83297359e+00             -2.03504962e+00
 2022-01-01T00:53:50.000             -5.21715194e+03             -2.32100020e+03             -2.91147715e+03              2.33113167e+00             -1.79544642e+00             -1.98300156e+00
 2022-01-01T00:53:51.000             -5.21484293e+03             -2.32277685e+03             -2.91343408e+03              2.28682275e+00             -1.75785342e+00             -1.93085556e+00
 2022-01-01T00:53:52.000             -5.21257841e+03             -2.32451590e+03             -2.91533885e+03              2.24216326e+00             -1.72023837e+00             -1.87867261e+00
 2022-01-01T00:53:53.000             -5.21035870e+03             -2.32621734e+03             -2.91719144e+03              2.19721259e+00             -1.68264627e+00             -1.82651536e+00
 2022-01-01T00:53:54.000             -5.20818406e+03             -2.32788122e+03             -2.91899191e+03              2.15203239e+00             -1.64512306e+00             -1.77444790e+00
 2022-01-01T00:53:55.000             -5.20605469e+03             -2.32950762e+03             -2.92074038e+03              2.10668621e+00             -1.60771543e+00             -1.72253526e+00
 2022-01-01T00:53:56.000             -5.20397072e+03             -2.33109670e+03             -2.92243705e+03              2.06123913e+00             -1.57047046e+00             -1.67084310e+00
 2022-01-01T00:53:57.000             -5.20193222e+03             -2.33264863e+03             -2.92408217e+03              2.01575740e+00             -1.53343537e+00             -1.61943727e+00
 2022-01-01T00:53:58.000             -5.19993920e+03             -2.33416366e+03             -2.92567604e+03              1.97030799e+00             -1.49665717e+00             -1.56838335e+00
 2022-01-01T00:53:59.000             -5.19799157e+03             -2.33564205e+03             -2.92721907e+03              1.92495814e+00             -1.46018237e+00             -1.51774624e+00
 2022-01-01T00:54:00.000             -5.19608922e+03             -2.33708414e+03             -2.92871170e+03              1.87977492e+00             -1.42405666e+00             -1.46758969e+00
 2022-01-01T00:54:01.000             -5.19423195e+03             -2.33849029e+03             -2.93015443e+03              1.83482441e+00             -1.38832436e+00             -1.41797557e+00
 2022-01-01T00:54:02.000             -5.19241948e+03             -2.33986093e+03             -2.93154785e+03              1.79021214e+00             -1.35305276e+00             -1.36899804e+00
 2022-01-01T00:54:03.000             -5.19065135e+03             -2.34119659e+03             -2.93289269e+03              1.74611013e+00             -1.31834782e+00             -1.32080560e+00
 2022-01-01T00:54:04.000             -5.18892706e+03             -2.34249783e+03             -2.93418974e+03              1.70255308e+00             -1.28423113e+00             -1.27342833e+00
 2022-01-01T00:54:05.000             -5.18724604e+03             -2.34376526e+03             -2.93543984e+03              1.65959864e+00             -1.25073738e+00             -1.22691479e+00
 2022-01-01T00:54:06.000             -5.18560765e+03             -2.34499952e+03             -2.93664387e+03              1.61729649e+00             -1.21789570e+00             -1.18130574e+00
 2022-01-01T00:54:07.000             -5.18401122e+03             -2.34620128e+03             -2.93780276e+03              1.57569257e+00             -1.18573221e+00             -1.13663773e+00
 2022-01-01T00:54:08.000             -5.18245602e+03             -2.34737122e+03             -2.93891747e+03              1.53482889e+00             -1.15426994e+00             -1.09294305e+00
 2022-01-01T00:54:09.000             -5.18094130e+03             -2.34851006e+03             -2.93998898e+03              1.49474341e+00             -1.12352885e+00             -1.05024967e+00
 2022-01-01T00:54:10.000             -5.17946626e+03             -2.34961852e+03             -2.94101831e+03              1.45547001e+00             -1.09352580e+00             -1.00858127e+00
 2022-01-01T00:54:11.000             -5.17803008e+03             -2.35069736e+03             -2.94200649e+03              1.41703841e+00             -1.06427459e+00             -9.67957249e-01
 2022-01-01T00:54:12.000             -5.17663189e+03             -2.35174733e+03             -2.94295458e+03              1.37947423e+00             -1.03578606e+00             -9.28392864e-01
 2022-01-01T00:54:13.000             -5.17527083e+03             -2.35276919e+03             -2.94386364e+03              1.34279902e+00             -1.00806811e+00             -8.89899311e-01
 2022-01-01T00:54:14.000             -5.17394599e+03             -2.35376372e+03             -2.94473474e+03              1.30703035e+00             -9.81125879e-01             -8.52483895e-01
 2022-01-01T00:54:15.000             -5.17265647e+03             -2.35473170e+03             -2.94556897e+03              1.27218192e+00             -9.54961831e-01             -8.16150203e-01
 2022-01-01T00:54:16.000             -5.17140132e+03             -2.35567391e+03             -2.94636740e+03              1.23826370e+00             -9.29575911e-01             -7.80898304e-01
 2022-01-01T00:54:17.000             -5.17017963e+03             -2.35659111e+03             -2.94713112e+03              1.20528215e+00             -9.04965699e-01             -7.46724968e-01
 2022-01-01T00:54:18.000             -5.16899044e+03             -2.35748409e+03             -2.94786121e+03              1.17324031e+00             -8.81126580e-01             -7.13623893e-01
 2022-01-01T00:54:19.000             -5.16783283e+03             -2.35835362e+03             -2.94855872e+03              1.14213808e+00             -8.58051915e-01             -6.81585951e-01
 2022-01-01T00:54:20.000             -5.16670585e+03             -2.35920045e+03             -2.94922473e+03              1.11197242e+00             -8.35733214e-01             -6.50599428e-01
 2022-01-01T00:54:21.000             -5.16560858e+03             -2.36002534e+03             -2.94986027e+03              1.08273753e+00             -8.14160321e-01             -6.20650276e-01
 2022-01-01T00:54:22.000             -5.16454007e+03             -2.36082902e+03             -2.95046637e+03              1.05442510e+00             -7.93321581e-01             -5.91722354e-01
 2022-01-01T00:54:23.000             -5.16349942e+03             -2.36161222e+03             -2.95104405e+03              1.02702455e+00             -7.73204026e-01             -5.63797677e-01
 2022-01-01T00:54:24.000             -5.16248572e+03             -2.36237566e+03             -2.95159429e+03              1.00052322e+00             -7.53793534e-01             -5.36856648e-01
 2022-01-01T00:54:25.000             -5.16149808e+03             -2.36312004e+03             -2.95211808e+03              9.74906608e-01             -7.35074998e-01             -5.10878285e-01
 2022-01-01T00:54:26.000             -5.16053562e+03             -2.36384604e+03             -2.95261636e+03              9.50158567e-01             -7.17032483e-01             -4.85840442e-01
 2022-01-01T00:54:27.000             -5.15959748e+03             -2.36455432e+03             -2.95309007e+03              9.26261526e-01             -6.99649369e-01             -4.61720013e-01
 2022-01-01T00:54:28.000             -5.15868282e+03             -2.36524555e+03             -2.95354010e+03              9.03196676e-01             -6.82908497e-01             -4.38493130e-01
 2022-01-01T00:54:29.000             -5.15779082e+03             -2.36592035e+03             -2.95396734e+03              8.80944152e-01             -6.66792294e-01             -4.16135338e-01
 2022-01-01T00:54:30.000             -5.15692067e+03             -2.36657933e+03             -2.95437265e+03              8.59483212e-01             -6.51282895e-01             -3.94621768e-01
 2022-01-01T00:54:31.000             -5.15607159e+03             -2.36722311e+03             -2.95475686e+03              8.38792399e-01             -6.36362257e-01             -3.73927291e-01
 2022-01-01T00:54:32.000             -5.15524283e+03             -2.36785225e+03             -2.95512077e+03              8.18849687e-01             -6.22012254e-01             -3.54026657e-01
 2022-01-01T00:54:33.000             -5.15443365e+03             -2.36846732e+03             -2.95546517e+03              7.99632623e-01             -6.08214776e-01             -3.34894628e-01
 2022-01-01T00:54:34.000             -5.15364333e+03             -2.36906886e+03             -2.95579081e+03              7.81118458e-01             -5.94951805e-01             -3.16506087e-01
 2022-01-01T00:54:35.000             -5.15287119e+03             -2.36965739e+03             -2.95609842e+03              7.63284254e-01             -5.82205495e-01             -2.98836145e-01
 2022-01-01T00:54:36.000             -5.15211655e+03             -2.37023343e+03             -2.95638871e+03              7.46107000e-01             -5.69958231e-01             -2.81860233e-01
 2022-01-01T00:54:37.000             -5.15137876e+03             -2.37079747e+03             -2.95666237e+03              7.29563698e-01             -5.58192695e-01             -2.65554180e-01
 2022-01-01T00:54:38.000             -5.15065721e+03             -2.37134997e+03             -2.95692004e+03              7.13631453e-01             -5.46891906e-01             -2.49894283e-01
 2022-01-01T00:54:39.000             -5.14995130e+03             -2.37189140e+03             -2.95716236e+03              6.98287548e-01             -5.36039272e-01             -2.34857369e-01
 2022-01-01T00:54:40.000             -5.14926045e+03             -2.37242220e+03             -2.95738995e+03              6.83509510e-01             -5.25618620e-01             -2.20420847e-01
 2022-01-01T00:54:41.000             -5.14858410e+03             -2.37294278e+03             -2.95760340e+03              6.69275173e-01             -5.15614231e-01             -2.06562745e-01
 2022-01-01T00:54:42.000             -5.14792173e+03             -2.37345356e+03             -2.95780326e+03              6.55562727e-01             -5.06010862e-01             -1.93261753e-01
 2022-01-01T00:54:43.000             -5.14727281e+03             -2.37395493e+03             -2.95799010e+03              6.42350734e-01             -4.96793758e-01             -1.80497231e-01
 2022-01-01T00:54:44.000             -5.14663686e+03             -2.37444727e+03             -2.95816443e+03              6.29620293e-01             -4.87949203e-01             -1.68250025e-01
 2022-01-01T00:54:45.000             -5.14601341e+03             -2.37493095e+03             -2.95832677e+03              6.17365676e-01             -4.79466995e-01             -1.56506172e-01
 2022-01-01T00:54:46.000             -5.14540198e+03             -2.37540632e+03             -2.95847760e+03              6.05570164e-01             -4.71334294e-01             -1.45247782e-01
 2022-01-01T00:54:47.000             -5.14480213e+03             -2.37587373e+03             -2.95861742e+03              5.94212454e-01             -4.63537532e-01             -1.34455827e-01
 2022-01-01T00:54:48.000             -5.14421342e+03             -2.37633350e+03             -2.95874667e+03              5.83271708e-01             -4.56063704e-01             -1.24112061e-01
 2022-01-01T00:54:49.000             -5.14363545e+03             -2.37678596e+03             -2.95886579e+03              5.72727804e-01             -4.48900422e-01             -1.14199090e-01
 2022-01-01T00:54:50.000             -5.14306784e+03             -2.37723140e+03             -2.95897520e+03              5.62561342e-01             -4.42035903e-01             -1.04700361e-01
 2022-01-01T00:54:51.000             -5.14251021e+03             -2.37767013e+03             -2.95907532e+03              5.52753661e-01             -4.35458952e-01             -9.56001403e-02
 2022-01-01T00:54:52.000             -5.14196221e+03             -2.37810241e+03             -2.95916653e+03              5.43286844e-01             -4.29158950e-01             -8.68834932e-02
 2022-01-01T00:54:53.000             -5.14142353e+03             -2.37852854e+03             -2.95924921e+03              5.34143724e-01             -4.23125835e-01             -7.85362613e-02
 2022-01-01T00:54:54.000             -5.14089382e+03             -2.37894875e+03             -2.95932372e+03              5.25307889e-01             -4.17350079e-01             -7.05450327e-02
 2022-01-01T00:54:55.000             -5.14037281e+03             -2.37936332e+03             -2.95939041e+03              5.16763687e-01             -4.11822668e-01             -6.28971130e-02
 2022-01-01T00:54:56.000             -5.13986021e+03             -2.37977248e+03             -2.95944963e+03              5.08496223e-01             -4.06535078e-01             -5.55804923e-02
 2022-01-01T00:54:57.000             -5.13935573e+03             -2.38017647e+03             -2.95950168e+03              5.00491363e-01             -4.01479247e-01             -4.85838110e-02
 2022-01-01T00:54:58.000             -5.13885914e+03             -2.38057551e+03             -2.95954690e+03              4.92735731e-01             -3.96647550e-01             -4.18963234e-02
 2022-01-01T00:54:59.000             -5.13837018e+03             -2.38096983e+03             -2.95958557e+03              4.85216703e-01             -3.92032772e-01             -3.55078594e-02
 2022-01-01T00:55:00.000             -5.13788863e+03             -2.38135965e+03             -2.95961801e+03              4.77922408e-01             -3.87628076e-01             -2.94087852e-02
 2022-01-01T00:55:01.000             -5.13741427e+03             -2.38174516e+03             -2.95964449e+03              4.70841715e-01             -3.83426973e-01             -2.35899631e-02
 2022-01-01T00:55:02.000             -5.13694688e+03             -2.38212657e+03             -2.95966528e+03              4.63964227e-01             -3.79423295e-01             -1.80427105e-02
 2022-01-01T00:55:03.000             -5.13648627e+03             -2.38250407e+03             -2.95968066e+03              4.57280269e-01             -3.75611161e-01             -1.27587579e-02
 2022-01-01T00:55:04.000             -5.13603226e+03             -2.38287785e+03             -2.95969088e+03              4.50780874e-01             -3.71984950e-01             -7.73020805e-03
 2022-01-01T00:55:05.000             -5.13558465e+03             -2.38324810e+03             -2.95969620e+03              4.44457764e-01             -3.68539265e-01             -2.94949444e-03
 2022-01-01T00:55:06.000             -5.13514329e+03             -2.38361499e+03             -2.95969686e+03              4.38303336e-01             -3.65268909e-01              1.59065865e-03
 2022-01-01T00:55:07.000             -5.13470799e+03             -2.38397869e+03             -2.95969310e+03              4.32310633e-01             -3.62168855e-01              5.89727525e-03
 2022-01-01T00:55:08.000             -5.13427861e+03             -2.38433938e+03             -2.95968514e+03              4.26473322e-01             -3.59234218e-01              9.97716498e-03
 2022-01-01T00:55:09.000             -5.13385500e+03             -2.38469721e+03             -2.95967322e+03              4.20785667e-01             -3.56460228e-01              1.38369583e-02
 2022-01-01T00:55:10.000             -5.13343699e+03             -2.38505235e+03             -2.95965754e+03              4.15242493e-01             -3.53842209e-01              1.74831392e-02
 2022-01-01T00:55:11.000             -5.13302446e+03             -2.38540495e+03             -2.95963832e+03              4.09839158e-01             -3.51375558e-01              2.09220752e-02
 2022-01-01T00:55:12.000             -5.13261727e+03             -2.38575515e+03             -2.95961576e+03              4.04571513e-01             -3.49055721e-01              2.41600442e-02
 2022-01-01T00:55:13.000             -5.13221528e+03             -2.38610311e+03             -2.95959006e+03              3.99435865e-01             -3.46878184e-01              2.72032576e-02
 2022-01-01T00:55:14.000             -5.13181836e+03             -2.38644896e+03             -2.95956142e+03              3.94428938e-01             -3.44838451e-01              3.00578806e-02
 2022-01-01T00:55:15.000             -5.13142638e+03             -2.38679283e+03             -2.95953001e+03              3.89547832e-01             -3.42932039e-01              3.27300480e-02
 2022-01-01T00:55:16.000             -5.13103922e+03             -2.38713486e+03             -2.95949602e+03              3.84789981e-01             -3.41154467e-01              3.52258764e-02
 2022-01-01T00:55:17.000             -5.13065676e+03             -2.38747518e+03             -2.95945961e+03              3.80153111e-01             -3.39501253e-01              3.75514736e-02
 2022-01-01T00:55:18.000             -5.13027887e+03             -2.38781390e+03             -2.95942097e+03              3.75635201e-01             -3.37967907e-01              3.97129429e-02
 2022-01-01T00:55:19.000             -5.12990545e+03             -2.38815115e+03             -2.95938024e+03              3.71234440e-01             -3.36549936e-01              4.17163852e-02
 2022-01-01T00:55:20.000             -5.12953637e+03             -2.38848704e+03             -2.95933759e+03              3.66949188e-01             -3.35242841e-01              4.35678974e-02
 2022-01-01T00:55:21.000             -5.12917151e+03             -2.38882168e+03             -2.95929315e+03              3.62777931e-01             -3.34042129e-01              4.52735652e-02
 2022-01-01T00:55:22.000             -5.12881077e+03             -2.38915516e+03             -2.95924709e+03              3.58719265e-01             -3.32943310e-01              4.68394616e-02
 2022-01-01T00:55:23.000             -5.12845404e+03             -2.38948759e+03             -2.95919952e+03              3.54771370e-01             -3.31942031e-01              4.82714895e-02
 2022-01-01T00:55:24.000             -5.12810119e+03             -2.38981907e+03             -2.95915059e+03              3.50934262e-01             -3.31033504e-01              4.95760626e-02
 2022-01-01T00:55:25.000             -5.12775213e+03             -2.39014969e+03             -2.95910041e+03              3.47205814e-01             -3.30213526e-01              5.07588921e-02
 2022-01-01T00:55:26.000             -5.12740674e+03             -2.39047953e+03             -2.95904911e+03              3.43595122e-01             -3.29475040e-01              5.18290652e-02
 2022-01-01T00:55:27.000             -5.12706489e+03             -2.39080866e+03             -2.95899678e+03              3.40139442e-01             -3.28803338e-01              5.28047948e-02
 2022-01-01T00:55:28.000             -5.12672641e+03             -2.39113716e+03             -2.95894353e+03              3.36836468e-01             -3.28193497e-01              5.36927404e-02
 2022-01-01T00:55:29.000             -5.12639117e+03             -2.39146507e+03             -2.95888942e+03              3.33677484e-01             -3.27642483e-01              5.44972844e-02
 2022-01-01T00:55:30.000             -5.12605901e+03             -2.39179246e+03             -2.95883456e+03              3.30654452e-01             -3.27147338e-01              5.52226796e-02
 2022-01-01T00:55:31.000             -5.12572982e+03             -2.39211938e+03             -2.95877900e+03              3.27759943e-01             -3.26705180e-01              5.58730538e-02
 2022-01-01T00:55:32.000             -5.12540345e+03             -2.39244589e+03             -2.95872283e+03              3.24987080e-01             -3.26313205e-01              5.64524129e-02
 2022-01-01T00:55:33.000             -5.12507980e+03             -2.39277202e+03             -2.95866612e+03              3.22329482e-01             -3.25968679e-01              5.69646426e-02
 2022-01-01T00:55:34.000             -5.12475876e+03             -2.39309784e+03             -2.95860893e+03              3.19781215e-01             -3.25668948e-01              5.74135093e-02
 2022-01-01T00:55:35.000             -5.12444021e+03             -2.39342338e+03             -2.95855131e+03              3.17336752e-01             -3.25411433e-01              5.78026590e-02
 2022-01-01T00:55:36.000             -5.12412405e+03             -2.39374868e+03             -2.95849334e+03              3.14990927e-01             -3.25193637e-01              5.81356177e-02
 2022-01-01T00:55:37.000             -5.12381019e+03             -2.39407378e+03             -2.95843506e+03              3.12738906e-01             -3.25013143e-01              5.84157894e-02
 2022-01-01T00:55:38.000             -5.12349854e+03             -2.39439871e+03             -2.95837653e+03              3.10576152e-01             -3.24867615e-01              5.86464558e-02
 2022-01-01T00:55:39.000             -5.12318901e+03             -2.39472352e+03             -2.95831778e+03              3.08498396e-01             -3.24754804e-01              5.88307750e-02
 2022-01-01T00:55:40.000             -5.12288152e+03             -2.39504823e+03             -2.95825888e+03              3.06501618e-01             -3.24672545e-01              5.89717805e-02
 2022-01-01T00:55:41.000             -5.12257598e+03             -2.39537288e+03             -2.95819985e+03              3.04582018e-01             -3.24618761e-01              5.90723815e-02
 2022-01-01T00:55:42.000             -5.12227233e+03             -2.39569748e+03             -2.95814075e+03              3.02736002e-01             -3.24591460e-01              5.91353621e-02
 2022-01-01T00:55:43.000             -5.12197049e+03             -2.39602207e+03             -2.95808159e+03              3.00960163e-01             -3.24588741e-01              5.91633821e-02
 2022-01-01T00:55:44.000             -5.12167039e+03             -2.39634666e+03             -2.95802243e+03              2.99251266e-01             -3.24608786e-01              5.91589777e-02
 2022-01-01T00:55:45.000             -5.12137196e+03             -2.39667129e+03             -2.95796329e+03              2.97606236e-01             -3.24649869e-01              5.91245628e-02
 2022-01-01T00:55:46.000             -5.12107515e+03             -2.39699597e+03             -2.95790419e+03              2.96022146e-01             -3.24710345e-01              5.90624303e-02
 2022-01-01T00:55:47.000             -5.12077990e+03             -2.39732072e+03             -2.95784517e+03              2.94496208e-01             -3.24788657e-01              5.89747547e-02
 2022-01-01T00:55:48.000             -5.12048614e+03             -2.39764555e+03             -2.95778625e+03              2.93025761e-01             -3.24883330e-01              5.88635942e-02
 2022-01-01T00:55:49.000             -5.12019383e+03             -2.39797049e+03             -2.95772745e+03              2.91608269e-01             -3.24992972e-01              5.87308936e-02
 2022-01-01T00:55:50.000             -5.11990291e+03             -2.39829554e+03             -2.95766879e+03              2.90241308e-01             -3.25116267e-01              5.85784873e-02
 2022-01-01T00:55:51.000             -5.11961333e+03             -2.39862073e+03             -2.95761030e+03              2.88922564e-01             -3.25251980e-01              5.84081028e-02
 2022-01-01T00:55:52.000             -5.11932505e+03             -2.39894605e+03             -2.95755198e+03              2.87649826e-01             -3.25398948e-01              5.82213640e-02
 2022-01-01T00:55:53.000             -5.11903802e+03             -2.39927153e+03             -2.95749386e+03              2.86420983e-01             -3.25556081e-01              5.80197952e-02
 2022-01-01T00:55:54.000             -5.11875219e+03             -2.39959717e+03             -2.95743595e+03              2.85234015e-01             -3.25722357e-01              5.78048247e-02
 2022-01-01T00:55:55.000             -5.11846754e+03             -2.39992298e+03             -2.95737825e+03              2.84086996e-01             -3.25896822e-01              5.75777888e-02
 2022-01-01T00:55:56.000             -5.11818401e+03             -2.40024896e+03             -2.95732080e+03              2.82978084e-01             -3.26078585e-01              5.73399360e-02
 2022-01-01T00:55:57.000             -5.11790157e+03             -2.40057514e+03             -2.95726358e+03              2.81905519e-01             -3.26266815e-01              5.70924307e-02
 2022-01-01T00:55:58.000             -5.11762018e+03             -2.40090150e+03             -2.95720661e+03              2.80867624e-01             -3.26460740e-01              5.68363575e-02
 2022-01-01T00:55:59.000             -5.11733982e+03             -2.40122806e+03             -2.95714991e+03              2.79862797e-01             -3.26659641e-01              5.65727250e-02
 2022-01-01T00:56:00.000             -5.11706045e+03             -2.40155482e+03             -2.95709347e+03              2.78889510e-01             -3.26862853e-01              5.63024697e-02
 2022-01-01T00:56:01.000             -5.11678203e+03             -2.40188179e+03             -2.95703731e+03              2.77946304e-01             -3.27069758e-01              5.60264602e-02
 2022-01-01T00:56:02.000             -5.11650455e+03             -2.40220896e+03             -2.95698142e+03              2.77031794e-01             -3.27279788e-01              5.57455005e-02
 2022-01-01T00:56:03.000             -5.11622796e+03             -2.40253635e+03             -2.95692582e+03              2.76144654e-01             -3.27492414e-01              5.54603339e-02
 2022-01-01T00:56:04.000             -5.11595225e+03             -2.40286395e+03             -2.95687050e+03              2.75283627e-01             -3.27707152e-01              5.51716464e-02
 2022-01-01T00:56:05.000             -5.11567739e+03             -2.40319176e+03             -2.95681547e+03              2.74447515e-01             -3.27923556e-01              5.48800703e-02
 2022-01-01T00:56:06.000             -5.11540335e+03             -2.40351979e+03             -2.95676074e+03              2.73635176e-01             -3.28141215e-01              5.45861876e-02
 2022-01-01T00:56:07.000             -5.11513011e+03             -2.40384804e+03             -2.95670630e+03              2.72845528e-01             -3.28359754e-01              5.42905327e-02
 2022-01-01T00:56:08.000             -5.11485765e+03             -2.40417651e+03             -2.95665216e+03              2.72077542e-01             -3.28578828e-01              5.39935958e-02
 2022-01-01T00:56:09.000             -5.11458595e+03             -2.40450520e+03             -2.95659831e+03              2.71330239e-01             -3.28798123e-01              5.36958255e-02
 2022-01-01T00:56:10.000             -5.11431498e+03             -2.40483411e+03             -2.95654477e+03              2.70602690e-01             -3.29017351e-01              5.33976320e-02
 2022-01-01T00:56:11.000             -5.11404473e+03             -2.40516324e+03             -2.95649152e+03              2.69894016e-01             -3.29236254e-01              5.30993890e-02
 2022-01-01T00:56:12.000             -5.11377519e+03             -2.40549258e+03             -2.95643857e+03              2.69203379e-01             -3.29454592e-01              5.28014368e-02
 2022-01-01T00:56:13.000             -5.11350632e+03             -2.40582214e+03             -2.95638592e+03              2.68529988e-01             -3.29672154e-01              5.25040844e-02
 2022-01-01T00:56:14.000             -5.11323812e+03             -2.40615193e+03             -2.95633356e+03              2.67873090e-01             -3.29888745e-01              5.22076115e-02
 2022-01-01T00:56:15.000             -5.11297057e+03             -2.40648192e+03             -2.95628150e+03              2.67231975e-01             -3.30104190e-01              5.19122711e-02
 2022-01-01T00:56:16.000             -5.11270365e+03             -2.40681213e+03             -2.95622974e+03              2.66605968e-01             -3.30318335e-01              5.16182908e-02
 2022-01-01T00:56:17.000             -5.11243735e+03             -2.40714256e+03             -2.95617826e+03              2.65994429e-01             -3.30531039e-01              5.13258752e-02
 2022-01-01T00:56:18.000             -5.11217166e+03             -2.40747319e+03             -2.95612708e+03              2.65396753e-01             -3.30742178e-01              5.10352072e-02
 2022-01-01T00:56:19.000             -5.11190655e+03             -2.40780404e+03             -2.95607619e+03              2.64812368e-01             -3.30951641e-01              5.07464499e-02
 2022-01-01T00:56:20.000             -5.11164203e+03             -2.40813510e+03             -2.95602559e+03              2.64240731e-01             -3.31159332e-01              5.04597481e-02
 2022-01-01T00:56:21.000             -5.11137807e+03             -2.40846636e+03             -2.95597527e+03              2.63681328e-01             -3.31365166e-01              5.01752296e-02
 2022-01-01T00:56:22.000             -5.11111466e+03             -2.40879783e+03             -2.95592524e+03              2.63133674e-01             -3.31569068e-01              4.98930067e-02
 2022-01-01T00:56:23.000             -5.11085180e+03             -2.40912950e+03             -2.95587549e+03              2.62597307e-01             -3.31770974e-01              4.96131773e-02
 2022-01-01T00:56:24.000             -5.11058946e+03             -2.40946137e+03             -2.95582601e+03              2.62071793e-01             -3.31970830e-01              4.93358258e-02
 2022-01-01T00:56:25.000             -5.11032765e+03             -2.40979344e+03             -2.95577681e+03              2.61556718e-01             -3.32168590e-01              4.90610251e-02
 2022-01-01T00:56:26.000             -5.11006635e+03             -2.41012570e+03             -2.95572789e+03              2.61051692e-01             -3.32364216e-01              4.87888364e-02
 2022-01-01T00:56:27.000             -5.10980554e+03             -2.41045817e+03             -2.95567923e+03              2.60556345e-01             -3.32557677e-01              4.85193110e-02
 2022-01-01T00:56:28.000             -5.10954523e+03             -2.41079082e+03             -2.95563085e+03              2.60070327e-01             -3.32748948e-01              4.82524910e-02
 2022-01-01T00:56:29.000             -5.10928540e+03             -2.41112366e+03             -2.95558273e+03              2.59593304e-01             -3.32938010e-01              4.79884098e-02
 2022-01-01T00:56:30.000             -5.10902604e+03             -2.41145669e+03             -2.95553487e+03              2.59124964e-01             -3.33124851e-01              4.77270933e-02
 2022-01-01T00:56:31.000             -5.10876715e+03             -2.41178991e+03             -2.95548727e+03              2.58665006e-01             -3.33309462e-01              4.74685600e-02
 2022-01-01T00:56:32.000             -5.10850871e+03             -2.41212331e+03             -2.95543993e+03              2.58213149e-01             -3.33491840e-01              4.72128226e-02
 2022-01-01T00:56:33.000             -5.10825072e+03             -2.41245689e+03             -2.95539285e+03              2.57769123e-01             -3.33671984e-01              4.69598874e-02
 2022-01-01T00:56:34.000             -5.10799317e+03             -2.41279066e+03             -2.95534601e+03              2.57332673e-01             -3.33849899e-01              4.67097559e-02
 2022-01-01T00:56:35.000             -5.10773605e+03             -2.41312459e+03             -2.95529943e+03              2.56903558e-01             -3.34025592e-01              4.64624247e-02
 2022-01-01T00:56:36.000             -5.10747936e+03             -2.41345871e+03             -2.95525309e+03              2.56481547e-01             -3.34199072e-01              4.62178863e-02
 2022-01-01T00:56:37.000             -5.10722309e+03             -2.41379299e+03             -2.95520699e+03              2.56066421e-01             -3.34370353e-01              4.59761292e-02
 2022-01-01T00:56:38.000             -5.10696722e+03             -2.41412745e+03             -2.95516113e+03              2.55657973e-01             -3.34539449e-01              4.57371388e-02
 2022-01-01T00:56:39.000             -5.10671177e+03             -2.41446207e+03             -2.95511551e+03              2.55256004e-01             -3.34706377e-01              4.55008971e-02
 2022-01-01T00:56:40.000             -5.10645671e+03             -2.41479686e+03             -2.95507013e+03              2.54860327e-01             -3.34871156e-01              4.52673837e-02
 2022-01-01T00:56:41.000             -5.10620205e+03             -2.41513181e+03             -2.95502498e+03              2.54470761e-01             -3.35033807e-01              4.50365758e-02
 2022-01-01T00:56:42.000             -5.10594777e+03             -2.41546693e+03             -2.95498006e+03              2.54087134e-01             -3.35194351e-01              4.48084484e-02
 2022-01-01T00:56:43.000             -5.10569387e+03             -2.41580220e+03             -2.95493536e+03              2.53709284e-01             -3.35352812e-01              4.45829747e-02
 2022-01-01T00:56:44.000             -5.10544035e+03             -2.41613763e+03             -2.95489089e+03              2.53337055e-01             -3.35509213e-01              4.43601265e-02
 2022-01-01T00:56:45.000             -5.10518719e+03             -2.41647322e+03             -2.95484664e+03              2.52970296e-01             -3.35663580e-01              4.41398741e-02
 2022-01-01T00:56:46.000             -5.10493440e+03             -2.41680896e+03             -2.95480261e+03              2.52608867e-01             -3.35815937e-01              4.39221865e-02
 2022-01-01T00:56:47.000             -5.10468197e+03             -2.41714485e+03             -2.95475879e+03              2.52252629e-01             -3.35966312e-01              4.37070321e-02
 2022-01-01T00:56:48.000             -5.10442990e+03             -2.41748089e+03             -2.95471519e+03              2.51901454e-01             -3.36114731e-01              4.34943781e-02
 2022-01-01T00:56:49.000             -5.10417817e+03             -2.41781708e+03             -2.95467180e+03              2.51555214e-01             -3.36261222e-01              4.32841914e-02
 2022-01-01T00:56:50.000             -5.10392678e+03             -2.41815341e+03             -2.95462862e+03              2.51213792e-01             -3.36405811e-01              4.30764382e-02
 2022-01-01T00:56:51.000             -5.10367574e+03             -2.41848989e+03             -2.95458565e+03              2.50877070e-01             -3.36548527e-01              4.28710842e-02
 2022-01-01T00:56:52.000             -5.10342503e+03             -2.41882651e+03             -2.95454288e+03              2.50544940e-01             -3.36689396e-01              4.26680951e-02
 2022-01-01T00:56:53.000             -5.10317465e+03             -2.41916327e+03             -2.95450031e+03              2.50217294e-01             -3.36828448e-01              4.24674362e-02
 2022-01-01T00:56:54.000             -5.10292459e+03             -2.41950016e+03             -2.95445795e+03              2.49894030e-01             -3.36965709e-01              4.22690729e-02
 2022-01-01T00:56:55.000             -5.10267486e+03             -2.41983720e+03             -2.95441578e+03              2.49575128e-01             -3.37101171e-01              4.20730155e-02
 2022-01-01T00:56:55.106             -5.10264840e+03             -2.41987294e+03             -2.95441132e+03              2.49541855e-01             -3.37115294e-01              4.20525287e-02
 2022-01-01T00:56:55.106             -5.10264840e+03             -2.41987294e+03             -2.95441132e+03              2.49541855e-01             -3.37115294e-01              4.20525287e-02
