_id,id,name,epochUnixTime,mjday,mjfrac,dist,az,el
"""643d8a2510983e0011f35405""",23,Teheran,1681189528.0589437,60045,18328.058944,553.9159027394236,19.112450239566613,52.10513320787633
"""643d8a2510983e0011f35413""",23,Teheran,1681189538.0589442,60045,18338.058944,510.7230797448299,21.27766556655945,58.51741417744893
"""643d8a2510983e0011f35418""",23,Teheran,1681189548.0589437,60045,18348.058944,475.4659138584902,25.02466852898442,65.8752633119711
"""643d8a2510983e0011f3541d""",23,Teheran,1681189578.0589442,60045,18378.058944,434.8846696334203,134.68575790022197,82.77949255228344
"""643d8a2510983e0011f35421""",23,Teheran,1681189568.0589437,60045,18368.058944,436.1245229351676,58.38349977857945,81.7571305852721
"""643d8a2510983e0011f35426""",23,Teheran,1681189558.0589442,60045,18358.058944,450.02324114788,33.00686655249592,73.97235835037246
"""643d8a2510983e0011f3542b""",23,Teheran,1681189588.0589442,60045,18388.058944,446.4139822830979,167.44383909077717,75.40203163887067
"""643d8a2510983e0011f35430""",23,Teheran,1681189598.0589437,60045,18398.058944,469.77622038276587,176.86178147797543,67.21473406851945
"""643d8a2510983e0011f35439""",23,Teheran,1681189618.0589437,60045,18418.058944,545.1901557758803,183.4138620358163,53.07469559383532
"""643d8a2510983e0011f3543e""",23,Teheran,1681189608.0589442,60045,18408.058944,503.3276519805738,181.05752601069872,59.6788997599012

