CIC_MEM_VERS = 1.0
CREATION_DATE = 2009-12-08T09:00:00.000000
ORIGINATOR = SPACEBEL

META_START

OBJECT_NAME = PlanctonSat
OBJECT_ID = PlanctonSat
USER_DEFINED_PROTOCOL = NONE
USER_DEFINED_CONTENT = COLOR
USER_DEFINED_SIZE = 3
USER_DEFINED_TYPE = INTEGER
USER_DEFINED_UNIT = [n/a]
TIME_SYSTEM = UTC

META_STOP

55272 0     1 40 64
55272 7200  121 199 217
55272 14400 155 242 234
55272 21600 73 115 88
55272 28800 157 191 142
55272 36000 1 40 64
55272 43200 121 199 217
55272 50400 155 242 234
55272 57600 73 115 88
55272 64800 157 191 142
55272 72000 1 40 64
55272 79200 121 199 217
55273 0     155 242 234
55273 7200  73 115 88
55273 14400 157 191 142
55273 21600 1 40 64
55273 28800 121 199 217
55273 36000 155 242 234
55273 43200 73 115 88
55273 50400 157 191 142
55273 57600 1 40 64
55273 64800 121 199 217
55273 72000 155 242 234
55273 79200 73 115 88
55274 0     157 191 142
55274 7200  1 40 64
55274 14400 121 199 217
55274 21600 155 242 234
55274 28800 73 115 88
55274 36000 157 191 142
55274 43200 1 40 64
55274 50400 121 199 217
55274 57600 155 242 234
55274 64800 73 115 88
55274 72000 157 191 142
55274 79200 1 40 64
55275 0     121 199 217
55275 7200  155 242 234
55275 14400 73 115 88
55275 21600 157 191 142
55275 28800 1 40 64
55275 36000 121 199 217
55275 43200 155 242 234
55275 50400 73 115 88
55275 57600 157 191 142
55275 64800 1 40 64
55275 72000 121 199 217
55275 79200 155 242 234
55276 0     73 115 88
55276 7200  157 191 142
55276 14400 1 40 64
55276 21600 121 199 217
55276 28800 155 242 234
55276 36000 73 115 88
55276 43200 157 191 142
55276 50400 1 40 64
55276 57600 121 199 217
55276 64800 155 242 234
55276 72000 73 115 88
55276 79200 157 191 142
55277 0     1 40 64
55277 7200  121 199 217
55277 14400 155 242 234
55277 21600 73 115 88
55277 28800 157 191 142
55277 36000 1 40 64
55277 43200 121 199 217
55277 50400 155 242 234
55277 57600 73 115 88
55277 64800 157 191 142
55277 72000 1 40 64
55277 79200 121 199 217
55278 0     155 242 234
55278 7200  73 115 88
55278 14400 157 191 142
55278 21600 1 40 64
55278 28800 121 199 217
55278 36000 155 242 234
55278 43200 73 115 88
55278 50400 157 191 142
55278 57600 1 40 64
55278 64800 121 199 217
55278 72000 155 242 234
55278 79200 73 115 88
55279 0     157 191 142
55279 7200  1 40 64
55279 14400 121 199 217
55279 21600 155 242 234
55279 28800 73 115 88
55279 36000 157 191 142
55279 43200 1 40 64
55279 50400 121 199 217
55279 57600 155 242 234
55279 64800 73 115 88
55279 72000 157 191 142
55279 79200 1 40 64
55280 0     121 199 217
55280 7200  155 242 234
55280 14400 73 115 88
55280 21600 157 191 142
55280 28800 1 40 64
55280 36000 121 199 217
55280 43200 155 242 234
55280 50400 73 115 88
55280 57600 157 191 142
55280 64800 1 40 64
55280 72000 121 199 217
55280 79200 155 242 234
55281 0     73 115 88
55281 7200  157 191 142
55281 14400 1 40 64
55281 21600 121 199 217
55281 28800 155 242 234
55281 36000 73 115 88
55281 43200 157 191 142
55281 50400 1 40 64
55281 57600 121 199 217
55281 64800 155 242 234
55281 72000 73 115 88
55281 79200 157 191 142
