CIC_OEM_VERS = 2.0
CREATION_DATE = 2009-12-08T09:00:00.000000
ORIGINATOR = SPACEBEL

META_START

OBJECT_NAME = PlanctonSat
OBJECT_ID = PlanctonSat
CENTER_NAME = EARTH
REF_FRAME = EME2000
TIME_SYSTEM = UTC

META_STOP

55272 0 1163.10939204514 7343.5812759536 1.46926273591816e-005
55272 600 -3528.89653739594 6877.83157975555 -3007.6760563922
55272 1200 -7447.30375859428 4690.64110210416 -5333.97202461246
55272 1800 -10408.9385193964 1830.74332346239 -6967.7704600105
55272 2400 -12629.89153252 -1183.39351842523 -8103.28246805444
55272 3000 -14313.8263392473 -4156.85043734025 -8893.25186733938
55272 3600 -15601.1407053958 -7019.67240362711 -9436.33000178573
55272 4200 -16585.884823909 -9748.78895782113 -9796.14775105781
55272 4800 -17332.5922964795 -12339.4300921067 -10015.2253225379
55272 5400 -17887.0419065981 -14794.112829833 -10123.1169980324
55272 6000 -18282.7678382716 -17118.1341600484 -10141.1158836154
55272 6600 -18545.0462690898 -19317.6449464807 -10085.0488955
55272 7200 -18693.4075381313 -21398.8133926695 -9966.9991238674
55272 7800 -18743.2698369934 -23367.4710112263 -9796.40630935315
55272 8400 -18707.0341366704 -25228.9789628917 -9580.79371269811
55272 9000 -18594.8385568924 -26988.1960847287 -9326.26270354956
55272 9600 -18415.0911755427 -28649.4929489294 -9037.83830800799
55272 10200 -18174.8548203481 -30216.7852579085 -8719.71636355217
55272 10800 -17880.1305624115 -31693.5736780845 -8375.44403833079
55272 11400 -17536.0703591521 -33082.983963846 -8008.05417833272
55272 12000 -17147.1391598935 -34387.8045808435 -7620.1669995209
55272 12600 -16717.2403193295 -35610.5207170469 -7214.06825643889
55272 13200 -16249.8139419079 -36753.3444011122 -6791.77018332298
55272 13800 -15747.9149663444 -37818.2408442461 -6355.05963030753
55272 14400 -15214.2758883342 -38806.9512948172 -5905.53655480369
55272 15000 -14651.357698722 -39721.0127537667 -5444.64516188008
55272 15600 -14061.3916869655 -40561.7749007274 -4973.69938328356
55272 16200 -13446.4140990012 -41330.4145557809 -4493.90395701344
55272 16800 -12808.2951616777 -42027.9479657558 -4006.37206246097
55272 17400 -12148.7636375456 -42655.2411649061 -3512.14024327356
55272 18000 -11469.427816677 -43213.0186216754 -3012.18118658732
55272 18600 -10771.7936607635 -43701.8703477204 -2507.41480626783
55272 19200 -10057.2806712576 -44122.2576130062 -1998.7179876938
55272 19800 -9327.23594534731 -44474.5173814886 -1486.9332843188
55272 20400 -8582.94680228779 -44758.8655553139 -972.876806064141
55272 21000 -7825.65230181529 -44975.3990910436 -457.345502518778
55272 21600 -7056.55393160765 -45124.0970285857 58.8759828739851
55272 22200 -6276.82570893156 -45204.8204516377 575.008729932839
55272 22800 -5487.6239206262 -45217.3113768984 1090.27308389486
55272 23400 -4690.09671409704 -45161.1905473943 1603.88218156306
55272 24000 -3885.39374937021 -45035.9540822661 2115.03531973206
55272 24600 -3074.67612843667 -44840.9689104711 2622.91101758715
55272 25200 -2259.12683362773 -44575.4668881364 3126.65961181069
55272 25800 -1439.96193282029 -44238.537467665 3625.39520289654
55272 26400 -618.442847869971 -43829.1187498264 4118.18674223174
55272 27000 204.109963175061 -43345.9867063215 4604.04800972395
55272 27600 1026.30148543518 -42787.7423076795 5081.92617807139
55272 28200 1846.64426320134 -42152.7962272486 5550.68858784541
55272 28800 2663.53749220469 -41439.350713234 6009.10726122119
55272 29400 3475.24224437117 -40645.3781230809 6455.84055267114
55272 30000 4279.85173133834 -39768.5954927489 6889.4111596011
55272 30600 5075.25516942124 -38806.4343609634 7308.17947641629
55272 31200 5859.09333127978 -37756.0048772024 7710.31094483454
55272 31800 6628.70319782076 -36614.0529822429 8093.73559105083
55272 32400 7381.04816547893 -35376.9091507528 8456.09728532012
55272 33000 8112.6288751646 -34040.4268166459 8794.68931697944
55272 33600 8819.3676816019 -32599.9081593327 9106.37149878053
55272 34200 9496.45670539674 -31050.0144257071 9387.4619589624
55272 34800 10138.1546906176 -29384.657457242 9633.59365369383
55272 35400 10737.5104819019 -27596.8687528156 9839.52077253484
55272 36000 11285.9790059255 -25678.6426578396 9998.85246737984
55272 36600 11772.8758886948 -23620.752189874 10103.6786687578
55272 37200 12184.5831046048 -21412.542183787 10144.0314194864
55272 37800 12503.3584540447 -19041.7213109792 10107.0880813845
55272 38400 12705.4924527183 -16494.2186359718 9975.95619403612
55272 39000 12758.3483239496 -13754.286120889 9727.75631210705
55272 39600 12615.41068581 -10805.3421006473 9330.48441513022
55272 40200 12207.6418648099 -7632.94615028681 8737.68947261807
55272 40800 11427.8325165081 -4234.02746636764 7879.23352546291
55272 41400 10102.3151539571 -645.374291714206 6645.80849692713
55272 42000 7948.94979665675 2966.81954265843 4870.81059300216
55272 42600 4597.3457307134 6055.99353823008 2369.39645903078
55272 43200 72.3639200121127 7448.31392760048 -721.162510857956
55272 43800 -4511.04277090177 6485.45310054297 -3606.83539960481
55272 44400 -8200.56738126966 4071.03619335489 -5760.63086794972
55272 45000 -10972.2614103582 1146.68492298216 -7264.0800658035
55272 45600 -13055.2271241021 -1868.81743945378 -8309.58554878621
55272 46200 -14638.3426736467 -4820.78337031935 -9036.11213801221
55272 46800 -15849.6578872578 -7654.20998452283 -9532.72714683268
55272 47400 -16775.2439607635 -10351.7931080572 -9857.27025978943
55272 48000 -17474.5971503827 -12911.0590642585 -10048.7441947911
55272 48600 -17990.2437480389 -15335.4254716882 -10134.4921184904
55272 49200 -18353.5494918984 -17630.4996112155 -10134.3629074599
55272 49800 -18588.2978424934 -19802.4863291301 -10063.2057620364
55272 50400 -18712.9610504114 -21857.497496576 -9932.42049186376
55272 51000 -18742.1875274007 -23801.2641748876 -9750.95587190292
55272 51600 -18687.8052426261 -25639.0335075824 -9525.97375028479
55272 52200 -18559.5171246868 -27375.5507463327 -9263.30379016264
55272 52800 -18365.3948298373 -29015.0794096884 -8967.76296206751
55272 53400 -18112.2370333651 -30561.4369615279 -8643.38520470003
55272 54000 -17805.8345253884 -32018.0350934607 -8293.58991622991
55272 54600 -17451.1698188739 -33387.9194446808 -7921.30785402031
55272 55200 -17052.5698489163 -34673.8064596679 -7529.07677977577
55272 55800 -16613.824485081 -35878.1165168794 -7119.11522473499
55272 56400 -16138.2797364067 -37003.0031668088 -6693.38017451134
55272 57000 -15628.9119566011 -38050.3786496569 -6253.61276386633
55272 57600 -15088.3876028392 -39021.9360026656 -5801.37491489033
55272 58200 -14519.1118847372 -39919.1681092078 -5338.07905525076
55272 58800 -13923.2687827183 -40743.3840354662 -4865.01249545035
55272 59400 -13302.8543022755 -41495.7229720118 -4383.35764794584
55272 60000 -12659.7043871008 -42177.1660603502 -3894.20898596251
55272 60600 -11995.518589276 -42788.5463454097 -3398.58743235881
55272 61200 -11311.8803545004 -43330.5570573098 -2897.45271633228
55272 61800 -10610.2746011772 -43803.7583909234 -2391.71412267491
55272 62400 -9892.10313774222 -44208.5829201003 -1882.23997399462
55272 63000 -9158.69836139565 -44545.3397547845 -1369.86612335313
55272 63600 -8411.33560528062 -44814.2175232158 -855.403687882232
55272 64200 -7651.24444434072 -45015.2862373999 -339.646219419404
55272 64800 -6879.61922851593 -45148.4980774762 176.62351654533
55272 65400 -6097.62908273569 -45213.687108871 692.626999093789
55272 66000 -5306.42759443579 -45210.567924553 1207.58350273219
55272 66600 -4507.16239990705 -45138.7331826134 1720.70360018372
55272 67200 -3700.98488015306 -44997.6499860395 2231.18247443508
55272 67800 -2889.06018516751 -44786.6550260981 2738.19288936313
55272 68400 -2072.57782333147 -44504.9483822405 3240.87765374205
55272 69000 -1252.76308133452 -44151.5858387331 3738.34139136419
55272 69600 -430.889581870679 -43725.4695399426 4229.64139880595
55272 70200 391.706655390187 -43225.3367606263 4713.77732973359
55272 70800 1213.61120461516 -42649.7465125818 5189.67938723438
55272 71400 2033.31272406663 -41997.063641872 5656.19462878961
55272 72000 2849.1812483875 -41265.4399881371 6112.0708854896
55272 72600 3659.44238879999 -40452.7920748583 6555.93765840393
55272 73200 4462.14627857526 -39556.7746713228 6986.28316692209
55272 73800 5255.12973115077 -38574.7494064845 7401.42646636525
55272 74400 6035.96956276213 -37503.7474134213 7799.4831956543
55272 75000 6801.92430396781 -36340.424730564 8178.32301598713
55272 75600 7549.86048292274 -35081.0088714937 8535.51609074781
55272 76200 8276.15814822751 -33721.2345895195 8868.26493041848
55272 76800 8976.5880562952 -32256.2664046347 9173.31641825725
55272 77400 9646.1495628533 -30680.6049489691 9446.846575018
55272 78000 10278.8530384224 -28987.9736984244 9684.30717117323
55272 78600 10867.4223878431 -27171.1824034207 9880.21790258616
55272 79200 11402.879904911 -25221.9640418186 10027.8792045154
55272 79800 11873.9534382235 -23130.7846923661 10118.9665507015
55272 80400 12266.2075518533 -20886.6335528745 10142.9429531343
55272 81000 12560.7321627822 -18476.821367936 10086.1841313728
55272 81600 12732.0960768466 -15886.8704113435 9930.63438315618
55272 82200 12745.0308179387 -13100.7239303025 9651.66849755794
55272 82800 12548.8294084263 -10101.8992657611 9214.56284598855
55272 83400 12067.4757024848 -6877.35654862169 8568.46606156404
55272 84000 11181.6815013058 -3429.41223217395 7635.92939804878
55272 84600 9696.91592680376 187.28879506925 6295.8991820371
55272 85200 7302.2873538228 3750.07850545847 4368.8720984433
55272 85800 3645.60430030677 6571.81671191704 1696.35796511413
55273 0 -1019.78808920425 7420.99216282144 -1429.61970410847
55273 600 -5442.04514770609 6019.0557377645 -4165.05175618059
55273 1200 -8905.49748079018 3427.29246958297 -6153.32209066964
55273 1800 -11500.0326926888 458.860936540153 -7536.84789604737
55273 2400 -13454.8218357363 -2550.57769759514 -8499.50251737159
55273 3000 -14943.6891394535 -5478.41350021077 -9167.13796256249
55273 3600 -16083.4192383748 -8281.62729074697 -9620.24885591164
55273 4200 -16952.9036751795 -10947.5811305561 -9911.5177376372
55273 4800 -17607.0914850651 -13475.6634411801 -10076.7938257864
55273 5400 -18085.5522856327 -15870.0111465598 -10141.4205258993
55273 6000 -18417.6658398371 -18136.4634298756 -10123.929406796
55273 6600 -18625.8389595055 -20281.2450560819 -10038.2710573413
55273 7200 -18727.5619897394 -22310.3974122779 -9895.21308135779
55273 7800 -18736.765057012 -24229.5461233958 -9703.24733872452
55273 8400 -18664.7388769067 -26043.8235603329 -9469.19762430231
55273 9000 -18520.7766060248 -27757.8625246068 -9198.63833212741
55273 9600 -18312.6319460338 -29375.8213788035 -8896.19020827082
55273 10200 -18046.8530973069 -30901.4214632895 -8565.73398212265
55273 10800 -17729.0308766491 -32337.9875695659 -8210.56778084786
55273 11400 -17363.9862437768 -33688.4871419284 -7833.52521433448
55273 12000 -16955.9142479781 -34955.5663273015 -7437.06540343726
55273 12600 -16508.4960961215 -36141.5822146079 -7023.34263996421
55273 13200 -16024.9875430828 -37248.6312021202 -6594.26102578722
55273 13800 -15508.2894523073 -38278.5737074421 -6151.51787732239
55273 14400 -14961.0047627962 -39233.0555460678 -5696.63862068733
55273 15000 -14385.4849768535 -40113.5263322219 -5231.005169294
55273 15600 -13783.8684897559 -40921.2552426359 -4755.87926042069
55273 16200 -13158.1125139452 -41657.3444525219 -4272.42186026151
55273 16800 -12510.019937634 -42322.7405148926 -3781.70948210271
55273 17400 -11841.2621547766 -42918.2439154233 -3284.74806900007
55273 18000 -11153.3986788299 -43444.5169979784 -2782.48494993149
55273 18600 -10447.8941850113 -43902.0904218164 -2275.81927268781
55273 19200 -9726.13349976105 -44291.3682805613 -1765.61123789744
55273 19800 -8989.43496124568 -44612.6319850218 -1252.69039968276
55273 20400 -8239.06250345636 -44866.0429864153 -737.863254656411
55273 21000 -7476.23676343409 -45051.6443929322 -221.920308869895
55273 21600 -6702.14547261467 -45169.3615102626 294.35721046936
55273 22200 -5917.95336660823 -45219.0013150626 810.190846838662
55273 22800 -5124.81183120608 -45200.2508487084 1324.79846665372
55273 23400 -4323.86849500547 -45112.6744963768 1837.38773130969
55273 24000 -3516.27698041921 -44955.7100927293 2347.14934503728
55273 24600 -2703.20703515228 -44728.6637694253 2853.24992519584
55273 25200 -1885.85528637155 -44430.7034303285 3354.82432547828
55273 25800 -1065.45689125941 -44060.8507064312 3850.9672185202
55273 26400 -243.298402895176 -43617.9712027387 4340.72371083045
55273 27000 579.267766984542 -43100.7628018422 4823.07871728587
55273 27600 1400.80682167477 -42507.7417313979 5296.94476106509
55273 28200 2219.78240795048 -41837.2260323816 5761.14778273259
55273 28800 3034.53406215151 -41087.3159781514 6214.41043200073
55273 29400 3843.25032576049 -40255.8708864365 6655.33216713549
55273 30000 4643.93629369724 -39340.4816315158 7082.3652850872
55273 30600 5434.37395990651 -38338.4379947792 7493.78572836464
55273 31200 6212.07316784681 -37246.6897796518 7887.65713004945
55273 31800 6974.21018499058 -36061.8003511938 8261.78601742722
55273 32400 7717.54978765332 -34779.8909307509 8613.6653229353
55273 33000 8438.34508829196 -33396.5735734788 8940.4022323044
55273 33600 9132.20687809702 -31906.8702828562 9238.62474925289
55273 34200 9793.93052829383 -30305.1152002668 9504.35887404724
55273 34800 10417.2627134864 -28584.8363466229 9732.86448134047
55273 35400 10994.5810440383 -26738.6132481919 9918.41199157605
55273 36000 11516.4447343747 -24757.9076026771 10053.9722723005
55273 36600 11970.949319564 -22632.8675277736 10130.7761989126
55273 37200 12342.7748893391 -20352.1157994277 10137.6729639836
55273 37800 12611.7391117306 -17902.5586899161 10060.168000494
55273 38400 12750.5205226839 -15269.3203418711 9878.93348108995
55273 39000 12720.935277946 -12436.0890189788 9567.41922940572
55273 39600 12467.5864929465 -9386.66386038784 9087.87633325568
55273 40200 11906.5720082187 -6109.96713337983 8384.5199703702
55273 40800 10904.8773227242 -2615.43483595285 7371.69637446568
55273 41400 9244.67269462394 1018.95143702006 5915.58541427229
55273 42000 6587.94534758843 4498.31947745116 3826.46867040132
55273 42600 2634.78089561696 6980.61968797724 995.880803195073
55273 43200 -2095.06130371651 7269.21220346191 -2114.24659828879
55273 43800 -6319.70390187402 5493.29091510528 -4682.40379338282
55273 44400 -9565.02456196775 2765.96379780549 -6514.63024315693
55273 45000 -11994.8224773945 -230.319561217366 -7787.99625740025
55273 45600 -13830.4192035093 -3227.80656387709 -8674.25837578416
55273 46200 -15231.0275339726 -6129.45073774553 -9287.1158962179
55273 46800 -16303.2196038844 -8901.86088940832 -9699.41932330802
55273 47400 -17119.4264944842 -11536.1804404128 -9959.25370855289
55273 48000 -17730.4864918912 -14033.3056408535 -10099.6355698145
55273 48600 -18173.2768395506 -16397.9433070763 -10144.0960916504
55273 49200 -18475.3554472203 -18636.0996464203 -10109.9631134598
55273 49800 -18657.85763386 -20753.991281148 -10010.3599909915
55273 50400 -18737.3613386826 -22757.5777119243 -9855.4685607373
55273 51000 -18727.1256782472 -24652.3754148363 -9653.35493900544
55273 51600 -18637.9371214025 -26443.4018115816 -9410.52638165431
55273 52200 -18478.7026428034 -28135.1786341552 -9132.31723445967
55273 52800 -18256.875206425 -29731.7610707904 -8823.16302731297
55273 53400 -17978.7653419724 -31236.7764600671 -8486.79940033781
55273 54000 -17649.7735784669 -32653.4647395058 -8126.40930643987
55273 54600 -17274.566762411 -33984.7170359744 -7744.73385977308
55273 55200 -16857.2138532393 -35233.1108758172 -7344.15714203849
55273 55800 -16401.291968982 -36400.9415329431 -6926.77203229046
55273 56400 -15909.9702633064 -37490.2495372752 -6494.43199525329
55273 57000 -15386.0770598251 -38502.8445943217 -6048.79233594831
55273 57600 -14832.1541879389 -39440.3262535119 -5591.34345455059
55273 58200 -14250.5014291816 -40304.1016785782 -5123.43795952889
55273 58800 -13643.2132487258 -41095.4008545395 -4646.3130208293
55273 59400 -13012.2094587538 -41815.2895321739 -4161.10900449997
55273 60000 -12359.2610761583 -42464.6801721834 -3668.8851839033
55273 60600 -11686.0123543196 -43044.3411125656 -3170.63314253098
55273 61200 -10993.999758766 -43554.9041462581 -2667.28835047083
55273 61800 -10284.6684994546 -43996.8706627431 -2159.7402977237
55273 62400 -9559.38711431842 -44370.6164770645 -1648.84149378027
55273 63000 -8819.46050980375 -44676.3954423231 -1135.41558777987
55273 63600 -8066.14179740942 -44914.3419166718 -620.264822711389
55273 64200 -7300.64321580757 -45084.4721325635 -104.177007321109
55273 64800 -6524.14639248175 -45186.6844939039 412.067831539177
55273 65400 -5737.81217458666 -45220.7588051748 927.690966946379
55273 66000 -4942.79024434906 -45186.3544148758 1441.90851827251
55273 66600 -4140.22872895093 -45083.0072330585 1953.92488500771
55273 67200 -3331.28401819802 -44910.1255585265 2462.92592247845
55273 67800 -2517.13101575187 -44666.9846245586 2968.07170301923
55273 68400 -1698.97407225036 -44352.7197417459 3468.48868835007
55273 69000 -878.058883012567 -43966.3178814736 3963.26111291177
55273 69600 -55.6856818612716 -43506.6075022099 4451.42134183706
55273 70200 766.775870177643 -42972.2463711828 4931.93891834086
55273 70800 1587.86961134627 -42361.7070738709 5403.7079497163
55273 71400 2406.03300767809 -41673.2598299669 5865.53239330203
55273 72000 3219.57370387987 -40904.9521432848 6316.10868589571
55273 72600 4026.64149040396 -40054.5846995805 6754.0050008875
55273 73200 4825.19437013876 -39119.6827842971 7177.63620059037
55273 73800 5612.95697836594 -38097.4623141803 7585.23325297849
55273 74400 6387.36900744001 -36984.7893532528 7974.80546681109
55273 75000 7145.52043238368 -35778.131704247 8344.09331330146
55273 75600 7884.0691004817 -34473.5008206303 8690.50876372925
55273 76200 8599.13444016071 -33066.3818648641 9011.05885177696
55273 76800 9286.15834504161 -31551.6492510648 9302.24636107674
55273 77400 9939.72017592123 -29923.464494359 9559.93880652214
55273 78000 10553.2864149108 -28175.1527681847 9779.19266084726
55273 78600 11118.8652724797 -26299.0545678422 9954.01311301214
55273 79200 11626.5197569484 -24286.3500940803 10077.0188348612
55273 79800 12063.6643268737 -22126.8583582341 10138.9631964151
55273 80400 12414.0206421084 -19808.8253919705 10128.0323417548
55273 81000 12656.0180964652 -17318.7485491025 10028.7853959956
55273 81600 12760.2558588348 -14641.3690363495 9820.50082256755
55273 82200 12685.3133581871 -11760.1926344718 9474.50166989886
55273 82800 12370.5339555991 -8659.53717650724 8949.66705880287
55273 83400 11723.0865218553 -5331.01150138246 8184.67420072503
55273 84000 10594.3674961087 -1793.42077059216 7084.68321615209
55273 84600 8740.8846896231 1844.81302242212 5502.30095039576
55273 85200 5802.78229223938 5197.87833834761 3242.96383137528
55273 85800 1578.20170100725 7267.72799255143 278.157455702726
55274 0 -3138.42913649662 7005.71496169715 -2766.57119082928
55274 600 -7144.06490277862 4920.92090745932 -5160.2378071029
55274 1200 -10182.1687022817 2092.29204622589 -6847.06287883849
55274 1800 -12459.0007054765 -918.94531446962 -8019.2657439197
55274 2400 -14183.6068071998 -3899.82030325451 -8834.95757892859
55274 3000 -15501.4202716687 -6773.67627757833 -9396.76041718683
55274 3600 -16509.7913724305 -9514.87591019932 -9770.71912164449
55274 4200 -17275.3347186931 -12117.6297462308 -10000.8143331102
55274 4800 -17845.1665948046 -14584.0520389007 -10117.5129403743
55274 5400 -18253.7083369646 -16919.2961646838 -10142.7006302303
55274 6000 -18526.8438640811 -19129.4816657518 -10092.603347587
55274 6600 -18684.5324261589 -21220.7939734219 -9979.58173831548
55274 7200 -18742.5030541492 -23199.1016056536 -9813.27416334715
55274 7800 -18713.387315395 -25069.8092436707 -9601.34957258888
55274 8400 -18607.4979447388 -26837.8196636245 -9350.01852330886
55274 9000 -18433.3776513241 -28507.5451062797 -9064.38942352966
55274 9600 -18198.1947285129 -30082.9396280462 -8748.72284013061
55274 10200 -17908.0340326371 -31567.5386833945 -8406.61691889527
55274 10800 -17568.1149131516 -32964.4993688136 -8041.14516265689
55274 11400 -17182.9571231275 -34276.6383268578 -7654.96057245729
55274 12000 -16756.5090173462 -35506.4660935835 -7250.37559497393
55274 12600 -16292.2479657984 -36656.2175575969 -6829.42437602399
55274 13200 -15793.2599968631 -37727.8786231886 -6393.911878728
55274 13800 -15262.3037087249 -38723.2093573356 -5945.45311888525
55274 14400 -14701.862124168 -39643.7639663216 -5485.50487537203
55274 15000 -14114.1852078021 -40490.9079531156 -5015.39161015318
55274 15600 -13501.3250844712 -41265.8327832355 -4536.32689186235
55274 16200 -12865.165507062 -41969.5683513527 -4049.43130109563
55274 16800 -12207.4467639618 -42602.9935019193 -3555.7475664561
55274 17400 -11529.786952472 -43166.8448187645 -3056.25351244383
55274 18000 -10833.700348077 -43661.7238628408 -2551.87327606422
55274 18600 -10120.6134523602 -44088.1030046345 -2043.48715659057
55274 19200 -9391.87919164784 -44446.3299682171 -1531.94039386255
55274 19800 -8648.78965514412 -44736.6311771032 -1018.05111900624
55274 20400 -7892.58769891605 -44959.1139674955 -502.617683355385
55274 21000 -7124.47769607207 -45113.7677115485 13.5744562465423
55274 21600 -6345.63568060173 -45200.4638713595 529.746136733672
55274 22200 -5557.21911047669 -45218.9549828346 1045.11802568235
55274 22800 -4760.37646333206 -45168.8725467313 1558.90415448528
55274 23400 -3956.25687466321 -45049.7237813067 2070.30530641212
55274 24000 -3146.02003385826 -44860.8871663064 2578.50211207923
55274 24600 -2330.84656805136 -44601.6066806032 3082.6476924716
55274 25200 -1511.94916884035 -44270.9846045509 3581.85967011755
55274 25800 -690.584754312863 -43867.9727217684 4075.21134090998
55274 26400 131.931988547848 -43391.3617120053 4561.72176035164
55274 27000 954.213263867317 -42839.7684749823 5040.34444568238
55274 27600 1774.78051442232 -42211.6210621264 5509.95432524665
55274 28200 2592.04380992265 -41505.1408157605 5969.33247256174
55274 28800 3404.27745069739 -40718.3212194871 6417.14803638969
55274 29400 4209.59071826184 -39848.9028441234 6851.93660742245
55274 30000 5005.8923702658 -38894.3436240715 7272.07402926625
55274 30600 5790.84701367901 -37851.7835114691 7675.74434011361
55274 31200 6561.82083853675 -36718.0023202068 8060.90008290663
55274 31800 7315.81326615053 -35489.3692782226 8425.2125868607
55274 32400 8049.36972221418 -34161.7824441047 8766.00891088692
55274 33000 8758.46876767525 -32730.5957077902 9080.19080654588
55274 33600 9438.37385419864 -31190.5305957939 9364.12907499103
55274 34200 10083.4354294524 -29535.5695916671 9613.52368201868
55274 34800 10686.8220030674 -27758.8273171781 9823.21532435689
55274 35400 11240.1473555873 -25852.3960977898 9986.92671574195
55274 36000 11732.9421969357 -23807.1641384413 10096.8997438808
55274 36600 12151.8864352631 -21612.6101594491 10143.3742942908
55274 37200 12479.6616016941 -19256.5938316075 10113.8192633849
55274 37800 12693.1795720975 -16725.2019058561 9991.7631233392
55274 38400 12760.7475474249 -14002.816185553 9754.95459718959
55274 39000 12637.3433536958 -11072.8563118366 9372.36226650242
55274 39600 12256.3977798555 -7920.46494127852 8799.09970781882
55274 40200 11514.9529284354 -4540.8729836987 7967.62258382467
55274 40800 10246.7361184423 -965.180445411287 6772.85202345056
55274 41400 8180.60654207958 2658.60133596577 5053.47204286328
55274 42000 4945.81304374708 5832.72136129174 2619.36986780889
55274 42600 493.229147890891 7423.85183292002 -444.546374284834
55274 43200 -4139.03231348875 6646.0215370767 -3381.12226042008
55274 43800 -7916.6451938117 4312.67396296049 -5600.64840174591
55274 44400 -10759.8945220201 1410.45181139811 -7152.98134546913
55274 45000 -12894.7393671399 -1605.50063332523 -8232.22722968675
55274 45600 -14515.8306511971 -4566.08275350079 -8982.59715718566
55274 46200 -15755.8404679879 -7410.9290756641 -9496.72188870495
55274 46800 -16703.8105899323 -10120.6606807791 -9834.58973689488
55274 47400 -17421.114096335 -12691.9768001863 -10036.5110345041
55274 48000 -17951.4917130354 -15127.9719916636 -10130.6531845536
55274 48600 -18327.1207490053 -17434.1442630944 -10137.4048790529
55274 49200 -18572.3445670774 -19616.6820886987 -10071.9816493409
55274 49800 -18706.0330794539 -21681.7208531655 -9946.03986093645
55274 50400 -18743.1245079612 -23635.0309304811 -9768.7129755628
55274 51000 -18695.6628774285 -25481.903453446 -9547.29901238774
55274 51600 -18573.5154292159 -27227.1272530478 -9287.73014978168
55274 52200 -18384.8809901468 -28875.0068143036 -8994.90195376634
55274 52800 -18136.6581913408 -30429.3971458258 -8672.909587601
55274 53400 -17834.717466648 -31893.7439226452 -8325.22081289413
55274 54000 -17484.1055579754 -33271.1233762914 -7954.80506119229
55274 54600 -17089.201752969 -34564.2794526665 -7564.23135258726
55274 55200 -16653.8389962862 -35775.6572813238 -7155.74371835752
55274 55800 -16181.3990320194 -36907.4327511972 -6731.32011274378
55274 56400 -15674.8880726297 -37961.5383434542 -6292.71902848625
55274 57000 -15136.9976769982 -38939.6855241355 -5841.51683450166
55274 57600 -14570.1542644868 -39843.3840474429 -5379.13803130772
55274 58200 -13976.5598083219 -40673.9585172046 -4906.88004470716
55274 58800 -13358.225620904 -41432.5625268276 -4425.93377029426
55274 59400 -12717.000687578 -42120.1906612102 -3937.40078812724
55274 60000 -12054.595671759 -42737.6886049979 -3442.30795365534
55274 60600 -11372.6034677437 -43285.7615637126 -2941.61991431663
55274 61200 -10672.5169937569 -43764.9811692063 -2436.24998515118
55274 61800 -9955.74477994294 -44175.7910089524 -1927.06973029965
55274 62400 -9223.62480224554 -44518.5108898112 -1414.91753265662
55274 63000 -8477.43693504443 -44793.3399206554 -900.60638580907
55274 63600 -7718.41433711984 -45000.3584740772 -384.931106915738
55274 64200 -6947.75404271129 -45139.5290647446 131.324856357236
55274 64800 -6166.62699925573 -45210.6961601863 647.382869136861
55274 65400 -5376.18777378912 -45213.5849182247 1162.46265771441
55274 66000 -4577.58413979193 -45147.7988232563 1675.77582219549
55274 66600 -3771.96675486126 -45012.81617037 2186.51917115315
55274 67200 -2960.49914702675 -44807.9853210601 2693.86772856404
55274 67800 -2144.36824444081 -44532.5186260934 3196.96724938405
55274 68400 -1324.79571084499 -44185.4848788122 3694.92605876869
55274 69000 -503.05038978231 -43765.800124417 4186.80599963129
55274 69600 319.537782812936 -43272.216605927 4671.61223170409
55274 70200 1141.56196068564 -42703.3095734367 5148.28156932682
55274 70800 1961.52012241361 -42057.4616173459 5615.66897025414
55274 71400 2777.79367678927 -41332.8441050535 6072.53168738987
55274 72000 3588.62206409081 -40527.3951999243 6517.51046026532
55274 72600 4392.07221772314 -39638.7938156941 6949.106940022
55274 73200 5186.00139111156 -38664.4287021121 7365.65629123494
55274 73800 5968.01135427771 -37601.3616600755 7765.29356761115
55274 74400 6735.39125906743 -36446.2836369165 8145.91197361996
55274 75000 7485.04546339351 -35195.4621439539 8505.1104354198
55274 75600 8213.40113981136 -33844.678059354 8840.1269112199
55274 76200 8916.28832839277 -32389.149426782 9147.75241432423
55274 76800 9588.78183130977 -30823.4393516392 9424.21854486311
55274 77400 10224.9893259276 -29141.3446005824 9665.0480053184
55274 78000 10817.7621648745 -27335.7612201749 9864.85239466706
55274 78600 11358.2925499931 -25398.5238975631 10017.0532938284
55274 79200 11835.5395140688 -23320.2180924467 10113.4890517558
55274 79800 12235.3896812363 -21089.9711181664 10143.8466719793
55274 80400 12539.394037506 -18695.2476805348 10094.8180311175
55274 81000 12722.8026795329 -16121.7258358797 9948.80719358127
55274 81600 12751.3912829599 -13353.4621263155 9681.88064951444
55274 82200 12576.1208654865 -10373.9167120043 9260.39517156356
55274 82800 12123.7606504873 -7169.45203237978 8635.25174206465
55274 83400 11279.8529998628 -3740.13090317623 7731.91510626445
55274 84000 9858.1792155842 -133.156123802134 6433.97733679132
55274 84600 7558.86162089788 3452.22354278796 4566.69238093148
55274 85200 4019.32173308228 6385.11248773656 1959.0038104467
55274 85800 -600.670284182925 7446.78558438719 -1159.32542911294
55275 0 -5090.12212613736 6206.2769134676 -3955.16998792454
55275 600 -8639.83474239686 3677.36096005744 -6006.10090679367
55275 1200 -11301.0282478057 723.760317994867 -7434.56842295287
55275 1800 -13304.0217497645 -2288.78451026355 -8428.29623474694
55275 2400 -14828.4088562491 -5226.17643262265 -9118.07861356353
55275 3000 -15995.1809762732 -8041.09495973123 -9587.59356767133
55275 3600 -16885.9023975956 -10719.2223452197 -9891.43756190126
55275 4200 -17557.2171068407 -13259.2765419307 -10066.6328276968
55275 4800 -18049.7992954856 -15665.1370268706 -10139.2686914266
55275 5400 -18393.7723921583 -17942.5621264149 -10128.3693823035
55275 6000 -18612.0598183021 -20097.7725677283 -10048.2223531054
55275 6600 -18722.5211025513 -22136.8383436175 -9909.83269162654
55275 7200 -18739.3568935038 -24065.4261464617 -9721.86420202095
55275 7800 -18674.060548218 -25888.7125526155 -9491.26809175646
55275 8400 -18536.0799823201 -27611.3734742489 -9223.71509645866
55275 9000 -18333.2891171779 -29237.6074990191 -8923.90010733789
55275 9600 -18072.3309541663 -30771.1726968908 -8595.76180528645
55275 10200 -17758.8720644699 -32215.4270477054 -8242.64422993901
55275 10800 -17397.7946560155 -33573.3678542872 -7867.41779982743
55275 11400 -16993.3438135103 -34847.6681073846 -7472.57145296798
55275 12000 -16549.2419939362 -36040.7090676624 -7060.28385243224
55275 12600 -16068.7792323465 -37154.6089667469 -6632.4791733154
55275 13200 -15554.8850778825 -38191.2480259314 -6190.87137115159
55275 13800 -15010.1866152049 -39152.2901129158 -5736.99973509455
55275 14400 -14437.0557690926 -40039.201389919 -5272.2577719886
55275 15000 -13837.6482727637 -40853.2662959294 -4797.91693633254
55275 15600 -13213.9360953453 -41595.6011755037 -4315.14634320473
55275 16200 -12567.734699665 -42267.1658286856 -3825.02932881549
55275 16800 -11900.7261903681 -42868.7732176239 -3328.57752472758
55275 17400 -11214.479181965 -43401.0975281386 -2826.74296558266
55275 18000 -10510.4660443682 -43864.6807501257 -2320.42864167199
55275 18600 -9790.07805431042 -44259.9379094739 -1810.49782678632
55275 19200 -9054.63888377329 -44587.1610559239 -1297.78245134971
55275 19800 -8305.41678342744 -44846.5220855878 -783.090745871199
55275 20400 -7543.63576465722 -45038.0744530691 -267.214346750837
55275 21000 -6770.48604402414 -45161.7538057308 249.064967078812
55275 21600 -5987.13398641159 -45217.3775509765 764.968753940793
55275 22200 -5194.73176570529 -45204.6433458076 1279.71546199308
55275 22800 -4394.42695371168 -45123.126475698 1792.51391397727
55275 23400 -3587.37224859386 -44972.2760662285 2302.55658070463
55275 24000 -2774.73556363772 -44751.4100451072 2809.01249097633
55275 24600 -1957.71071637663 -44459.7087431784 3311.01961012601
55275 25200 -1137.52898849498 -44096.2069896268 3807.67649613556
55275 25800 -315.471870853969 -43659.784517392 4298.0330096265
55275 26400 507.114631121204 -43149.1544480518 4781.07980954768
55275 27000 1328.80367355372 -42562.8495689083 5255.73630656035
55275 27600 2148.06866157024 -41899.2060459182 5720.83666604138
55275 28200 2963.26102658005 -41156.3441308876 6175.11334525953
55275 28800 3772.58376647365 -40332.1453155013 6617.17750460132
55275 29400 4574.05954113128 -39424.2252525399 7045.49543627273
55275 30000 5365.49172829612 -38429.9015988881 7458.35988454987
55275 30600 6144.41630426325 -37346.1557269275 7853.85475812141
55275 31200 6908.04164947106 -36169.586990349 8229.8112103892
55275 31800 7653.1722824164 -34896.3579065324 8583.75231596952
55275 32400 8376.11092629758 -33522.1282216252 8912.82248941197
55275 33000 9072.53093939178 -32041.9753564167 9213.69619817562
55275 33600 9737.30754757792 -30450.2982163225 9482.45812908653
55275 34200 10364.2907604874 -28740.7008758206 9714.44329970678
55275 34800 10945.9940501532 -26905.8524571333 9904.01985359628
55275 35400 11473.1585551038 -24937.3202177765 10044.2880267247
55275 36000 11934.1286042612 -22825.3759153244 10126.6534774892
55275 36600 12313.9329209818 -20558.7845471842 10140.2071198359
55275 37200 12592.8916956642 -18124.6086480667 10070.7977780951
55275 37800 12744.4318862039 -15508.1241235456 9899.60069681713
55275 38400 12731.5271042486 -12693.1098782706 9600.8288544751
55275 39000 12500.6480665328 -9663.23184963081 9137.93589406792
55275 39600 11971.0421465023 -6406.58151744551 8457.10246422569
55275 40200 11015.1841228657 -2929.6209229346 7475.94298720422
55275 40800 9424.49645185564 699.389794826055 6065.66015867215
55275 41400 6871.01381295811 4215.41629709862 4040.00130698816
55275 42000 3029.9113494072 6837.04080135233 1268.02374306864
55275 42600 -1684.42518988147 7341.61003465395 -1854.28333754315
55275 43200 -5988.40173144883 5701.73122126537 -4488.14031402584
55275 43800 -9316.47269978721 3022.11121215132 -6379.17973470875
55275 44400 -11808.2151818457 34.8508030523747 -7693.81850925481
55275 45000 -13688.6552718194 -2967.84677341292 -8608.74786909203
55275 45600 -15122.5443726005 -5879.77954682853 -9242.21857487976
55275 46200 -16220.2624562311 -8664.09782956043 -9669.91776700856
55275 46800 -17056.6458706659 -11310.5832756706 -9941.63741779789
55275 47400 -17684.0658958218 -13819.5895650358 -10091.4483892341
55275 48000 -18140.4061528799 -16195.6201731962 -10143.5582544166
55275 48600 -18453.9071088087 -18444.6239696894 -10115.7452896372
55275 49200 -18646.1814496569 -20572.8236914519 -10021.4431102294
55275 49800 -18734.1503060679 -22586.211536163 -9871.05368701159
55275 50400 -18731.3256015215 -24490.3463388958 -9672.80341013326
55275 51000 -18648.684056066 -26290.2897328751 -9433.31887813753
55275 51600 -18495.2785340471 -27990.6060037625 -9158.02505959547
55275 52200 -18278.6757368155 -29595.3897941153 -8851.42748735837
55275 52800 -18005.2761680287 -31108.3043557777 -8517.31669359025
55275 53400 -17680.5524555651 -32532.6220311202 -8158.91924378584
55275 54000 -17309.2298831808 -33871.2630884174 -7779.01130404873
55275 54600 -16895.4252538404 -35126.8312581994 -7380.00541172907
55275 55200 -16442.7552044396 -36301.6454241813 -6964.01774761498
55275 55800 -15954.4217850102 -37397.7674606305 -6532.92099887245
55275 56400 -15433.2808863121 -38417.0264539377 -6088.38642478665
55275 57000 -14881.8975696057 -39361.0396419965 -5631.91773096697
55275 57600 -14302.5912846752 -40231.2304250489 -5164.87866024714
55275 58200 -13697.4732058218 -41028.8437849985 -4688.51571764615
55275 58800 -13068.4773723618 -41754.9594173349 -4203.9770963912
55275 59400 -12417.3869252419 -42410.5028413109 -3712.32861877794
55275 60000 -11745.8564410665 -42996.2547152169 -3214.56732057304
55275 60600 -11055.4311494066 -43512.8585468976 -2711.63317115137
55275 61200 -10347.5636581818 -43960.8269559962 -2204.41932012818
55275 61800 -9623.62869083431 -44340.5466139161 -1693.78118554287
55275 62400 -8884.93624784667 -44652.2819598635 -1180.54464212732
55275 63000 -8132.74353671987 -44896.1777661094 -665.5135262229
55275 63600 -7368.26596373029 -45072.2606022146 -149.476643243241
55275 64200 -6592.68744404564 -45180.4392257738 366.785558060046
55275 64800 -5807.17026161937 -45220.5039056365 882.494494428534
55275 65400 -5012.86469507903 -45192.1246618808 1396.86699759054
55275 66000 -4210.91861966387 -45094.848384348 1909.108763677
55275 66600 -3402.48729787497 -44928.094767523 2418.40755764279
55275 67200 -2588.74358313093 -44691.1509730861 2923.92601747388
55275 67800 -1770.88878233322 -44383.1649015539 3424.79388580071
55275 68400 -950.164456494155 -44003.1369198488 3920.09947131828
55275 69000 -127.865485998572 -43549.9098508808 4408.8801073276
55275 69600 694.645207495534 -43022.1569824649 4890.11132706907
55275 70200 1515.91980171756 -42418.3677937664 5362.69441159043
55275 70800 2334.40597623002 -41736.8310250468 5825.44188028642
55275 71400 3148.42381369681 -40975.6146269947 6277.0603793904
55275 72000 3956.13821662748 -40132.5420146038 6716.13026868865
55275 72600 4755.52555441485 -39205.163911399 7141.08099579913
55275 73200 5544.33283800469 -38190.7248952412 7550.1610574626
55275 73800 6320.02713520069 -37086.1235378898 7941.40094414451
55275 74400 7079.73211075304 -35887.8647564532 8312.56689617705
55275 75000 7820.14738199416 -34592.0026551124 8661.10248742251
55275 75600 8537.44463390491 -33194.0717225145 8984.05387216508
55275 76200 9227.13183344125 -31689.0037678529 9277.97278526429
55275 76800 9883.87292243347 -30071.0274621112 9538.7887529933
55275 77400 10501.2442102623 -28333.546912766 9761.63791625546
55275 78000 11071.398876044 -26468.9956385441 9940.62947168363
55275 78600 11584.5949313762 -24468.6633653858 10068.5203865213
55275 79200 12028.5149185326 -22322.4970420373 10136.2518198014
55275 79800 12387.2584505593 -20018.888823875 10132.2711341712
55275 80400 12639.8035552534 -17544.4937503066 10041.511023567
55275 81000 12757.5731826787 -14884.1980659541 9843.80140812063
55275 81600 12700.4326627538 -12021.5677825571 9511.30900550372
55275 82200 12409.8213474408 -8940.68911131345 9004.25408083032
55275 82800 11796.4761208227 -5632.03934132549 8263.52083267032
55275 83400 10718.0253067819 -2110.51379632081 7197.92466360562
55275 84000 8941.11405786549 1528.13773419636 5665.36733630322
55275 84600 6113.35476794618 4935.48011892099 3472.29366481228
55275 85200 1989.06857783071 7172.41117066234 555.570695172916
55275 85800 -2741.58816481371 7119.35481164843 -2519.84625662543
55276 0 -6833.15309164682 5145.91089187703 -4980.96085449763
55276 600 -9949.56611706502 2352.64071753563 -6722.43286164879
55276 1200 -12283.9025474962 -654.187383072399 -7932.54089974679
55276 1800 -14050.2857876154 -3641.93768598835 -8774.73134757554
55276 2400 -15399.3365964279 -6526.64763159321 -9355.75825080242
55276 3000 -16431.8405615919 -9279.89252209782 -9744.19127266245
55276 3600 -17216.5783272093 -11894.7781263866 -9985.5356640252
55276 4200 -17802.0549039713 -14372.9808483874 -10111.2079002002
55276 4800 -18223.6101105404 -16719.4954051712 -10143.7082049402
55276 5400 -18507.7553398677 -18940.403461671 -10099.6750792091
55276 6000 -18674.8915802929 -21041.9048932997 -9991.75536568753
55276 6600 -18741.0672957166 -23029.9041666917 -9829.79175126706
55276 7200 -18719.1505678142 -24909.8492255473 -9621.60275578243
55276 7800 -18619.6329243062 -26686.6868895105 -9373.51083416734
55276 8400 -18451.1947211655 -28364.8713251445 -9090.70971375454
55276 9000 -18221.1119378971 -29948.3952514836 -8777.52610511788
55276 9600 -17935.5548807174 -31440.829222635 -8437.61018366025
55276 10200 -17599.811559458 -32845.3619696993 -8074.07690490734
55276 10800 -17218.4575116687 -34164.8385767292 -7689.6126663984
55276 11400 -16795.4868608613 -35401.7951622806 -7286.55708335175
55276 12000 -16334.4148525441 -36558.4896799857 -6866.96658926476
55276 12600 -15838.3590944736 -37636.9289051941 -6432.66456081717
55276 13200 -15310.1046848193 -38638.8918770532 -5985.28131522992
55276 13800 -14752.1570043414 -39565.950139065 -5526.28640391844
55276 14400 -14166.7849629541 -40419.4851302551 -5057.0149833784
55276 15000 -13556.0567905176 -41200.7030573882 -4578.68959025066
55276 15600 -12921.8699571211 -41910.6475438368 -4092.43832249336
55276 16200 -12265.9764403025 -42550.210311802 -3599.31019305724
55276 16800 -11590.0042856387 -43120.1401161269 -3100.28824992616
55276 17400 -10895.476205654 -43621.0501118856 -2596.30092888742
55276 18000 -10183.8258111248 -44053.4238050104 -2088.23201053444
55276 18600 -9456.41195537367 -44417.6197054053 -1576.92948217142
55276 19200 -8714.53158670896 -44713.874774965 -1063.21355243761
55276 19800 -7959.43144013259 -44942.3067381671 -547.884027317723
55276 20400 -7192.31885213264 -45102.9152998291 -31.7272277776659
55276 21000 -6414.37194844761 -45195.5822926398 484.477390565215
55276 21600 -5626.74943192015 -45220.0707555054 999.950767931814
55276 22200 -4830.60018447977 -45176.0229219597 1513.90777949497
55276 22800 -4027.07289312921 -45062.9570751331 2025.55064194665
55276 23400 -3217.32591443194 -44880.2632012799 2534.06204081043
55276 24000 -2402.53760579863 -44627.1973467122 3038.59782000348
55276 24600 -1583.91737596045 -44302.8745521338 3538.27905627981
55276 25200 -762.717743228528 -43906.2602025187 4032.1833139065
55276 25800 59.7522587083487 -43436.1595882823 4519.33483723719
55276 26400 882.111917492601 -42891.2054225873 4998.6933878757
55276 27000 1702.89141622626 -42269.8429977531 5469.14136478512
55276 27600 2520.51151145748 -41570.312587789 5929.46875419302
55276 28200 3333.25950762324 -40790.6286100607 6378.35533323119
55276 28800 4139.26048395523 -39928.5549420177 6814.34938508833
55276 29400 4936.44240515586 -38981.5756423826 7235.84195687671
55276 30000 5722.49329689847 -37946.8601423508 7641.03537921623
55276 30600 6494.80803513775 -36821.2217417244 8027.90433111098
55276 31200 7250.42139877461 -35601.0679567568 8394.14711819902
55276 31800 7985.92273543309 -34282.340910494 8737.12394923726
55276 32400 8697.34567990552 -32860.4455265367 9053.7777073035
55276 33000 9380.02350469454 -31330.1627921162 9340.53079844868
55276 33600 10028.3963109784 -29685.5448434777 9593.14876089992
55276 34200 10635.749435306 -27919.7882377904 9806.55682773793
55276 34800 11193.8514960972 -26025.0818790736 9974.58851452088
55276 35400 11692.4424625663 -23992.4275681826 10089.633708626
55276 36000 12118.4914900386 -21811.4362641747 10142.1343111866
55276 36600 12455.0904696156 -19470.1173597252 10119.8419135889
55276 37200 12679.7513071312 -16954.7155637476 10006.6920570953
55276 37800 12761.6897666204 -14249.7475442218 9781.03908718031
55276 38400 12657.3155112063 -11338.6529088285 9412.78614384255
55276 39000 12302.4170930889 -8206.21558815515 8858.54531918191
55276 39600 11598.0850598883 -4846.14640661488 8053.2520719655
55276 40200 10385.1039327211 -1284.41798068653 6895.89471984191
55276 40800 8403.16235275488 2347.42126716452 5230.51192852395
55276 41400 5283.94442841654 5597.24955352135 2863.87028161181
55276 42000 912.777684067386 7379.5975618826 -166.746192763524
55276 42600 -3759.65689080232 6794.75203440901 -3149.39153238867
55276 43200 -7625.40819288236 4550.32341165095 -5435.49069321814
55276 43800 -10542.1136002533 1673.50781123506 -7038.28335138663
55276 44400 -12730.3376864691 -1341.69700565292 -8152.37014225391
55276 45000 -14390.4121015139 -4310.46810223084 -8927.28355234012
55276 45600 -15659.7918730773 -7166.59884022286 -9459.37179167122
55276 46200 -16630.6123356583 -9888.45900791647 -9810.87010740229
55276 46800 -17366.199168934 -12471.8514097596 -10023.4529497365
55276 47400 -17911.5532253237 -14919.5187058356 -10126.1446904031
55276 48000 -18299.6915018321 -17236.8371841093 -10139.8934323827
55276 48600 -18555.5351008818 -19429.9735313489 -10080.2932133317
55276 49200 -18698.3632737707 -21505.084380496 -9959.2647933894
55276 49800 -18743.4119268207 -23467.9786013072 -9786.13153359943
55276 50400 -18702.9465953074 -25323.9911679684 -9568.33119190552
55276 51000 -18587.0027045369 -27077.9546433189 -9311.9009673113
55276 51600 -18403.9090594473 -28734.2147542075 -9021.81682136864
55276 52200 -18160.666323138 -30296.6643662978 -8702.23646179316
55276 52800 -17863.2261356102 -31768.783446593 -8356.676999347
55276 53400 -17516.7006623091 -33153.6791055672 -7988.1472881911
55276 54000 -17125.5224700841 -34454.1230483055 -7599.24818370824
55276 54600 -16693.5683070714 -35672.5853830338 -7192.24966811175
55276 55200 -16224.2562320173 -36811.2645358003 -6769.15102124738
55276 55800 -15720.6227826553 -37872.1134008985 -6331.72837990122
55276 56400 -15185.3849991564 -38856.8620215536 -5881.57279171846
55276 57000 -14620.9908227026 -39767.0371500889 -5420.12102017842
55276 57600 -14029.6604785022 -40603.9790366535 -4948.68076396712
55276 58200 -13413.4208032835 -41368.8557697304 -4468.45153389897
55276 58800 -12774.1340082928 -42062.6754553002 -3980.54212884513
55276 59400 -12113.5220260686 -42686.2964824443 -3485.98543293257
55276 60000 -11433.1873361333 -43240.4360851613 -2985.75109534576
55276 60600 -10734.6309762523 -43725.6773747786 -2480.75653495782
55276 61200 -10019.2683045446 -44142.4749851636 -1971.87662326859
55276 61800 -9288.44297136077 -44491.159443788 -1459.95233286325
55276 62400 -8543.43947980369 -44771.9403552344 -945.798589205363
55276 63000 -7785.49465387102 -44984.9084594335 -430.211527078435
55276 63600 -7015.80828923622 -45130.0366041293 86.0246732908236
55276 64200 -6235.55323043475 -45207.1796492506 602.131213495597
55276 64800 -5445.88509777294 -45216.0732993086 1117.32822176011
55276 65400 -4647.95187628833 -45156.3318379866 1630.82827435281
55276 66000 -3842.90357690056 -45027.4447160174 2141.82975170195
55276 66600 -3031.90218657146 -44828.771918424 2649.50988038253
55276 67200 -2216.13214030161 -44559.5380093022 3153.01729884108
55276 67800 -1396.81157445738 -44218.8247204539 3651.46396406946
55276 68400 -575.204660260339 -43805.5619129869 4143.91618698395
55276 69000 247.364628658258 -43318.5166968483 4629.38454384598
55276 69600 1069.49688543895 -42756.2804400858 5106.81235653926
55276 70200 1889.69924482099 -42117.2533348559 5575.06236147773
55276 70800 2706.36429492806 -41399.6261075054 6032.90108908852
55276 71400 3517.74507093737 -40601.3583612781 6478.98034423715
55276 72000 4321.92502146217 -39720.1529170007 6911.8149997731
55276 72600 5116.781488995 -38753.4253628182 7329.75607185521
55276 73200 5899.9407598153 -37698.2678304347 7730.95770926909
55276 73800 6668.72205465097 -36551.4057725029 8113.33625836653
55276 74400 7420.06685448023 -35309.1462130755 8474.51889781164
55276 75000 8150.4485390105 -33967.3155703838 8811.7783761422
55276 75600 8855.75522451093 -32521.1847048826 9121.94897742166
55276 76200 9531.13554297901 -30965.3783400243 9401.31674010106
55276 76800 10170.7922746622 -29293.7655009153 9645.47375683613
55276 77400 10767.7011542629 -27499.3272945612 9849.12140567769
55276 78000 11313.2199302267 -25573.9986680617 10005.7994232716
55276 78600 11796.532455453 -23508.4828397474 10107.5047217728
55276 79200 12203.8378577002 -21292.0436220247 10144.1419057834
55276 79800 12517.1333674461 -18912.2986103047 10102.7092437935
55276 80400 12712.3265147224 -16355.0825983239 9966.05512797244
55276 81000 12756.1971339065 -13604.5724339127 9710.91242682534
55276 81600 12601.3042540454 -10644.195445347 9304.67524801159
55276 82200 12177.0753171844 -7459.79140969942 8699.92185419404
55276 82800 11373.6513672424 -4049.4003454236 7824.90327975115
55276 83400 10012.7674556187 -453.512805011941 6567.69919454567
55276 84000 7805.64265613478 3149.89064184253 4758.59661607938
55276 84600 4383.67390286225 6183.51929996816 2217.086220258
55276 85200 -180.022069397108 7453.55386209051 -886.072023615949
55276 85800 -4730.35569891211 6383.92577227101 -3739.19273945063
55277 0 -8367.28031441986 3924.49345767757 -5854.08859162364
55277 600 -11097.0014657155 988.337089004848 -7328.98482308905
55277 1200 -13149.5751027514 -2026.36439293573 -8354.77975864745
55277 1800 -14710.3999714723 -4972.97789373843 -9067.3414095831
55277 2400 -15904.8329283358 -7799.50211312943 -9553.67365104602
55277 3000 -16817.221899858 -10489.7976563801 -9870.37372394626
55277 3600 -17505.9733091345 -13041.8554980042 -10055.6866524078
55277 4200 -18012.9067262023 -15459.2739161034 -10136.4767081102
55277 4800 -18368.9145198681 -17747.7200790836 -10132.2783035059
55277 5400 -18597.452871682 -19913.4062111773 -10057.7267340394
55277 6000 -18716.7611408509 -21962.4290800703 -9924.07169432152
55277 6600 -18741.3177236324 -23900.4958298525 -9740.15370199962
55277 7200 -18682.8236527212 -25732.8271862041 -9513.05466148871
55277 7800 -18550.8851939146 -27464.1423637527 -9248.54396899059
55277 8400 -18353.499104796 -29098.6804644372 -8951.39233505594
55277 9000 -18097.4051306819 -30640.2366017986 -8625.59762505254
55277 9600 -17788.3470648068 -32092.2022486313 -8274.55071549987
55277 10200 -17431.2694892949 -33457.6048466606 -7901.15953796384
55277 10800 -17030.4684004295 -34739.1444813239 -7507.94339235231
55277 11400 -16589.708195984 -35939.2268058448 -7097.10574003444
55277 12000 -16112.3137422569 -37059.9920775969 -6670.59116837218
55277 12600 -15601.2437187552 -38103.3404880589 -6230.13054443921
55277 13200 -15059.1497184759 -39070.9541004791 -5777.27724183715
55277 13800 -14488.424387541 -39964.3157479096 -5313.4365428125
55277 14400 -13891.2410458872 -40784.7252363439 -4839.88977029899
55277 15000 -13269.5866285044 -41533.3131684477 -4357.81431533199
55277 15600 -12625.2893505157 -42211.052665898 -3868.30044506713
55277 16200 -11960.0421797972 -42818.7692292739 -3372.36557252629
55277 16800 -11275.422964343 -43357.1489369263 -2870.96651904482
55277 17400 -10572.9118851313 -43826.7451496003 -2365.01018905423
55277 18000 -9853.90677280211 -44227.9838560992 -1855.36299382601
55277 18600 -9119.73672675232 -44561.167766791 -1342.85929880632
55277 19200 -8371.67440025231 -44826.4792358417 -828.309122999763
55277 19800 -7610.9472592842 -45023.9820691443 -312.505284918346
55277 20400 -6838.74808194528 -45153.6222524101 203.769834674387
55277 21000 -6056.24493663046 -45215.2276121831 719.737759401481
55277 21600 -5264.59085900761 -45208.5064009468 1234.61746909556
55277 22200 -4464.93343884621 -45133.0447753599 1747.61889615746
55277 22800 -3658.42452757502 -44988.3031132079 2257.93622350298
55277 23400 -2846.23028618059 -44773.611089077 2764.7408328218
55277 24000 -2029.54181135836 -44488.1614000537 3267.17373699414
55277 24600 -1209.58660717465 -44131.0019997976 3764.33730799891
55277 25200 -387.641212112169 -43701.0266607149 4255.28607991065
55277 25800 434.954649404556 -43196.9636379505 4739.01636326634
55277 26400 1256.78194118434 -42617.3621533457 5214.45434877961
55277 27000 2076.32365620802 -41960.5763496594 5680.44230031677
55277 27600 2891.94291801435 -41224.7462816953 6135.72233243865
55277 28200 3701.85693628713 -40407.7754071644 6578.91712689666
55277 28800 4504.10563739851 -39507.3039104537 7008.50675130455
55277 29400 5296.51341426281 -38520.67703001 7422.80048131435
55277 30000 6076.64191510835 -37444.9073561249 7819.90216484333
55277 30600 6841.73104970589 -36276.6298103946 8197.66715791454
55277 31200 7588.62432976853 -35012.0477002233 8553.64813735711
55277 31800 8313.6731143444 -33646.867852225 8885.02604865584
55277 32400 9012.61204017901 -32176.2223662241 9188.52090763146
55277 33000 9680.39445566082 -30594.5740186234 9460.2748674756
55277 33600 10310.9713335902 -28895.6018608184 9695.69643290604
55277 34200 10896.9886921875 -27072.0633264156 9889.24917885378
55277 34800 11429.3648512354 -25115.6297373622 10034.1594666336
55277 35400 11896.6859696605 -23016.6948464276 10122.0030327133
55277 36000 12284.3188732576 -20764.1643121994 10142.1054929269
55277 36600 12573.0698069163 -18345.2561374511 10080.6482561384
55277 37200 12737.0874095162 -15745.3998221023 9919.29241237723
55277 37800 12740.4574830439 -12948.4744463496 9632.98559877232
55277 38400 12531.4383763313 -9938.04435048495 9186.33519273147
55277 39000 12032.280866739 -6701.46698257507 8527.40212605413
55277 39600 11120.6858130828 -3242.52999420836 7576.92849823497
55277 40200 9596.96743207414 379.280102728768 6211.00286122775
55277 40800 7143.73131841364 3926.15615813104 4247.44849010361
55277 41400 3417.38038244753 6676.16271979165 1536.96150679968
55277 42000 -1269.81026948248 7396.64006940921 -1589.93735691766
55277 42600 -5649.15873217517 5902.60406034864 -4287.92470594613
55277 43200 -9061.47602829487 3276.16594434086 -6239.3161175421
55277 43800 -11616.9477711578 300.006632500657 -7596.60431311457
55277 44400 -13543.4882272739 -2707.14950062577 -8541.09712052611
55277 45000 -15011.4952201314 -5629.11085517913 -9195.75301675365
55277 45600 -16135.3072993803 -8425.26763021233 -9639.22506128291
55277 46200 -16992.2655144431 -11083.9253619187 -9923.08870036829
55277 46800 -17636.3342363964 -13604.8489730022 -10082.5130433201
55277 47400 -18106.4399523011 -15992.3190019542 -10142.4078364088
55277 48000 -18431.5284429249 -18252.218454767 -10121.0174927122
55277 48600 -18633.7044084558 -20390.7725110896 -10032.0958049538
55277 49200 -18730.241893169 -22414.0045991634 -9886.27136122842
55277 49800 -18734.9122666571 -24327.5154659225 -9691.93519549049
55277 50400 -18658.8871518449 -26136.4109762255 -9455.83627634703
55277 51000 -18511.3686377956 -27845.2981929612 -9183.49234407554
55277 51600 -18300.0396041251 -29458.3115124426 -8879.48049325561
55277 52200 -18031.3923483399 -30979.1504137131 -8547.64730093619
55277 52800 -17710.9729769534 -32411.1199439339 -8191.26381285716
55277 53400 -17343.5662730727 -33757.1697866623 -7813.14191052341
55277 54000 -16933.3377121646 -35019.930120571 -7415.72310164737
55277 54600 -16483.944105324 -36201.7436533224 -7001.14727345489
55277 55200 -15998.6209231929 -37304.6937897788 -6571.3066577628
55277 55800 -15480.2520477583 -38330.6291581882 -6127.88872770178
55277 56400 -14931.4261188487 -39281.1848233484 -5672.4107058331
55277 57000 -14354.4825408684 -40157.8005405212 -5206.24764363257
55277 57600 -13751.5494361674 -40961.736389423 -4730.65552638065
55277 58200 -13124.5752725474 -41694.0860956414 -4246.79049680813
55277 58800 -12475.3554864513 -42355.7883085731 -3755.7250304127
55277 59400 -11805.5551252574 -42947.6360660612 -3258.46170521677
55277 60000 -11116.7283110215 -43470.2846389869 -2755.94506856686
55277 60600 -10410.3351628187 -43924.2579151228 -2249.0719994943
55277 61200 -9687.75669070556 -44309.9534507936 -1738.70088748724
55277 61800 -8950.30808085979 -44627.6462910266 -1225.65989052983
55277 62400 -8199.25072124162 -44877.4916334665 -710.754492158683
55277 63000 -7435.80326495589 -45059.5263877868 -194.774545740402
55277 63600 -6661.15199062484 -45173.6696600705 321.4990281909
55277 64200 -5876.46069297353 -45219.7221700094 837.287740470706
55277 64800 -5082.88032081436 -45197.3645871164 1351.80908484693
55277 65400 -4281.55857267569 -45106.1547497839 1864.27000187346
55277 66000 -3473.64966215135 -44945.5237071629 2373.86011084579
55277 66600 -2660.32447586456 -44714.7704976334 2879.74455572223
55277 67200 -1842.78136762288 -44413.055548076 3381.05629445541
55277 67800 -1022.25786446517 -44039.392544038 3876.88763671798
55277 68400 -200.043606372221 -43592.63858075 4366.28080086242
55277 69000 622.505094954494 -43071.4823569651 4848.21721456388
55277 69600 1443.9486063404 -42474.4301154919 5321.60522126693
55277 70200 2262.74464367002 -41799.7889631658 5785.26577112992
55277 70800 3077.22551602621 -41045.64711519 6237.91556324514
55277 71400 3885.57098227685 -40209.8504996034 6678.14695496826
55277 72000 4685.77546546208 -39289.9750211664 7104.40374897714
55277 72600 5475.6079647205 -38283.2936128634 7514.95168687157
55277 73200 6252.56243745708 -37186.7369884597 7907.84208668472
55277 73800 7013.79562109611 -35996.8467407593 8280.86651075549
55277 74400 7756.04810866322 -34709.7190966447 8631.4995637329
55277 75000 8475.54280420636 -33320.9372334801 8956.825779074
55277 75600 9167.85237158459 -31825.4895844572 9253.44486691346
55277 76200 9827.72347595325 -30217.6710440214 9517.34705887594
55277 76800 10448.8396986823 -28490.9635313735 9743.7463841147
55277 77400 11023.4955976313 -26637.8922549127 9926.85357139714
55277 78000 11542.1390230811 -24649.8549271495 10059.5603611617
55277 78600 11992.7129691826 -22516.9247783468 10132.9905603335
55277 79200 12359.6833766219 -20227.6386163107 10135.8450271013
55277 79800 12622.5585778854 -17768.8087384569 10053.4180429714
55277 80400 12753.5552660703 -15125.4693782988 9866.07172651807
55277 81000 12713.7733230474 -12281.2595182871 9546.78433718301
55277 81600 12446.6565407402 -9220.07462762462 9057.06187762167
55277 82200 11866.3419135161 -5931.38532394392 8339.89906608132
55277 82800 10836.3939366503 -2426.56648404668 7307.61416632661
55277 83400 9133.26820227792 1210.07928058876 5823.31732110977
55277 84000 6413.27775241599 4664.47618556553 3695.57558124194
55277 84600 2394.65651661563 7058.05093406797 831.510290783704
55277 85200 -2338.91542218353 7217.83245329131 -2267.75934553803
55277 85800 -6514.46023916993 5365.03601908496 -4796.01145990372
55278 0 -9710.96360215808 2611.56902406552 -6593.74881748657
55278 600 -12104.4768222881 -389.199624765284 -7843.02138868917
55278 1200 -13913.7833444186 -3383.23071678385 -8712.51821234957
55278 1800 -15294.8357794868 -6278.59469341072 -9313.28755088446
55278 2400 -16351.9948507311 -9043.83907943531 -9716.53972587059
55278 3000 -17156.2960834288 -11670.8723666726 -9969.37200172883
55278 3600 -17757.6867568779 -14160.8952618409 -10104.1892142427
55278 4200 -18192.4578479514 -16518.7276332247 -10144.1290744741
55278 4800 -18487.7687471595 -18750.406215202 -10106.256733143
55278 5400 -18664.4754861067 -20862.1423183741 -10003.5142050818
55278 6000 -18738.9548524772 -22859.8751973162 -9845.95441312021
55278 6600 -18724.3175508523 -24749.0957522654 -9641.54945685075
55278 7200 -18631.2382052264 -26534.7949295544 -9396.73648292279
55278 7800 -18468.5379188976 -28221.4690704923 -9116.79653153043
55278 8400 -18243.6026367593 -29813.1498633227 -8806.12390970067
55278 9000 -17962.6898210394 -31313.4432742665 -8468.42190135673
55278 9600 -17631.1574401201 -32725.5699637 -8106.84772977167
55278 10200 -17253.6378185817 -34052.4037243829 -7724.12181434207
55278 10800 -16834.1716335185 -35296.5064944218 -7322.61142551874
55278 11400 -16376.3126281352 -36460.1595000521 -6904.39566826768
55278 12000 -15883.2104885852 -37545.3905679242 -6471.31663922806
55278 12600 -15357.6772176898 -38553.9978649526 -6025.02020453593
55278 13200 -14802.2408858026 -39487.5704055325 -5566.98889032714
55278 13800 -14219.1896226808 -40347.5056790499 -5098.56871463335
55278 14400 -13610.6079927734 -41135.0247307316 -4620.99132158666
55278 15000 -12978.407377296 -41851.1849947473 -4135.39244433423
55278 15600 -12324.3516084497 -42496.8911397101 -3642.82748088343
55278 16200 -11650.0788228958 -43072.9041481002 -3144.28478986722
55278 16800 -10957.1202948512 -43579.8488148489 -2640.69718231861
55278 17400 -10246.9168544642 -44018.2198170982 -2132.95198821719
55278 18000 -9520.83338078971 -44388.3864770852 -1621.90000390103
55278 18600 -8780.17177106819 -44690.5963128451 -1108.36357219197
55278 19200 -8026.18272233651 -44924.9774464907 -593.144006880006
55278 19800 -7260.07661274833 -45091.5399166377 -77.0285439208639
55278 20400 -6483.0337350071 -45190.1759194841 439.203018800879
55278 21000 -5696.21411061611 -45220.6589814776 954.771844499827
55278 21600 -4900.76709976627 -45182.6420447593 1468.89360146416
55278 22200 -4097.84101676651 -45075.6544239322 1980.77188699806
55278 22800 -3288.59296473029 -44899.0975683956 2489.59138536589
55278 23400 -2474.19911623517 -44652.2395376089 2994.51060253101
55278 24000 -1655.86568976148 -44334.2080661624 3494.65400230042
55278 24600 -834.840906788164 -43943.9820601833 3989.10334199906
55278 25200 -12.4282641250594 -43480.3813248558 4476.88796912284
55278 25800 809.998475633199 -42942.0542727599 4956.97379076934
55278 26400 1630.97807997441 -42327.4633019419 5428.25056102079
55278 27000 2448.94180798178 -41634.8674580558 5889.51704227741
55278 27600 3262.18974755265 -40862.3019026813 6339.4634767897
55278 28200 4068.86250818106 -40007.5535950904 6776.65064287194
55278 28800 4866.90693347943 -39068.1324510855 7199.4845498703
55278 29400 5654.03406028117 -38041.2370623241 7606.18552255213
55278 30000 6427.6669379786 -36923.713833418 7994.75000291387
55278 30600 7184.87505021648 -35712.0081114516 8362.90280065453
55278 31200 7922.29082342288 -34402.1055328674 8708.03666844024
55278 31800 8636.00186123304 -32989.4613892625 9027.13483255878
55278 32400 9321.40978544871 -31468.9153232494 9316.67026253365
55278 33000 9973.04235641783 -29834.5881505079 9572.47266979637
55278 33600 10584.2989816976 -28079.7571944256 9789.54990836467
55278 34200 11147.0992257479 -26196.7065547968 9961.84361838623
55278 34800 11651.3866854014 -24176.5500505918 10081.8878564737
55278 35400 12084.411386045 -22009.0292269627 10140.3209132238
55278 36000 12429.6627221317 -19682.3018575795 10125.1685636724
55278 36600 12665.2321872238 -17182.7706608268 10020.7601102599
55278 37200 12761.2102920089 -14495.0915461727 9806.03394906685
55278 37800 12675.3801564523 -11602.7409008523 9451.79149202279
55278 38400 12345.7831143719 -8490.1966959581 8916.08041923706
55278 39000 11677.3654928375 -5149.81105913868 8136.20715721187
55278 39600 10517.6421397397 -1602.93594834511 7015.06660044092
55278 40200 8616.89997366986 2033.77403192057 5402.0633629769
55278 40800 5611.54600518852 5350.61393151656 3102.66459034368
55278 41400 1329.87657592087 7315.54381498306 111.500939400478
55278 42000 -3373.23042750532 6930.72583385398 -2911.75289268121
55278 42600 -7326.70802413327 4783.51546816442 -5265.01274055291
55278 43200 -10318.760515321 1935.67795578549 -6919.86505217238
55278 43800 -12561.9123971694 -1077.46984521268 -8069.9363248267
55278 44400 -14262.0141350139 -4053.96125760845 -8870.12160047228
55278 45000 -15561.4626199258 -6921.22501426407 -9420.64403799781
55278 45600 -16555.6144641992 -9655.1873756489 -9786.0888242289
55278 46200 -17309.8271685605 -12250.6796482927 -10009.5538636606
55278 46800 -17870.409452754 -14710.0615074208 -10120.9547950173
55278 47400 -18271.2473086561 -17038.5741328685 -10141.8195996239
55278 48000 -18537.8581185905 -19242.3565943986 -10088.133497342
55278 48600 -18689.9425778682 -21327.5843192562 -9972.08977950909
55278 49200 -18743.0424196295 -23300.1037687789 -9803.20710252883
55278 49800 -18709.6503172801 -25165.2935706235 -9589.06664759198
55278 50400 -18599.9738659098 -26928.0301546315 -9335.81321621335
55278 51000 -18422.474734044 -28592.700758411 -9048.5050169295
55278 51600 -18184.2577470704 -30163.2364158391 -8731.36365720165
55278 52200 -17891.3573519703 -31643.1516957259 -8387.95660754296
55278 52800 -17548.9523600648 -33035.5848764133 -8021.3329109866
55278 53400 -17161.5295644223 -34343.3356825721 -7634.12584809993
55278 54000 -16733.0102602214 -35568.8994312952 -7228.63181254024
55278 54600 -16266.8494119231 -36714.497286869 -6806.87177394678
55278 55200 -15766.1143578093 -37782.1027310952 -6370.63980469291
55278 55800 -15233.5480056955 -38773.4645347404 -5921.54186725999
55278 56400 -14671.6201359366 -39690.1265772917 -5461.0271814582
55278 57000 -14082.5694890546 -40533.4448654355 -4990.41387898514
55278 57600 -13468.4386468114 -41304.6020763367 -4510.91021995719
55278 58200 -12831.1032332265 -42004.6199159507 -4023.63233562308
55278 58800 -12172.2966098394 -42634.3695436004 -3529.61923612129
55278 59400 -11493.6309797021 -43194.5802758079 -3029.84565687993
55278 60000 -10796.6156211751 -43685.8467467641 -2525.23319496753
55278 60600 -10082.6728276721 -44108.6346703275 -2016.6600956711
55278 61200 -9353.15202045113 -44463.2853190472 -1504.96998158957
55278 61800 -8609.3424194461 -44750.018809038 -990.979765812257
55278 62400 -7852.48459571495 -44968.9362550441 -475.486953277503
55278 63000 -7083.78118380359 -45120.0208371509 40.7234927190668
55278 63600 -6304.40700009157 -45203.1377987157 556.872560632554
55278 64200 -5515.51879184642 -45218.0333735288 1072.18073083239
55278 64800 -4718.26482989845 -45164.3326183388 1585.8615046984
55278 65400 -3913.79455494567 -45041.5361039222 2097.11478104917
55278 66000 -3103.26849333666 -44849.0153930692 2605.11993194092
55278 66600 -2287.86867336216 -44586.0072062558 3109.02841714035
55278 67200 -1468.80979874115 -44251.6061442981 3607.95575661994
55278 67800 -647.35147409278 -43844.7558006187 4100.97265182571
55278 68400 175.188169257424 -43364.2380522935 4587.09500710463
55278 69000 997.417025502162 -42808.6602667657 5065.2725495575
55278 69600 1817.85122373196 -42176.4400974679 5534.37567438651
55278 70200 2634.89433958943 -41465.7874633684 5993.18004746579
55278 70800 3446.81277285411 -40674.6832105512 6440.34836868749
55278 71400 4251.70620742625 -39800.8538331323 6874.40852619082
55278 72000 5047.47173046491 -38841.7414795622 7293.72713473897
55278 72600 5831.75971558086 -37794.4682805686 7696.47712463002
55278 73200 6601.9189114413 -36655.7937969365 8080.59759083378
55278 73800 7354.92723088649 -35422.0640882693 8443.74346514535
55278 74400 8087.30336519643 -34089.1505376644 8783.22164384413
55278 75000 8794.99232895527 -32652.3761271869 9095.90884293733
55278 75600 9473.21500933071 -31106.4263572734 9378.1444269304
55278 76200 10116.2671462713 -29445.2414958593 9625.58837812299
55278 76800 10717.2458809095 -27661.8864933307 9833.029790181
55278 77400 11267.6702837846 -25748.3951256518 9994.12365660485
55278 78000 11756.9428781168 -23695.5867584531 10101.0212814258
55278 78600 12171.5660851776 -21492.8600723728 10143.8387039172
55278 79200 12493.9691356672 -19127.9843940002 10109.871188237
55278 79800 12700.6941471579 -16586.9519259626 9982.39664498584
55278 80400 12759.4869575337 -13854.0660113261 9738.79011048541
55278 81000 12624.4380879174 -10912.7431423472 9347.44197489984
55278 81600 12227.5126609815 -7748.36847599278 8762.53629808581
55278 82200 11463.22996239 -4357.16815146748 7914.98838932129
55278 82800 10160.926816134 -773.5800692723 6697.20432403008
55278 83400 8042.88639822088 2843.70425425383 4944.68707472632
55278 84000 4738.20300686501 5968.05894656282 2470.20164769291
55278 84600 241.092387928349 7440.88090197833 -610.509617748773
55278 85200 -4362.87751721056 6551.15703104858 -3517.11855938846
55278 85800 -8087.66674760814 4168.31204225877 -5697.13710978407
55279 0 -10887.8050704849 1252.45239279566 -7219.98685844897
55279 600 -12991.3819838329 -1763.36738246791 -8278.88285979818
55279 1200 -14589.5959365083 -4718.83464865804 -9014.88128082705
55279 1800 -15812.3295866267 -7556.8524625622 -9518.45908566433
55279 2400 -16746.8299897067 -10259.3055418813 -9848.30541523578
55279 3000 -17453.3365700034 -12823.3967679674 -10043.940346305
55279 3600 -17974.8568897825 -15252.4176330338 -10133.0334877463
55279 4200 -18343.0785853853 -17551.9330688349 -10135.6477239786
55279 4800 -18582.0073748982 -19728.1419861977 -10066.7776151362
55279 5400 -18710.2734783549 -21787.1659387034 -9937.92485137832
55279 6000 -18742.6405070429 -23734.7518331951 -9758.11159811366
55279 6600 -18691.0223605309 -25576.1644552185 -9534.55384678031
55279 7200 -18565.1873507024 -27316.1664995199 -9273.12204283401
55279 7800 -18373.2577594589 -28959.037866664 -8978.66443749053
55279 8400 -18122.0720689912 -30508.6110273261 -8655.23934616828
55279 9000 -17817.4527978615 -31968.311253478 -8306.28542970962
55279 9600 -17464.4080541941 -33341.1964085487 -7934.74885366756
55279 10200 -17067.2856410242 -34629.9939261929 -7543.17983668261
55279 10800 -16629.8926018151 -35837.1340755935 -7133.80707445019
55279 11400 -16155.5891959447 -36964.7793346689 -6708.59591240624
55279 12000 -15647.3636862063 -38014.8500337429 -6269.29440673627
55279 12600 -15107.8925430012 -38989.0465768762 -5817.47024086492
55279 13200 -14539.5894376566 -39888.8685924919 -5354.54065748861
55279 13800 -13944.6455295427 -40715.631359832 -4881.79700159994
55279 14400 -13325.0629318067 -41470.4798297661 -4400.4250691571
55279 15000 -12682.6827920366 -42154.4005213818 -3911.52216778201
55279 15600 -12019.2090958667 -42768.2315367011 -3416.11158609351
55279 16200 -11336.2290587958 -43312.6708981353 -2915.15501408781
55279 16800 -10635.2307905048 -43788.2833783646 -2409.56334271099
55279 17400 -9917.61878015754 -44195.5059605698 -1900.20618560268
55279 18000 -9184.72764895053 -44534.6520382054 -1387.92040238325
55279 18600 -8437.83453925768 -44805.9144373891 -873.517855455706
55279 19200 -7678.1704523402 -45009.3673208999 -357.792597411393
55279 19800 -6906.93080450791 -45144.9670101934 158.47233895008
55279 20400 -6125.28544203066 -45212.5517400812 674.498393000272
55279 21000 -5334.38833603034 -45211.8403391495 1189.5050262679
55279 21600 -4535.38716883237 -45142.4298069385 1702.70322931416
55279 22200 -3729.43302233615 -45003.7917355976 2213.28884297557
55279 22800 -2917.69038686467 -44795.2674983782 2720.43554369103
55279 23400 -2101.34772639211 -44516.0620989369 3223.28732834527
55279 24000 -1281.62886434479 -44165.2365428947 3720.95031227652
55279 24600 -459.80549548793 -43741.6985550332 4212.4836232623
55279 25200 362.788812964193 -43244.1914202318 4696.88913209765
55279 25800 1184.74268930316 -42671.2806716182 5173.09970357268
55279 26400 2004.5485463505 -42021.3382827521 5639.96557556271
55279 27000 2820.58100001241 -41292.5239385723 6096.23837199277
55279 27600 3631.071231248 -40482.7628579725 6540.55211820981
55279 28200 4434.07613975933 -39589.7195137689 6971.40044122691
55279 28800 5227.44077194611 -38610.7664365364 7387.10888266539
55279 29400 6008.7519962403 -37542.9470889027 7785.80089983176
55279 30000 6775.28068037519 -36382.9315463348 8165.35563655213
55279 30600 7523.90859693471 -35126.9634084447 8523.35484357134
55279 31200 8251.03478878186 -33770.7959818354 8857.01531534766
55279 31800 8952.45391449212 -32309.6153193283 9163.10172277416
55279 32400 9623.19575840081 -30737.9471899995 9437.81249641868
55279 33000 10257.3099509621 -29049.5445627394 9676.62801738487
55279 33600 10847.5718399666 -27237.2519168236 9874.10506656139
55279 34200 11385.072334857 -25292.8431606973 10023.5929878363
55279 34800 11858.6326990803 -23206.8324050832 10116.8330468249
55279 35400 12253.9477179943 -20968.2643843741 10143.3787920653
55279 36000 12552.2938794709 -18564.5116588621 10089.7338256221
55279 36600 12728.5159173763 -15981.1587912122 9938.02857131985
55279 37200 12747.7686761019 -13202.1935288913 9663.91810031787
55279 37800 12560.0221849424 -10211.1072166948 9233.11701037834
55279 38400 12090.3921147265 -6994.61100257416 8595.48535957227
55279 39000 11221.5544856738 -3554.0890803772 7674.7574577067
55279 39600 9762.35249632717 58.8881660106957 6351.75990029135
55279 40200 7406.28943143734 3631.30643607071 4448.85582563052
55279 40800 3796.44532392256 6498.85511087361 1802.12071642636
55279 41400 -852.095075570257 7433.57968249932 -1321.70627178096
55279 42000 -5301.97563336682 6095.17301416057 -4081.68148290749
55279 42600 -8799.86173376606 3527.82578058226 -6094.89567169266
55279 43200 -11420.8844289676 565.037762545429 -7496.2538537246
55279 43800 -13394.8271026811 -2445.7541834037 -8471.24281875051
55279 44400 -14897.81922711 -5377.45732258204 -9147.6782871441
55279 45000 -16048.3122057259 -8185.37235781932 -9607.31368718506
55279 45600 -16926.2555386042 -10856.2045259339 -9903.58831607187
55279 46200 -17587.2695248058 -13389.0800944665 -10072.8156005338
55279 46800 -18071.3616028732 -15788.0355673942 -10140.6344398535
55279 47400 -18408.2065568744 -18058.8789175992 -10125.7717577659
55279 48000 -18620.4163063589 -20207.8338070825 -10042.3118354548
55279 48600 -18725.6278755496 -22240.9532955333 -9901.1165990322
55279 49200 -18737.878937973 -24163.8795332604 -9710.74624493578
55279 49800 -18668.5408140039 -25981.7626092057 -9478.07523513142
55279 50400 -18526.9682483075 -27699.2525756463 -9208.71629411806
55279 51000 -18320.9628054922 -29320.5238785372 -8907.3196802154
55279 51600 -18057.1104430028 -30849.3125382571 -8577.7891982646
55279 52200 -17741.0321588068 -32288.9566085703 -8223.44126323189
55279 52800 -17377.5733215024 -33642.4354647252 -7847.12415087245
55279 53400 -16970.9489258115 -34912.4059801432 -7451.30886528001
55279 54000 -16524.856625689 -36101.2349031362 -7038.15941323809
55279 54600 -16042.5658467572 -37211.0273577592 -6609.58789977455
55279 55200 -15526.9888940881 -38243.6516771982 -6167.29827629577
55279 55800 -14980.7383388238 -39200.7608934634 -5712.82149757155
55279 56400 -14406.173831083 -40083.8112370015 -5247.54410090298
55279 57000 -13805.4406839179 -40894.077987723 -4772.7316993018
55279 57600 -13180.5019979278 -41632.6689879909 -4289.54850912221
55279 58200 -12533.1656788576 -42300.5360900855 -3799.0737647538
55279 58800 -11865.1073942972 -42898.4847716945 -3302.31567757835
55279 59400 -11177.8902887407 -43427.1821157989 -2800.22345248702
55279 60000 -10472.982106814 -43887.1633171271 -2293.6977684232
55279 60600 -9751.77024724334 -44278.8368462864 -1783.60004975963
55279 61200 -9015.57517429209 -44602.4883746011 -1270.76079579126
55279 61800 -8265.66254138593 -44858.2835370762 -755.987191374573
55279 62400 -7503.25432807197 -45046.2695872208 -240.070189294442
55279 63000 -6729.53925243051 -45166.3759751291 276.20876817257
55279 63600 -5945.68269402245 -45218.4138585492 792.07123640192
55279 64200 -5152.83634558459 -45202.0745350579 1306.73532093302
55279 64800 -4352.14780396977 -45116.9267611816 1819.4091547377
55279 65400 -3544.77031191249 -44962.412900613 2329.28415648367
55279 66000 -2731.8728721645 -44737.8438177112 2835.52791686473
55279 66600 -1914.65097535354 -44442.3924032532 3337.27654415472
55279 67200 -1094.33821391976 -44075.0855857404 3833.62627647966
55279 67800 -272.219099222576 -43634.7946420218 4323.624135088
55279 68400 550.356539187686 -43120.2235737841 4806.25734771444
55279 69000 1371.95710889534 -42529.8952593565 5280.44121037843
55279 69600 2191.05018752793 -41862.1350204153 5745.00497465436
55279 70200 3005.98010241043 -41115.0511570139 6198.67523838384
55279 70800 3814.94121741618 -40286.5118972593 6640.0561708272
55279 71400 4615.94570201204 -39374.1180741822 7067.60570354836
55279 72000 5406.78416344757 -38375.170674603 7479.60654439615
55279 72600 6184.97697267355 -37286.6321942868 7874.13049180089
55279 73200 6947.71333586055 -36105.0804700623 8248.99399226718
55279 73800 7691.7740452206 -34826.6533320859 8601.70212194398
55279 74400 8413.4322110234 -33446.9820194814 8929.37706916454
55279 75000 9108.32385220789 -31961.1108311522 9228.66556724544
55279 75600 9771.27654910611 -30363.3999679265 9495.61728099097
55279 76200 10396.0786723033 -28647.4080561325 9725.52239693313
55279 76800 10975.162677164 -26805.7506790261 9912.69077315833
55279 77400 11499.1612553917 -24829.9320132897 10050.1455117472
55279 78000 11956.2704867874 -22710.1499176102 10129.1880996685
55279 78600 12331.3114503395 -20435.0843423081 10138.7654477322
55279 79200 12604.3051978784 -17991.7042621869 10064.5219124841
55279 79800 12748.2334488987 -15365.1943874449 9887.33336554579
55279 80400 12725.381732866 -12539.2780864037 9580.95893612354
55279 81000 12481.1113909027 -9497.69712458613 9108.13759638188
55279 81600 11932.8003472222 -6229.02863556541 8413.88259155055
55279 82200 10949.6660795641 -2741.4790108612 7413.86692151226
55279 82800 9317.6291744671 890.985536280696 5976.29871075613
55279 83400 6702.62588403931 4385.7735125315 3912.76463570611
55279 84000 2793.97960567824 6925.21584284316 1105.27551051831
55279 84600 -1931.04771155593 7300.25784483875 -2010.63337473515
55279 85200 -6187.90136376379 5577.67732843747 -4605.27043266001
55279 85800 -9466.19139089923 2868.83631464717 -6460.87536097648
55280 0 -11920.5990552078 -124.069408897533 -7750.61713322293
55280 600 -13774.0166297994 -3123.73033327642 -8648.26102654452
55280 1200 -15187.862091947 -6029.52679631709 -9269.31106068063
55280 1800 -16270.2155417899 -8806.71631234243 -9687.73920344081
55280 2400 -17094.4601943547 -11445.9097722987 -9952.3055237076
55280 3000 -17712.0415681182 -13947.7913363461 -10096.4438827506
55280 3600 -18160.2358849623 -16316.9886027129 -10143.9534753215
55280 4200 -18466.8718841977 -18559.4857875763 -10112.3407897777
55280 4800 -18653.2744441532 -20681.5023866277 -10014.8523379973
55280 5400 -18736.1578766189 -22689.0111703374 -9861.75740176488
55280 6000 -18728.8818155981 -24587.5456381753 -9661.18580447143
55280 6600 -18642.3084149292 -26382.1409235104 -9419.69226566564
55280 7200 -18485.4027135416 -28077.3357822682 -9142.64719007856
55280 7800 -18265.6629615808 -29677.2011760604 -8834.51397367695
55280 8400 -17989.4355261373 -31185.378796415 -8499.05011555621
55280 9000 -17662.1496630015 -32605.1215297435 -8139.45594155873
55280 9600 -17288.4955087544 -33939.3321472963 -7758.48653263269
55280 10200 -16872.5610955503 -35190.5986464408 -7358.53731170601
55280 10800 -16417.9392989756 -36361.2257361005 -6941.71044688884
55280 11400 -15927.8123921225 -37453.2624767692 -6509.86706714356
55280 12000 -15405.0196944652 -38468.5263207745 -6064.66883958048
55280 12600 -14852.1123032757 -39408.6238888957 -5607.61147076618
55280 13200 -14271.3978471662 -40274.9688367882 -5140.05201002222
55280 13800 -13664.9774582862 -41068.7971467712 -4663.23135061436
55280 14400 -13034.7766257113 -41791.180147166 -4178.29298040573
55280 15000 -12382.5712040657 -42443.0355227762 -3686.29878451825
55280 15600 -11710.009565699 -43025.1365413512 -3188.24252046377
55280 16200 -11018.6316726079 -43538.1196843294 -2685.061451825
55280 16800 -10309.8856856335 -43982.4908366694 -2177.64652669041
55280 17400 -9585.14260919314 -44358.6301602327 -1666.85141250207
55280 18000 -8845.70937997887 -44666.7957477053 -1153.50064330683
55280 18600 -8092.8407406718 -44907.1261289232 -638.397094110811
55280 19200 -7327.75018972922 -45079.6416781545 -122.32896688217
55280 19800 -6551.62026223793 -45184.2449487491 393.923548454528
55280 20400 -5765.61237220928 -45220.7199399834 909.581788496054
55280 21000 -4970.87643198645 -45188.730279219 1423.86216411139
55280 21600 -4168.56045875222 -45087.8162799664 1935.96960064368
55280 22200 -3359.82038115821 -44917.3908123163 2445.09072527706
55280 22800 -2545.83027127052 -44676.7338955871 2950.38664560909
55280 23400 -1727.79324915668 -44364.985892917 3450.98514594963
55280 24000 -906.953341388035 -43981.1391526628 3945.9721021611
55280 24600 -84.6086229867889 -43524.0279003476 4434.38188018687
55280 25200 737.873961161652 -42992.3161356462 4915.18643503083
55280 25800 1559.04160916426 -42384.4832291576 5387.28276201546
55280 26400 2377.3359011125 -41698.8068404938 5849.47826522704
55280 27000 3191.06949128137 -40933.342688701 6300.47349139453
55280 27600 3998.39825658231 -40085.9005934179 6738.84151993416
55280 28200 4797.2875973824 -39154.0160643422 7163.00308547163
55280 28800 5585.47116200525 -38134.9165399131 7571.19621427652
55280 29400 6360.39967125506 -37025.4811544455 7961.43874569606
55280 30000 7119.17667473674 -35822.1926357095 8331.48153104329
55280 30600 7858.47685373799 -34521.0795914767 8678.7492743772
55280 31200 8574.44070232021 -33117.647026673 9000.26477533668
55280 31800 9262.53675754082 -31606.7924473121 9292.55055128959
55280 32400 9917.37849852343 -29982.7043911449 9551.49912441838
55280 33000 10532.4767272609 -28238.7397967616 9772.19910780509
55280 33600 11099.8981820306 -26367.2765957572 9948.69766879402
55280 34200 11609.784641017 -24359.539061917 10073.6693250417
55280 34800 12049.6589190569 -22205.3976706373 10137.9433232249
55280 35400 12403.395548324 -19893.1571800054 10129.8114247266
55280 36000 12649.6460128892 -17409.3781700929 10033.9839150268
55280 36600 12759.3432689602 -14738.8595792097 9829.9625950254
55280 37200 12691.5883399813 -11865.1297033356 9489.41252944333
55280 37800 12386.5757628302 -8772.40839361465 8971.75706944966
55280 38400 11752.924865486 -5451.8352791001 8216.56965312127
55280 39000 10644.5655366401 -1920.59951626593 7130.49364626013
55280 39600 8822.10537905919 1718.10952912532 5568.2661830634
55280 40200 5928.51120925694 5093.82745914526 3335.57890578705
55280 40800 1743.4057712736 7231.85100462057 389.449030041739
55280 41400 -2980.15002978819 7053.01316149203 -2668.36905509191
55280 42000 -7020.40883878049 5011.74191070803 -5089.07364795653
55280 42600 -10089.6733595528 2196.77103429611 -6797.60128045822
55280 43200 -12389.3498413739 -812.888389585075 -7984.8446147047
55280 43800 -14130.5612381008 -3796.58632169108 -8811.05963644606
55280 44400 -15460.8015816431 -6674.81423167417 -9380.50464648014
55280 45000 -16478.7811950552 -9420.84543001523 -9760.22262146084
55280 45600 -17251.9722081798 -12028.45840625 -9994.79723782154
55280 46200 -17828.0410966933 -14499.5963274574 -10115.0713496712
55280 46800 -18241.7734013684 -16839.3508633262 -10143.1742008688
55280 47400 -18519.3020601832 -19053.827192681 -10095.4953941707
55280 48000 -18680.7617633468 -21149.2168811809 -9984.50919996157
55280 48600 -18742.0084919207 -23131.4029841439 -9819.93515723809
55280 49200 -18715.7678645971 -25005.8075518734 -9609.50167621941
55280 49800 -18612.4237508282 -26777.3509975787 -9359.46382207769
55280 50400 -18440.5736487357 -28450.4623314578 -9074.96395497119
55280 51000 -18207.4287321757 -30029.1110652739 -8760.28897393668
55280 51600 -17919.1078954928 -31516.8466806259 -8419.05774547755
55280 52200 -17580.8578467461 -32916.8389149018 -8054.36028610115
55280 52800 -17197.2205731523 -34231.9157753867 -7668.86290480232
55280 53400 -16772.162676056 -35464.5980208755 -7264.88887705259
55280 54000 -16309.1766284354 -36617.1297574787 -6844.48123386644
55280 54600 -15811.3610533622 -37691.505231128 -6409.45228035314
55280 55200 -15281.4851195697 -38689.492092487 -5961.42313423858
55280 55800 -14722.040769334 -39612.6514790143 -5501.85566836364
55280 56400 -14135.2855260595 -40462.3552657116 -5032.07861016514
55280 57000 -13523.2779406073 -41239.8008134039 -4553.30910518924
55280 57600 -12887.9072393074 -41946.023508142 -4066.67073223585
55280 58200 -12230.918374716 -42581.9073463815 -3573.20872606998
55280 58800 -11553.9334134228 -43148.1937822019 -3073.90299386806
55280 59400 -10858.4699967987 -43645.4890169439 -2569.67938605039
55280 60000 -10145.957461958 -44074.2698788809 -2061.41958874052
55280 60600 -9417.7510984056 -44434.8884108878 -1549.96993534045
55280 61200 -8675.14493166951 -44727.5752571756 -1036.14938266437
55280 61800 -7919.38336217937 -44952.4419155017 -520.756858565801
55280 62400 -7151.67194110664 -45109.481898279 -4.57816004831763
55280 63000 -6373.18753159511 -45198.5708240482 511.607438562141
55280 63600 -5585.08808158614 -45219.4654392226 1027.020720056
55280 64200 -4788.52222183177 -45171.8015481878 1540.87606002426
55280 64800 -3984.63889899625 -45055.0908070137 2052.37482247325
55280 65400 -3174.59725884349 -44868.7163114254 2560.69846819652
55280 66000 -2359.57700878745 -44611.9268823608 3065.0012166133
55280 66600 -1540.78951379617 -44283.8299213615 3564.4020824817
55280 67200 -719.489916516448 -43883.3826718873 4057.9760811492
55280 67800 103.009375434006 -43409.3816798625 4544.74435767252
55280 68400 925.323420751176 -42860.4501953315 5023.66294339346
55280 69000 1745.97718336718 -42235.0231945895 5493.60977414276
55280 69600 2563.38503757017 -41531.3296253464 5953.3695113317
55280 70200 3375.82652122316 -40747.3713824062 6401.61558233281
55280 70800 4181.41727847547 -39880.8984028779 6836.8886876988
55280 71400 4978.07380312624 -38929.3791216564 7257.57079240527
55280 72000 5763.47013558052 -37889.9653418523 7661.85330069077
55280 72600 6534.98402267541 -36759.4503414719 8047.69767080299
55280 73200 7289.62913298296 -35534.2187461748 8412.78609890296
55280 73800 8023.96859441442 -34210.1863381392 8754.4590008365
55280 74400 8734.00317068748 -32782.7275373794 9069.63470561884
55280 75000 9415.0244701539 -31246.5877941707 9354.70481946555
55280 75600 10061.4191080692 -29595.7776201238 9605.3957537745
55280 76200 10666.4027432771 -27823.4446104755 9816.5823128905
55280 76800 11221.6516757501 -25921.7199574187 9982.03193606785
55280 77400 11716.7811550044 -23881.5375746712 10094.0462831476
55280 78000 12138.5880172966 -21692.4293693765 10142.9468764971
55280 78600 12469.9198030705 -19342.3151637392 10116.3169324265
55280 79200 12687.9313334794 -16817.3449834493 9997.84967053179
55280 79800 12761.2980358615 -14101.9541071994 9765.53914109258
55280 80400 12645.5786777205 -11179.5680436786 9388.73287512921
55280 81000 12275.1617791443 -8035.17903498764 8823.15266642261
55280 81600 11548.7354593839 -4663.3884695384 8002.2612284131
55280 82200 10302.8948508859 -1093.17759967221 6822.62883500394
55280 82800 8270.8627520266 2534.23682343717 5125.08048795884
55280 83400 5082.55791002274 5739.77304343867 2718.01397014627
55280 84000 661.565927119617 7408.49954357627 -333.331703998214
55280 84600 -3987.88323235405 6707.09107888203 -3288.98413623256
55280 85200 -7800.83195712722 4408.4055793794 -5535.09849349805
55280 85800 -10673.2874855145 1515.95445126465 -7107.46015734287
55281 0 -12829.3388189106 -1499.84826513088 -8200.53243330466
55281 600 -14465.9278427154 -4463.76528840775 -8960.6514321655
55281 1200 -15717.6239632914 -7313.15044923088 -9481.91881208656
55281 1800 -16674.6935266112 -10027.7447702256 -9825.21117968116
55281 2400 -17399.2827400462 -12603.8969158039 -10031.3785362619
55281 3000 -17935.631669341 -15044.5640212453 -10128.9276602565
55281 3600 -18316.2506490817 -17355.1968663844 -10138.4690016418
55281 4200 -18565.7123647406 -19541.9758678964 -10075.3682716568
55281 4800 -18703.0493270167 -21611.0452070322 -9951.38682243084
55281 5400 -18743.3180811016 -23568.1907860671 -9775.73357328058
55281 6000 -18698.6507476348 -25418.7213251968 -9555.76210255977
55281 6600 -18578.9814889517 -27167.443161605 -9297.44636586785
55281 7200 -18392.5608733264 -28818.6772733947 -9005.71392513296
55281 7800 -18146.3281643082 -30376.2938012419 -8684.68484504364
55281 8400 -17846.1861457199 -31843.7521240144 -8337.84654192185
55281 9000 -17497.2076300259 -33224.1408120415 -7968.18415329576
55281 9600 -17103.7931417157 -34520.2149033687 -7578.27938582381
55281 10200 -16669.7930894151 -35734.4295091512 -7170.38661477895
55281 10800 -16198.6036984458 -36868.969525065 -6746.49229641237
55281 11400 -15693.2432762524 -37925.7755911199 -6308.36195886796
55281 12000 -15156.4135462396 -38906.5665993999 -5857.57782482174
55281 12600 -14590.5495139041 -39812.8590999537 -5395.56928561282
55281 13200 -13997.8604347795 -40645.9839530326 -4923.63786437559
55281 13800 -13380.3638156527 -41407.1005491388 -4442.97789289528
55281 14400 -12739.9139192813 -42097.2088817409 -3954.6938303088
55281 15000 -12078.2259056129 -42717.1597183802 -3459.81493618085
55281 15600 -11396.8964932912 -43267.6630780226 -2959.30785209081
55281 16200 -10697.4218396328 -43749.2951872483 -2454.087528627
55281 16800 -9981.21319796617 -44162.5040558942 -1945.02684726738
55281 17400 -9249.61080646486 -44507.6137837335 -1432.96522139535
55281 18000 -8503.89638372136 -44784.8276834692 -918.716412037543
55281 18600 -7745.30454739011 -44994.2302810851 -403.075758039232
55281 19200 -6975.03342895126 -45135.7882318976 113.17300545002
55281 19800 -6194.25472705431 -45209.3501688447 629.25118398229
55281 20400 -5404.1234219397 -45214.645477997 1144.37867088707
55281 21000 -4605.78736293747 -45151.2819742771 1657.76746356396
55281 21600 -3800.39693932149 -45018.7424272245 2168.61500687191
55281 22200 -2989.11505191966 -44816.3798614922 2676.09721426204
55281 22800 -2173.12761944623 -44543.4115286916 3179.3610036173
55281 23400 -1353.65488077963 -44198.911415082 3677.51616369731
55281 24000 -531.963794476701 -43781.8011120876 4169.62633712289
55281 24600 290.618107152508 -43290.8388320581 4654.69886474549
55281 25200 1112.68697558191 -42724.6062979801 5131.67318088316
55281 25800 1932.74447788559 -42081.4931703641 5599.40737474114
55281 26400 2749.1765256903 -41359.6785939631 6056.66243397181
55281 27000 3560.22803471382 -40557.1093470528 6502.08355266806
55281 27600 4363.97259001296 -39671.4739513566 6934.17770498889
55281 28200 5158.27553656644 -38700.1719445644 7351.28643798945
55281 28800 5940.74852022801 -37640.2773214445 7751.5524949081
55281 29400 6708.69280726851 -36488.4949038776 8132.87840101368
55281 30000 7459.02771496975 -35241.1080939196 8492.87446403269
55281 30600 8188.19904019498 -33893.9160875389 8828.7926609228
55281 31200 8892.06023773442 -32442.1581765596 9137.44144580644
55281 31800 9565.71588545657 -30880.422258925 9415.07436788744
55281 32400 10203.3120300927 -29202.534178614 9657.24211741148
55281 33000 10797.750227754 -27401.4242136488 9858.59251985887
55281 33600 11340.2895315012 -25468.9673988317 10012.5948555467
55281 34200 11819.9798125637 -23395.7965745216 10111.1515202092
55281 34800 12222.8340444916 -21171.0939448781 10144.0374657186
55281 35400 12530.5837724733 -18782.3856130856 10098.0684928585
55281 36000 12718.7453366341 -16215.412342761 9955.8285281142
55281 36600 12753.5014806294 -13454.2780890537 9693.65405956442
55281 37200 12586.4617574415 -10482.4270695012 9278.32258076842
55281 37800 12145.4754397125 -7286.00368845295 8661.41597722415
55281 38400 11317.9547953953 -3864.23377928481 7769.53045569824
55281 39000 9920.91096090917 -261.546973125442 6488.07550121548
55281 39600 7658.90988652232 3331.57874206486 4644.29431810362
55281 40200 4166.47202331734 6306.06422990592 2062.9907689775
55281 40800 -432.239774651908 7451.80851920959 -1050.15141130215
55281 41400 -4946.89768697499 6278.65757770752 -3869.3596069734
55281 42000 -8531.45782307688 3776.76115175036 -5945.77238993049
55281 42600 -11219.8849131278 829.823764537565 -7392.66337475772
55281 43200 -13242.5775888828 -2183.70406155878 -8399.11908377204
55281 43800 -14781.453423385 -5124.83308654794 -9097.95191780338
55281 44400 -15959.2339140255 -7944.4146717011 -9574.15519607062
55281 45000 -16858.5851954208 -10627.41882825 -9883.11644018397
55281 45600 -17536.8491985373 -13172.2792399433 -10062.3417473717
55281 46200 -18035.1540747243 -15582.765657599 -10138.2274083256
55281 46800 -18383.9282780519 -17864.601159328 -10129.9999391116
55281 47400 -18606.3067358748 -20024.0036200816 -10052.0848321496
55281 48000 -18720.2998772726 -22067.0539899474 -9915.58432048845
55281 48600 -18740.2187647674 -23999.4352484266 -9729.23243649615
55281 49200 -18677.6393589281 -25826.3416712774 -9500.03235835531
55281 49800 -18542.0725900845 -27552.4664999148 -9233.69407317244
55281 50400 -18341.4412825483 -29182.0245218008 -8934.942649709
55281 51000 -18082.4269674058 -30718.7886127603 -8607.7403345171
55281 51600 -17770.7269808972 -32166.1301367569 -8255.44982272939
55281 52200 -17411.2483879655 -33527.0584396173 -7880.95647903918
55281 52800 -17008.2565675789 -34804.2573387944 -7486.76134154286
55281 53400 -16565.4906988807 -36000.1178425099 -7075.05295833833
55281 54000 -16086.2547072089 -37116.7669849806 -6647.76364273073
55281 54600 -15573.4897605342 -38156.0929695394 -6206.61409379446
55281 55200 -15029.8327202264 -39119.7669376104 -5753.14921758609
55281 55800 -14457.6637780436 -40009.2617166552 -5288.76721738956
55281 56400 -13859.1456841986 -40825.8678906345 -4814.74348374392
55281 57000 -13236.2563794246 -41570.707506665 -4332.25043258186
55281 57600 -12590.8164149811 -42244.7456938136 -3842.37416432192
55281 58200 -11924.51223004 -42848.8004309382 -3346.12861596118
55281 58800 -11238.9161230219 -43383.5506631303 -2844.46773040968
55281 59400 -10535.5035797284 -43849.542931763 -2338.29605773138
55281 60000 -9815.66849057919 -44247.1966518923 -1828.47812116706
55281 60600 -9080.73669106526 -44576.8081423765 -1315.84681979149
55281 61200 -8331.97818565154 -44838.5534882996 -801.211094199982
55281 61800 -7570.61836033629 -45032.4902914517 -285.363048243796
55281 62400 -6797.84844891276 -45158.5583421808 230.915304008758
55281 63000 -6014.83548994811 -45216.5792242435 746.845512926056
55281 63600 -5222.73199380252 -45206.2548426785 1261.64624571673
55281 64200 -4422.68553051257 -45127.1648425461 1774.52677596441
55281 64800 -3615.84844966247 -44978.7628628399 2284.68026705256
55281 65400 -2803.38795255143 -44760.3715441497 2791.27669760275
55281 66000 -1986.49675583478 -44471.1761797658 3293.45526178108
55281 66600 -1166.40461578632 -44110.2168666978 3790.31605438281
55281 67200 -344.391025701838 -43676.378974112 4280.91081833913
55281 67800 478.200540778631 -43168.38170025 4764.23248825564
55281 68400 1299.94638567487 -42584.7644327305 5239.20320441137
55281 69000 2119.32377634519 -41923.8705585711 5704.66039235118
55281 69600 2934.68885347942 -41183.828285656 6159.34039697797
55281 70200 3744.25033884082 -40362.5279323573 6601.85901687915
55281 70800 4546.03784661622 -39457.5950108225 7030.68809031494
55281 71400 5337.86321929723 -38466.3582650431 7444.12701794751
55281 72000 6117.27277486832 -37385.8116184119 7840.2677382302
55281 72600 6881.48759710904 -36212.56872699 8216.95115303179
55281 73200 7627.32791827522 -34942.8085132117 8571.71226289257
55281 73800 8351.11606594554 -33572.2096613378 8901.71020337792
55281 74400 9048.55010588848 -32095.8715902682 9203.63780205437
55281 75000 9714.53677344418 -30508.2189052327 9473.60291753868
55281 75600 10342.9668156999 -28802.8858526249 9706.9702103069
55281 76200 10926.4072090591 -26972.5770946534 9898.14633513366
55281 76800 11455.6706503081 -25008.9017665393 10040.2824507194
55281 77400 11919.1991933987 -22902.1807070207 10124.8529226095
55281 78000 12302.1582833089 -20641.2354659838 10141.0435394993
55281 78600 12585.0648146449 -18213.1909771238 10074.8376678197
55281 79200 12741.6380711058 -15603.3844932401 9907.60726029776
55281 79800 12735.3026381548 -12795.6339756099 9613.86302549526
55281 80400 12513.2549169757 -9773.56103110015 9157.52664332679
55281 81000 11995.9628691145 -6524.95191790551 8485.54219971621
55281 81600 11058.0262977362 -3055.16273870944 7516.79398425846
55281 82200 9494.474142968 571.170553834354 6124.45961976799
55281 82800 6981.52591347823 4100.2273582913 4123.85515636818
55281 83400 3186.13600519638 6774.60651744888 1376.20675306916
55281 84000 -1518.71739745327 7365.78875293723 -1748.8584282773
55281 84600 -5853.41974025969 5783.17085258791 -4408.63234197031
55281 85200 -9215.07781063548 3124.17980554724 -6323.67358248208
55281 85800 -11732.1404535223 141.107738768554 -7655.23440229354
