CIC_MPM_VERS = 1.0
COMMENT Generated by Spacebel CCSDS library
CREATION_DATE = 2017-02-24T16:24:56.736218
ORIGINATOR = SVG² Control

META_START

USER_DEFINED_PROTOCOL = NONE
USER_DEFINED_CONTENT = REGION OF INTEREST
USER_DEFINED_SIZE = 2
USER_DEFINED_TYPE = REAL
USER_DEFINED_UNIT = [deg]

META_STOP

37.3332 65.6273
37.4589 65.6469
37.5369 65.7014
37.5342 65.7661
37.5689 65.7855
37.3236 66.3027
37.3605 66.5388
37.368 66.5869
37.3383 66.6653
37.3614 66.7444
37.3772 67.0216
37.2467 67.2003
37.1919 67.2294
37.1853 67.2664
37.235 67.4244
37.2725 67.5216
37.2155 67.5575
37.2461 67.6494
37.2061 67.7741
37.1858 67.7772
37.0883 67.7916
37.0614 67.8855
37.0144 67.9105
36.9247 68.0355
37.02 68.2833
37.0869 68.2783
37.1111 68.3016
37.1044 68.413
37.148 68.4122
37.1619 68.525
37.2469 68.6547
37.2478 68.8258
37.3225 68.8094
37.3247 68.8503
37.2722 68.905
37.2847 68.9244
37.3175 68.8916
37.3078 68.9997
37.0942 69.2466
37.125 69.333
37.23 69.4514
37.3442 69.3813
37.4558 69.3827
37.5808 69.5158
37.6119 69.918
37.565 69.9586
37.5291 70.135
37.6211 70.2555
37.7414 70.2769
37.8722 70.1655
37.9417 70.1702
37.9205 70.2039
38.0578 70.3783
38.1672 70.4919
38.2786 70.5844
38.3341 70.5964
38.3753 70.6855
38.4144 70.6722
38.453 70.8805
38.4061 71.1019
38.2489 71.363
38.188 71.3639
38.02 71.2847
37.918 71.2641
37.9058 71.3747
37.9425 71.5464
37.903 71.5919
37.8161 71.5886
37.7644 71.5288
37.2842 71.4902
37.2078 71.4469
37.0586 71.4322
36.7414 71.5683
36.6722 71.6952
36.6925 71.8427
36.8122 72.0114
36.99 72.3466
37.0261 72.6636
37.23 72.7989
37.3205 73.0814
37.4008 73.1505
37.4633 73.3144
37.4344 73.7766
37.3314 73.7528
37.3044 73.6494
37.2628 73.62
37.24 73.6344
37.2294 73.7925
37.4286 74.3639
37.3994 74.4008
37.3919 74.6997
37.2403 74.8988
37.2192 74.8169
37.3011 74.7633
37.2661 74.6694
37.2347 74.6511
37.243 74.5372
37.1753 74.3922
37.1391 74.4005
37.0265 74.5677
36.9653 74.558
37.0111 74.4822
36.9589 74.3369
36.8994 74.2519
36.9067 74.1589
36.8217 74.0622
36.8378 73.963
36.9011 73.7797
36.8739 73.113
36.7719 72.4925
36.7147 72.1816
36.6572 72.1916
36.6289 72.0733
36.5894 72.0747
36.4919 71.7958
36.4167 71.8177
36.4075 71.753
36.468 71.6466
36.3725 71.563
36.3358 71.5827
36.133 71.2486
36.0472 71.188
35.9686 71.2911
35.9461 71.3805
35.7111 71.5452
35.6267 71.5086
35.5619 71.6139
35.4819 71.6069
35.4369 71.6472
35.3283 71.5491
35.2892 71.5536
35.2075 71.6591
35.1314 71.618
35.0947 71.5433
34.9594 71.4961
34.8869 71.3139
34.7444 71.2255
34.6767 71.0958
34.5681 71.095
34.5586 70.9958
34.5108 70.978
34.3941 71.073
34.3614 71.1533
34.1661 71.1355
34.0089 70.9811
34.0133 70.9055
33.9736 70.9005
33.943 70.4913
34.0311 69.9028
33.8819 69.9075
33.753 69.9855
33.7355 70.1327
33.6408 70.1966
33.4858 70.1977
33.3961 70.3061
33.3319 70.3269
33.2025 70.145
33.205 70.0677
33.1394 70.0336
33.09 69.8811
33.1269 69.7914
33.0819 69.5611
33.0086 69.4925
32.8739 69.5153
32.7739 69.395
32.6822 69.4569
32.5878 69.3978
32.5264 69.2875
32.4439 69.248
32.2178 69.283
32.0691 69.2875
31.9439 69.3339
31.6455 69.0297
31.6039 68.833
31.6994 68.7319
31.7789 68.7125
31.8292 68.5475
31.7947 68.4441
31.7728 68.4477
31.7653 68.5716
31.7267 68.5378
31.8156 68.2216
31.833 68.1661
31.6358 67.9805
31.64 67.8875
31.5308 67.738
31.5336 67.5811
31.41 67.6464
31.4111 67.7669
31.3825 67.7997
31.3411 67.7919
31.2136 67.288
31.2225 67.2564
31.2392 67.0697
31.2544 67.0347
31.2978 67.0516
31.3186 67.0369
31.2961 66.8916
31.2122 66.723
31.0861 66.6841
30.9778 66.5664
30.9461 66.405
30.5753 66.2819
30.4506 66.3503
30.1142 66.2597
30.0714 66.2383
29.9661 66.3614
29.8519 66.2566
29.6406 65.4175
29.5411 65.0341
29.5864 64.6955
29.5239 64.2739
29.4875 64.193
29.3942 64.1313
29.5039 63.5872
29.4339 62.7869
29.4061 62.4844
29.6158 61.7436
29.8261 60.9939
29.8624 60.8669
30.26 61.253
30.8436 61.8128
30.9458 61.8039
31.0489 61.8472
31.2453 61.7658
31.3183 61.7711
31.3833 61.7136
31.3958 61.6194
31.4983 60.8439
31.8736 60.8103
32.2347 60.8578
32.5789 60.7416
33.0717 60.5819
33.163 60.5911
33.418 60.8517
33.4939 60.8583
33.5044 60.9286
33.5544 60.9016
33.575 60.6492
33.653 60.5228
33.7392 60.5053
33.8133 60.5541
33.9991 60.5214
34.1508 60.5136
34.3136 60.6716
34.3164 60.9111
34.3458 60.8978
34.4833 60.7566
34.5417 60.7336
34.5764 60.8636
34.8128 61.0653
35.2016 61.1139
35.2791 61.1044
35.2969 61.1861
35.4811 61.2392
35.5203 61.2778
35.6068 61.2787
35.6397 61.3658
35.5272 61.465
35.4508 61.5766
35.4111 61.8025
35.46 61.9722
35.3947 62.1008
35.2978 62.2592
35.1455 62.3055
35.2864 62.4594
35.225 62.6233
35.4814 63.1105
35.6261 63.0953
35.6955 63.2389
35.8258 63.1042
35.8619 63.1194
35.8522 63.3172
35.9097 63.5389
35.9622 63.5955
36.0392 63.9339
36.0003 64.0639
36.088 64.0597
36.1675 64.1694
36.1519 64.2825
36.2164 64.3216
36.2472 64.4589
36.3564 64.5705
36.46 64.6277
36.6294 64.6152
36.923 64.7952
37.0958 64.7791
37.125 64.798
37.2444 65.0727
37.2486 65.5308
37.3332 65.6273
