CIC_MPM_VERS = 1.0
COMMENT Generated by Spacebel CCSDS library
CREATION_DATE = 2017-02-24T16:24:56.770218
ORIGINATOR = SVG² Control

META_START

USER_DEFINED_PROTOCOL = NONE
USER_DEFINED_CONTENT = REGION OF INTEREST
USER_DEFINED_SIZE = 2
USER_DEFINED_TYPE = REAL
USER_DEFINED_UNIT = [deg]

META_STOP

42.3171 19.3973
42.4 19.4697
42.6061 19.6358
42.6614 19.7175
42.6397 19.7558
42.543 19.7467
42.4697 19.8303
42.563 20.0642
42.5584 20.0727
42.5069 20.1686
42.3244 20.2522
42.3244 20.3517
42.2117 20.5261
41.9497 20.6208
41.8846 20.5896
41.7278 20.5142
41.5847 20.5553
41.5536 20.4625
41.4039 20.5622
41.3275 20.4933
41.0942 20.5975
41.0901 20.6449
41.088 20.67
40.9119 20.7339
40.911 20.7397
40.9003 20.8075
40.9333 20.8589
40.8939 20.983
40.857 20.9832
40.7912 20.9668
40.7716 20.9619
40.6994 21.0304
40.6982 21.0315
40.6767 21.0519
40.6186 21.053
40.4644 20.9369
40.475 20.8422
40.3947 20.7872
40.0942 20.6653
40.0664 20.5558
40.0814 20.5136
40.0511 20.4128
39.9991 20.3942
39.9903 20.3147
39.9075 20.3631
39.8119 20.4105
39.7872 20.3814
39.8066 20.2914
39.7783 20.3025
39.6678 20.2606
39.6902 20.0123
39.7947 19.9961
39.8486 20.0192
40.0536 19.795
40.2225 19.4561
40.4175 19.2886
40.4389 19.3189
40.3269 19.4189
40.3419 19.4708
40.4408 19.4878
40.4997 19.4297
40.5611 19.4558
40.5811 19.3958
40.6405 19.3122
40.8664 19.4133
40.9044 19.3772
40.9431 19.4417
40.8705 19.4258
40.908 19.5214
41.0019 19.4975
40.9864 19.4747
41.0108 19.4336
41.2519 19.5136
41.2928 19.5003
41.3239 19.4164
41.4053 19.3906
41.3994 19.4336
41.5025 19.5147
41.5347 19.5086
41.5547 19.4589
41.585 19.4469
41.5691 19.51
41.6017 19.6061
41.7528 19.5664
41.7711 19.598
41.8106 19.5967
41.8493 19.3685
41.9994 19.3811
42.0879 19.3951
42.1083 19.3983
42.1855 19.2825
42.3171 19.3973
