CIC_MPM_VERS = 1.0
COMMENT Generated by Spacebel CCSDS library
CREATION_DATE = 2017-02-24T16:24:56.754219
ORIGINATOR = SVG² Control

META_START

USER_DEFINED_PROTOCOL = NONE
USER_DEFINED_CONTENT = REGION OF INTEREST
USER_DEFINED_SIZE = 2
USER_DEFINED_TYPE = REAL
USER_DEFINED_UNIT = [deg]

META_STOP

32.2147 -1.25389
32.3269 -1.25
32.4047 -1.19639
32.4414 -1.07806
32.5083 -1.01056
32.7244 -1.38305
32.9394 -1.54278
32.9791 -1.48722
33.058 -1.47889
33.2566 -1.66556
33.3833 -1.66667
33.5569 -1.60028
33.6508 -1.64194
33.6955 -1.72667
34.085 -1.65361
34.3783 -1.79333
34.4853 -1.68639
34.6005 -1.85333
34.7472 -1.74722
35.0514 -2.20528
35.0997 -2.21152
35.0947 -2.19861
35.0719 -2.06556
35.0897 -1.89167
35.3058 -1.47472
35.3139 -1.36695
35.3858 -1.27111
35.5778 -1.1825
35.7722 -0.799722
35.7125 -0.642222
35.7767 -0.521111
35.8461 -0.480556
35.8839 -0.478889
35.8975 -0.337778
35.8222 -0.276667
35.7878 -0.0955556
35.8769 0.0472222
36.0514 0.1325
36.1344 0.293056
36.1967 0.339444
36.3878 0.886667
36.4503 0.95
36.5064 1.22694
36.5661 1.86556
36.6297 2.30832
36.6306 2.37083
36.5933 2.41
36.5903 2.57889
36.6772 2.77944
36.7925 2.89444
36.808 3.02417
36.7383 3.13833
36.7556 3.21111
36.8125 3.23444
36.7805 3.32389
36.7758 3.50889
36.8933 3.76639
36.8933 3.98417
36.8917 4.6525
36.775 5.10222
36.7091 5.09111
36.6608 5.195
36.6414 5.33444
36.825 5.71639
36.8139 5.82583
36.8842 6.135
36.9461 6.26305
36.988 6.25111
37.0836 6.37917
37.0753 6.50916
36.9736 6.59278
36.93 6.85028
36.8833 6.95
36.9264 7.17861
37.0092 7.2575
37.0808 7.18694
37.0833 7.39028
37.043 7.40778
37.0535 7.48912
36.9744 7.62583
36.9844 7.8
36.8844 7.77056
36.8619 7.81
36.8464 7.95528
36.9553 8.22917
36.8997 8.48028
36.943 8.63023
36.895 8.61639
36.8675 8.65722
36.8353 8.65
36.7905 8.42389
36.7644 8.42111
36.753 8.47166
36.7172 8.47528
36.6547 8.44305
36.5672 8.23139
36.5242 8.18361
36.4916 8.19083
36.4447 8.37361
35.9011 8.26278
35.7586 8.27361
35.6775 8.34027
35.5219 8.36222
35.4272 8.30944
35.3391 8.30833
35.2872 8.345
35.2675 8.42722
35.2339 8.45083
35.1922 8.40111
34.9103 8.26139
34.7528 8.28861
34.6955 8.22666
34.6411 8.2475
34.4125 7.83972
34.2364 7.7675
34.2125 7.65694
34.1019 7.52722
33.8997 7.49167
33.7886 7.5225
33.4394 7.72416
33.2483 7.73194
33.2086 7.765
33.1128 8.02278
33.1144 8.09027
32.8341 8.30611
32.5311 8.35111
32.0911 9.05916
31.5692 9.19555
30.2361 9.53202
30.1225 9.30389
29.8069 9.56666
29.4333 9.76472
28.8592 9.87333
28.2705 9.79027
27.8686 9.95417
27.6211 9.88111
27.5764 9.81388
27.5081 9.83916
27.3239 9.73499
26.9086 9.84833
26.8597 9.93055
26.5289 9.87638
26.4156 9.63861
26.3575 9.49944
26.233 9.43
26.1828 9.39305
26.1533 9.39833
25.3375 10.0267
24.8381 10.0544
24.7511 10.2183
24.6058 10.2522
24.4781 10.4222
24.5672 10.7153
24.3025 11.5589
23.5223 11.9865
23.4419 11.8444
22.5886 10.3608
21.7222 8.89444
20.8521 7.45449
19.4461 5.8125
19.1462 4.24509
18.9764 3.33194
19.1361 3.12139
19.223 3.15361
19.3736 3.27222
19.5122 3.24805
19.5322 3.21833
19.8155 3.235
19.9747 2.84639
20.053 2.42167
20.1994 2.32361
20.2792 2.21805
20.2794 2.17806
20.2208 2.1025
20.2314 1.90889
20.3014 1.88111
20.3011 1.81028
20.4422 1.66556
20.5361 1.66305
20.6392 1.48333
20.6575 1.375
20.7333 1.32667
20.7328 1.17889
20.7611 1.16139
21.0999 1.16924
21.8264 -0.00236263
22.8069 -1.42944
23.9142 -3.10028
25.0003 -4.80639
25.2128 -5.14806
26.2675 -6.89722
27.2802 -8.66929
27.6688 -8.66929
28.7093 -8.66929
28.7906 -8.49555
28.9192 -8.35778
29.0936 -8.04667
29.3919 -7.62278
29.3972 -7.43417
29.5947 -7.19972
29.5711 -6.57556
29.6336 -6.51111
29.833 -6.47444
29.8044 -6.40028
29.8097 -6.19139
29.8969 -5.59389
29.9742 -5.39611
30.1867 -5.145
30.4922 -4.9425
30.6264 -4.59195
30.6372 -4.43028
30.7661 -4.17389
30.9067 -4.02722
30.9611 -3.64667
30.9914 -3.60222
31.0861 -3.59805
31.1886 -3.72444
31.1525 -3.81556
31.1828 -3.82556
31.2217 -3.79639
31.3392 -3.80417
31.3947 -3.72472
31.4669 -3.83556
31.6503 -3.83528
31.6956 -3.81861
31.7164 -3.71472
31.6728 -3.51889
31.8508 -2.9725
32.0289 -2.93833
32.0847 -2.86528
32.15 -2.22028
32.108 -1.5
32.0897 -1.21306
32.115 -1.17778
32.1669 -1.19861
32.1591 -1.29278
32.2147 -1.25389
