CIC_MPM_VERS = 1.0
COMMENT Generated by Spacebel CCSDS library
CREATION_DATE = 2017-02-24T16:24:56.761218
ORIGINATOR = SVG² Control

META_START

USER_DEFINED_PROTOCOL = NONE
USER_DEFINED_CONTENT = REGION OF INTEREST
USER_DEFINED_SIZE = 2
USER_DEFINED_TYPE = REAL
USER_DEFINED_UNIT = [deg]

META_STOP

-5.02062 12.0101
-4.89583 12.1664
-4.75889 12.2064
-4.79361 12.2922
-4.6025 12.4128
-4.55944 12.65
-4.52167 12.6644
-4.38889 12.7808
-4.41528 12.8958
-4.48528 12.9222
-4.63307 13.0911
-4.67 13.0825
-4.73556 12.8256
-4.91861 12.708
-5.09236 12.4621
-5.12083 12.5389
-5.72417 12.5267
-5.73445 12.2839
-5.77091 12.2097
-5.68167 12.155
-5.60528 12.1542
-5.54139 12.1781
-5.53472 12.2239
-5.47694 12.2286
-5.16694 12.105
-5.04528 12.0197
-5.02834 12.0458
-5.04972 12.0667
-5.01528 12.1144
-5.02062 12.0101
180.0 180.0
-5.85961 13.178
-5.89056 13.3414
-5.85389 13.408
-5.85528 13.5008
-5.83583 13.9803
-5.8925 14.3356
-5.86278 15.0281
-5.85861 15.7053
-5.85306 16.3683
-5.90083 16.5797
-6.0125 16.6
-6.17722 16.7175
-6.46445 16.7039
-6.79944 16.8411
-6.86556 16.9119
-6.9175 16.9272
-6.98528 16.96
-7.03889 16.9608
-7.20833 16.9458
-7.30833 17.0253
-7.42222 17.1056
-7.42778 17.1811
-7.46945 17.1467
-7.58861 17.2144
-7.62639 17.2878
-7.69944 17.2842
-7.84806 17.4197
-7.92472 17.4372
-8.02139 17.5433
-8.07722 17.5372
-8.09805 17.6381
-8.06195 17.7405
-8.08639 17.805
-8.04583 17.8686
-8.04667 17.9222
-8.10806 18.0072
-8.10694 18.118
-8.07806 18.1119
-8.02083 18.1353
-7.99556 18.5258
-7.93028 18.5311
-7.93055 18.7678
-7.99889 18.795
-7.99611 19.3731
-7.85806 19.3592
-7.57167 19.3775
-7.56861 19.4714
-7.46 19.5358
-7.35167 19.4994
-7.14389 19.5047
-7.05306 19.5664
-6.99722 19.5422
-6.99694 19.6311
-6.99472 20.3114
-6.91444 20.3325
-6.91444 20.6311
-7.14222 20.54
-7.28468 20.5419
-7.28278 21.1031
-7.28167 21.7836
-7.32556 21.8197
-7.4525 21.8461
-7.945 21.7494
-8.06222 21.8092
-8.44306 21.9372
-8.85472 21.8603
-9.22945 21.8547
-9.40556 21.7906
-9.53361 21.835
-9.85139 22.025
-9.91139 22.1472
-10.3858 22.3144
-10.5006 22.2642
-10.5378 22.3033
-10.7672 22.313
-10.8292 22.1867
-10.8733 22.1656
-11.0731 22.2461
-11.2506 22.2445
-11.13 22.4836
-11.042 22.5197
-11.0344 22.5808
-11.0933 22.7236
-11.0506 22.8692
-11.095 22.9428
-11.092 23.108
-10.9703 23.3975
-10.9597 23.503
-11.0278 23.8505
-11.0147 23.8861
-10.8696 23.9827
-11.422 24.0622
-11.4578 24.0286
-11.7717 23.9955
-12.2 23.975
-12.2642 24.035
-12.3853 24.0522
-12.6697 23.915
-12.8047 23.8869
-12.9872 24.0169
-13.0064 24.0205
-13.0058 23.3317
-13.0053 22.6442
-13.0042 21.9983
-13.2535 21.9985
-14.5211 21.9994
-16.1709 22.0008
-16.2392 22.0708
-16.4925 22.1389
-16.57 22.2489
-17.4797 23.2017
-17.6245 23.4749
-17.7472 22.8378
-18.0067 21.4236
-18.0117 21.3826
-17.9383 21.2428
-17.9625 20.9717
-18.0117 20.7849
-17.8875 20.3936
-17.8956 20.0997
-17.8575 19.9153
-17.8975 19.7556
-17.8372 19.6625
-17.8617 19.4597
-17.815 18.9167
-17.7069 18.7197
-17.4403 18.4833
-17.3868 18.4073
-17.3919 17.0225
-17.3889 15.6261
-17.3869 14.2181
-17.3868 14.2093
-17.4164 14.1878
-17.425 13.9808
-17.1367 13.5447
-17.027 13.4969
-16.9689 13.3742
-17.0114 12.9389
-17.2389 12.5086
-17.2536 12.4517
-17.2056 12.4283
-17.2267 12.2469
-17.1483 12.123
-17.1636 11.9769
-17.2579 11.7537
-17.2062 11.7558
-16.8275 11.7694
-16.8025 11.815
-16.1833 11.7861
-15.9819 11.8083
-15.8547 11.7311
-15.8197 11.7414
-15.7786 11.7806
-15.7847 11.8633
-15.5695 12.015
-15.2119 12.0647
-15.1733 12.1461
-14.3908 12.3417
-14.1808 12.3172
-13.8808 12.4128
-13.8797 12.4892
-13.8383 12.5058
-13.4172 12.5155
-13.3394 12.6405
-13.292 12.6342
-13.2178 12.7294
-12.9525 12.9664
-12.8381 12.9256
-12.7719 12.9889
-12.5986 13.1922
-12.6047 13.3489
-12.5833 13.383
-12.3642 13.5139
-12.3106 13.5942
-11.8833 13.7742
-11.4983 13.7814
-11.2958 13.8214
-10.9506 13.8481
-10.7589 13.7239
-10.6972 13.7733
-10.6661 13.7647
-10.4056 13.5258
-10.3211 13.5211
-10.0561 13.3644
-9.90139 13.3272
-9.68723 13.1894
-9.61611 13.2242
-9.33659 13.1431
-9.075 12.9847
-8.98361 13.0189
-8.87222 13.1378
-9.05473 13.0006
-9.08639 13.0186
-8.78278 13.2175
-8.79806 13.2403
-8.76834 13.3603
-8.74028 13.3875
-8.65333 13.4086
-8.46972 13.345
-8.45084 13.3817
-8.33695 13.3739
-7.86806 13.1239
-7.17334 12.8431
-6.91361 12.8347
-6.72611 12.6228
-6.58194 12.5189
-6.10917 12.2475
-6.07833 12.2542
-6.05528 12.3108
-6.12194 12.2839
-6.005 12.8314
-5.88278 12.985
-5.89778 13.0975
-5.85961 13.178
180.0 180.0
9.13038e-315 4.34284e-321
