CIC_MPM_VERS = 1.0
COMMENT Generated by Spacebel CCSDS library
CREATION_DATE = 2017-02-24T16:24:56.769219
ORIGINATOR = SVG² Control

META_START

USER_DEFINED_PROTOCOL = NONE
USER_DEFINED_CONTENT = REGION OF INTEREST
USER_DEFINED_SIZE = 2
USER_DEFINED_TYPE = REAL
USER_DEFINED_UNIT = [deg]

META_STOP

-67.5062 164.154
-67.4762 164.174
-67.4252 164.282
-67.4373 164.424
-67.5622 164.523
-67.6182 164.462
-67.6352 164.342
-67.5942 164.176
-67.5492 164.132
-67.5062 164.154
180.0 180.0
-65.9194 -66.2278
-65.9208 -66.228
-65.8638 -66.31
-65.8298 -66.19
-65.7799 -66.131
-65.7218 -66.093
-65.6469 -65.996
-65.5889 -65.918
-65.5629 -65.7
-65.6029 -65.6379
-65.6939 -65.594
-65.7198 -65.753
-65.7868 -65.87
-65.8618 -65.968
-65.9118 -66.107
-65.9194 -66.2278
180.0 180.0
-64.4213 -58.317
-64.4203 -58.298
-64.3803 -58.197
-64.3373 -58.174
-64.2723 -58.197
-64.2174 -58.254
-64.2064 -58.4669
-64.1134 -58.442
-64.0824 -58.339
-63.9805 -58.298
-63.9245 -58.091
-63.8855 -57.879
-63.9944 -57.897
-64.0045 -57.685
-64.0184 -57.529
-64.0754 -57.393
-64.1694 -57.205
-64.2644 -57.244
-64.3293 -57.449
-64.4073 -57.496
-64.4483 -57.8459
-64.4743 -58.106
-64.4643 -58.206
-64.4213 -58.317
180.0 180.0
-67.7975 -69.0773
-67.7292 -69.135
-67.6591 -69.3019
-67.5762 -69.336
-67.5102 -69.285
-67.4192 -69.232
-67.3303 -69.072
-67.2333 -68.869
-67.1114 -68.709
-66.9715 -68.57
-66.9224 -68.503
-66.8585 -68.35
-66.8435 -68.139
-66.7954 -67.947
-66.7875 -67.821
-66.8864 -67.91
-66.9944 -68
-67.1013 -68.026
-67.2103 -67.925
-67.2763 -67.95
-67.3253 -68.103
-67.4233 -68.303
-67.4652 -68.198
-67.4842 -68.026
-67.5662 -68.139
-67.6562 -68.232
-67.6632 -68.429
-67.6702 -68.495
-67.7362 -68.631
-67.8001 -68.79
-67.8061 -68.967
-67.7975 -69.0773
180.0 180.0
-61.1185 -54.645
-61.1435 -54.651
-61.1645 -54.693
-61.1755 -54.877
-61.2274 -55.146
-61.2964 -55.34
-61.2674 -55.472
-61.1355 -55.561
-61.0915 -55.443
-61.0765 -55.125
-61.0765 -54.801
-61.0965 -54.672
-61.1185 -54.645
180.0 180.0
-60.5217 -45.698
-60.5217 -45.621
-60.5217 -45.499
-60.5267 -45.4
-60.5697 -45.312
-60.6187 -45.235
-60.6407 -45.169
-60.6836 -45.114
-60.7156 -45.058
-60.7376 -45.058
-60.7156 -45.147
-60.6946 -45.235
-60.6726 -45.334
-60.6676 -45.433
-60.6786 -45.577
-60.6187 -45.665
-60.5917 -45.687
-60.6137 -45.775
-60.6247 -45.885
-60.6077 -45.974
-60.5917 -45.985
-60.5597 -45.94
-60.5217 -45.698
180.0 180.0
-64.7272 -64.2959
-64.7012 -64.203
-64.6092 -64.155
-64.5653 -63.988
-64.5193 -63.783
-64.4413 -63.641
-64.3413 -63.559
-64.3134 -63.43
-64.3094 -63.279
-64.3663 -63.252
-64.4433 -63.374
-64.4403 -63.26
-64.4373 -63.166
-64.4773 -63.121
-64.5553 -63.244
-64.6122 -63.216
-64.5923 -63.085
-64.5553 -62.938
-64.5853 -62.8559
-64.6342 -63.136
-64.7132 -63.317
-64.7342 -63.487
-64.7722 -63.694
-64.8172 -63.862
-64.8212 -64.035
-64.7982 -64.115
-64.7592 -64.235
-64.7272 -64.2959
180.0 180.0
-62.247 -58.943
-62.241 -58.98
-62.1961 -58.923
-62.1571 -58.829
-62.1261 -58.733
-62.0791 -58.643
-62.0641 -58.542
-62.0431 -58.479
-62.0192 -58.3639
-61.9841 -58.113
-61.9581 -57.86
-61.9702 -57.698
-62.0482 -57.636
-62.0771 -57.802
-62.0951 -57.9359
-62.1241 -58.102
-62.1971 -58.201
-62.2401 -58.346
-62.2201 -58.423
-62.2741 -58.6
-62.2801 -58.704
-62.2461 -58.802
-62.247 -58.943
180.0 180.0
-68.7758 -90.4849
-68.8307 -90.426
-68.8967 -90.355
-68.9987 -90.402
-69.0447 -90.459
-69.0367 -90.627
-69.0027 -90.8399
-68.9257 -90.921
-68.8388 -90.839
-68.7808 -90.742
-68.7638 -90.621
-68.7758 -90.4849
180.0 180.0
-64.5494 -62.6608
-64.3983 -62.658
-64.3183 -62.482
-64.2304 -62.554
-64.1554 -62.548
-64.1074 -62.349
-64.1124 -62.255
-64.1644 -62.094
-64.1884 -62.071
-64.2634 -62.094
-64.3503 -62.229
-64.4283 -62.329
-64.4623 -62.361
-64.4833 -62.491
-64.5113 -62.582
-64.5494 -62.6608
180.0 180.0
-70.0143 -74.936
-69.9953 -75.151
-69.9914 -75.247
-69.9974 -75.448
-69.9993 -75.745
-69.9813 -75.911
-69.9444 -75.819
-69.8584 -75.829
-69.7874 -76.041
-69.7284 -76.038
-69.6945 -75.73
-69.6954 -75.389
-69.5985 -75.299
-69.5635 -75.163
-69.5975 -74.814
-69.6865 -74.729
-69.7345 -74.602
-69.7694 -74.396
-69.8294 -74.395
-69.8973 -74.568
-69.9614 -74.643
-70.0194 -74.666
-70.0303 -74.794
-70.0143 -74.936
180.0 180.0
-62.7497 -61.1004
-62.7189 -61.107
-62.6829 -61.044
-62.6609 -60.906
-62.6419 -60.857
-62.597 -60.778
-62.584 -60.675
-62.583 -60.497
-62.577 -60.232
-62.554 -60.096
-62.5689 -60.074
-62.6149 -60.027
-62.6919 -59.918
-62.7589 -60.097
-62.7829 -60.234
-62.7649 -60.364
-62.7349 -60.425
-62.7009 -60.558
-62.7009 -60.719
-62.7149 -60.84
-62.7389 -61.013
-62.7497 -61.1004
180.0 180.0
-75.3035 -145.801
-75.4564 -145.751
-75.5643 -146.189
-75.6354 -146.624
-75.6583 -146.956
-75.5754 -147.223
-75.5224 -146.982
-75.4654 -146.677
-75.3944 -146.247
-75.3184 -145.926
-75.3035 -145.801
180.0 180.0
-77.6931 -46.0881
-77.6976 -46.5081
-77.6806 -47.473
-77.6126 -48.258
-77.5177 -48.322
-77.4387 -47.616
-77.5037 -46.926
-77.5926 -46.223
-77.6656 -45.881
-77.6931 -46.0881
180.0 180.0
-73.2844 169.38
-73.2772 169.503
-73.3082 169.609
-73.3592 169.347
-73.2844 169.38
180.0 180.0
-73.2772 -104.902
-73.2282 -104.881
-73.2152 -104.698
-73.2482 -104.454
-73.3142 -104.298
-73.3872 -104.16
-73.4551 -104.192
-73.4781 -104.329
-73.4441 -104.536
-73.3872 -104.793
-73.3192 -104.905
-73.2772 -104.902
180.0 180.0
-69.0695 1.36604e-05
-69.0647 0.021986
-69.0956 1.36604e-05
-69.1716 -0.0540026
-69.2733 1.36604e-05
-69.3485 0.039946
-69.4905 0.203993
-69.6214 0.357985
-69.8204 0.668974
-69.9504 1.01498
-70.0313 1.34199
-69.9024 1.78099
-69.9864 2.21101
-70.0453 2.461
-70.0823 2.81497
-70.0703 3.22095
-70.0763 3.63397
-70.0393 4.06294
-69.9953 4.67698
-70.0064 5.08096
-70.0983 5.12198
-70.1083 5.44996
-70.1783 5.617
-70.2612 5.56596
-70.2303 5.77699
-70.1513 5.85
-70.1293 5.974
-70.1943 6.018
-70.2212 6.27897
-70.1733 6.4
-70.0973 6.25998
-70.0083 6.49396
-69.9804 6.82498
-69.9634 7.17099
-69.9734 7.54498
-69.9644 7.90799
-69.9604 8.24095
-69.9793 8.83496
-70.0483 8.93498
-70.0783 9.19195
-70.0134 9.23899
-69.9593 9.10196
-69.9324 9.29798
-69.9454 9.86796
-69.9344 10.0509
-69.9974 10.084
-69.9714 10.529
-69.9904 10.768
-70.0073 11.008
-70.0293 11.421
-70.0134 11.9319
-70.0653 12.329
-70.0743 12.599
-69.9553 12.863
-69.9004 12.669
-69.8124 12.889
-69.7534 13.3139
-69.6214 13.502
-69.5185 13.479
-69.4446 13.951
-69.3875 14.29
-69.3516 14.571
-69.3426 14.718
-69.3615 14.758
-69.3406 14.839
-69.4296 15.092
-69.6155 15.2829
-69.6834 15.304
-69.8114 15.327
-69.8164 15.6189
-69.7635 16.3479
-69.7804 16.978
-69.7844 17.562
-69.8264 17.819
-69.8734 17.978
-69.9604 18.3719
-69.9874 18.759
-70.0143 19.1469
-69.9644 19.526
-69.9584 20.042
-70.0253 20.548
-70.0663 21.0849
-70.1283 21.424
-70.1273 21.325
-70.1393 20.929
-70.2073 21.0199
-70.2073 21.789
-70.1783 22.4599
-70.2043 23.005
-70.3632 23.329
-70.4112 23.931
-70.3083 24.376
-70.2322 24.5199
-70.1983 24.642
-70.1883 24.79
-70.2123 24.866
-70.1743 25.2839
-70.2542 25.566
-70.1603 25.728
-70.1043 26.091
-70.0503 26.28
-69.9774 26.146
-69.9934 26.6149
-69.9914 27.082
-70.0234 27.507
-69.9274 27.633
-69.8764 27.988
-69.8154 28.584
-69.7804 28.891
-69.7345 29
-69.5975 29.0799
-69.4595 29.4
-69.3246 29.8589
-69.3156 30.262
-69.2097 30.368
-69.1047 30.662
-69.1256 30.9069
-69.2027 31.2219
-69.1756 31.592
-69.3016 31.908
-69.4156 32.151
-69.5215 32.369
-69.5745 32.905
-69.4975 33.061
-69.3056 33.0149
-69.2696 33.189
-69.1726 32.974
-69.0147 32.802
-68.7368 33.187
-68.6878 33.677
-68.7448 33.9639
-68.8917 34.2789
-69.0257 34.543
-69.1976 35.0979
-69.3785 35.523
-69.4416 35.5869
-69.5615 35.81
-69.6415 36.307
-69.7154 36.556
-69.7275 36.614
-69.7014 36.82
-69.6634 37.266
-69.7824 37.5779
-69.9893 37.9619
-70.1023 38.1509
-69.9104 38.534
-69.8064 38.627
-69.7234 38.862
-69.6455 39.475
-69.5725 39.3389
-69.5235 39.224
-69.5275 39.3519
-69.3875 39.3599
-69.2976 39.311
-69.1906 39.42
-69.1007 39.3709
-68.9737 39.51
-68.9627 39.6959
-68.9357 39.941
-68.7948 40.2819
-68.7418 40.599
-68.6568 41.032
-68.5519 41.396
-68.4599 41.864
-68.4189 42.187
-68.29 42.376
-68.181 42.607
-68.066 42.807
-67.9531 43.313
-67.8691 43.916
-67.7292 44.27
-67.6581 44.8089
-67.6612 45.025
-67.7162 45.131
-67.6672 45.623
-67.4522 45.79
-67.3153 46.25
-67.4143 46.6899
-67.4663 46.916
-67.5372 47.189
-67.5572 47.021
-67.6072 46.9359
-67.6842 47.073
-67.7931 47.128
-67.8221 47.332
-67.8171 47.471
-67.7911 47.779
-67.7132 48.071
-67.6122 48.382
-67.3723 48.089
-67.5293 48.69
-67.4822 49.0419
-67.4083 48.9959
-67.4183 48.7439
-67.4322 48.617
-67.3113 48.373
-67.2214 48.168
-67.0954 48.253
-67.0564 48.4179
-67.0694 48.646
-67.0454 48.971
-67.1094 49.169
-67.1763 49.493
-67.2913 49.761
-67.3463 49.664
-67.3203 49.992
-67.2753 50.271
-67.2513 50.482
-67.1674 50.249
-67.0754 50.105
-67.0004 50.389
-66.9085 50.3859
-66.8575 50.036
-66.6435 49.903
-66.5655 50.061
-66.3716 50.466
-66.3406 50.7969
-66.3077 51.128
-66.1477 51.567
-66.0488 52.18
-66.0418 52.5439
-66.0068 52.822
-65.9887 53.385
-66.0058 53.834
-66.0418 54.242
-66.0457 54.6539
-66.0507 55.021
-66.1197 55.248
-66.2307 55.616
-66.3726 55.865
-66.4146 56.0819
-66.4286 56.104
-66.5065 56.257
-66.5395 56.435
-66.6105 56.8039
-66.7245 57.199
-66.8145 57.199
-66.8585 57.071
-66.8305 56.7199
-66.8765 56.4679
-66.9704 56.448
-67.0873 56.57
-67.1933 56.621
-67.1543 56.812
-67.1774 57.0309
-67.1703 57.174
-67.1273 57.4099
-67.1173 57.5999
-67.1624 57.8089
-67.1763 58.0169
-67.2103 58.155
-67.2863 58.321
-67.3023 58.5609
-67.3693 58.8709
-67.3892 58.7229
-67.3843 58.447
-67.4682 58.657
-67.5202 58.915
-67.4772 59.1819
-67.3863 59.251
-67.3953 59.4019
-67.4452 59.4429
-67.4952 59.4849
-67.5122 59.68
-67.4992 60.0889
-67.5263 60.8539
-67.5522 61.1559
-67.5842 61.3319
-67.6222 61.273
-67.6602 61.323
-67.6482 61.3259
-67.6382 61.5009
-67.6382 61.9209
-67.6772 62.314
-67.7352 62.579
-67.7172 62.9109
-67.6292 63.2889
-67.6052 63.6659
-67.6732 64.2259
-67.7711 64.8929
-67.7801 65.327
-67.8321 65.601
-67.8541 66.411
-67.931 67.1239
-67.934 67.907
-67.9621 68.5499
-67.8711 69.1579
-67.8551 69.6249
-68.025 69.6829
-68.2959 70.0999
-68.4119 70.2379
-68.5149 70.4729
-68.6008 70.5959
-68.6579 70.764
-68.7048 71.3549
-68.6878 71.6129
-68.5239 72.038
-68.3799 72.141
-68.3649 72.4739
-68.5179 73.2479
-68.5808 73.4899
-68.6598 73.4289
-68.8717 73.3009
-68.8957 73.4549
-68.7618 73.8799
-68.9587 74.6279
-69.0167 74.3469
-69.2366 74.6319
-69.4086 74.7879
-69.5615 74.224
-69.6315 73.938
-69.7674 73.8049
-69.7894 74.19
-69.7224 74.5299
-69.5605 74.991
-69.2826 75.3689
-69.3136 75.7179
-69.4935 75.4439
-69.5485 75.5329
-69.5585 75.8439
-69.4956 76.0405
-69.4696 76.5417
-69.2816 77.1406
-69.2086 77.5796
-69.0197 77.9287
-68.7518 77.7197
-68.6098 77.8845
-68.4679 78.2426
-68.3019 78.7466
-68.171 78.9876
-68.0051 79.7676
-67.97 80.3576
-67.9151 81.0796
-67.8661 81.2905
-67.6612 81.4985
-67.4573 81.4206
-67.3683 81.7905
-67.2053 82.1726
-67.0854 82.2827
-66.9314 82.3696
-66.6845 81.8166
-66.3566 81.3496
-66.0217 81.3357
-65.8328 81.7407
-65.7918 82.0825
-65.9987 82.1787
-66.1227 82.4926
-66.3166 82.8267
-66.4756 83.2636
-66.5416 83.5515
-66.4726 83.8396
-66.4526 84.3887
-66.4935 84.7087
-66.6335 84.9206
-66.5226 85.2827
-66.3626 85.7256
-66.3017 86.1506
-66.2866 86.2617
-66.1347 86.8845
-66.1017 87.6507
-66.1657 88.2747
-66.3287 88.5156
-66.6745 88.9177
-66.8925 89.5437
-66.8325 90.2056
-66.7205 90.8916
-66.5955 91.8506
-66.5915 92.2327
-66.6455 92.6496
-66.6505 93.0446
-66.6375 93.6328
-66.5715 94.0446
-66.5872 94.3326
-66.5076 94.7346
-66.4026 94.9966
-66.4516 95.1736
-66.2947 95.3005
-66.0647 95.6105
-65.5909 95.4936
-65.1661 95.7537
-65.184 96.5605
-65.422 97.3169
-65.7098 98.1157
-65.7878 98.4387
-65.8408 98.8616
-65.8888 99.3315
-65.9168 99.5227
-65.7928 99.8228
-65.6769 100.199
-65.5539 100.43
-65.442 100.775
-65.4329 101.043
-65.5119 101.266
-65.6229 101.576
-65.7309 101.972
-65.7388 102.275
-65.6869 102.584
-65.5019 102.688
-65.326 102.905
-65.1721 102.873
-65.1371 103.067
-65.263 103.312
-65.378 103.625
-65.373 104.047
-65.429 104.526
-65.6049 104.804
-65.8178 105.012
-66.0267 105.308
-66.0258 105
-65.8978 104.413
-65.8558 104.143
-65.8888 104.13
-65.9668 104.038
-66.0567 104.414
-66.1087 104.847
-66.1807 105.379
-66.3056 105.834
-66.4226 106.524
-66.4696 107.009
-66.5496 107.551
-66.5876 107.877
-66.5685 108.069
-66.6325 108.222
-66.8235 108.454
-66.9394 108.705
-66.9074 109.05
-66.8275 109.149
-66.6815 109.28
-66.6166 109.646
-66.6225 109.915
-66.6205 110.209
-66.5405 110.384
-66.5016 110.473
-66.4556 110.706
-66.3706 110.571
-66.2617 110.521
-66.1367 110.924
-65.9947 111.465
-65.9088 111.895
-65.8688 112.119
-65.8128 112.403
-65.7568 112.867
-65.7239 113.257
-65.9058 113.581
-66.0198 113.888
-66.1417 114.258
-66.2806 114.511
-66.4126 114.498
-66.5096 114.711
-66.5166 114.857
-66.4646 115.039
-66.4546 115.183
-66.4026 115.323
-66.3596 115.917
-66.4906 116.369
-66.5915 116.675
-66.6735 116.708
-66.8754 116.951
-66.9144 117.338
-66.9444 117.725
-66.9404 118.106
-66.8934 118.519
-66.8904 119.027
-66.9404 119.613
-66.8294 120.026
-66.7595 120.448
-66.7755 120.94
-66.6045 121.301
-66.4336 121.658
-66.3436 121.043
-66.0957 120.835
-65.8028 120.86
-65.6929 121.188
-65.7149 121.377
-65.9808 121.533
-66.2307 121.831
-66.3686 122.176
-66.4536 122.419
-66.5715 122.53
-66.6955 122.815
-66.7585 123.012
-66.7625 123.312
-66.6465 123.641
-66.5955 123.872
-66.5696 123.88
-66.5706 123.754
-66.5436 123.551
-66.5226 123.373
-66.4276 123.288
-66.3066 123.444
-66.2107 123.837
-66.1727 124.319
-66.2297 124.869
-66.2697 125.393
-66.3217 125.863
-66.3336 126.185
-66.4186 126.468
-66.5365 126.837
-66.5526 126.933
-66.5266 127.109
-66.6535 127.382
-66.8035 127.501
-66.9944 127.822
-67.0064 128.203
-66.9774 128.71
-67.0094 129.129
-66.9385 129.451
-66.7255 129.577
-66.5915 129.542
-66.4056 129.728
-66.3106 129.723
-66.1867 129.823
-65.9787 129.903
-65.9248 130.264
-66.0677 130.436
-66.1677 130.942
-66.1647 131.304
-66.1827 131.879
-66.1637 132.144
-66.1547 132.525
-66.1077 132.851
-66.1027 133.541
-66.1617 133.966
-66.0217 134.466
-65.8348 134.525
-65.6679 134.517
-65.45 134.715
-65.283 134.918
-65.0801 135.229
-65.0641 135.425
-65.221 135.599
-65.4599 135.558
-65.7448 135.454
-65.9638 135.215
-66.0488 134.797
-66.0357 135.046
-66.0498 135.235
-66.1417 135.703
-66.1617 135.901
-66.2737 136.039
-66.3316 136.592
-66.3326 137.201
-66.4476 137.623
-66.6045 138.839
-66.6166 138.923
-66.6415 139.417
-66.6605 139.93
-66.7395 140.643
-66.7855 141.369
-66.7635 141.649
-66.8644 141.837
-66.9834 142.123
-66.9934 142.381
-66.9274 142.77
-66.8704 143.149
-67.0134 143.533
-67.0504 143.835
-67.0594 144.17
-67.1173 144.459
-66.9734 144.978
-67.0194 145.553
-67.2053 145.834
-67.3643 145.51
-67.5192 145.152
-67.6452 145.282
-67.6152 145.568
-67.6992 145.995
-67.7911 146.309
-67.8381 146.442
-67.8821 146.625
-67.991 147.03
-68.013 147.499
-68.079 148.027
-68.238 148.161
-68.3029 148.065
-68.3649 147.743
-68.4199 147.846
-68.4079 148.21
-68.3999 148.636
-68.3479 148.869
-68.3379 148.987
-68.4299 149.142
-68.4759 149.317
-68.4239 149.436
-68.5059 149.516
-68.4959 149.666
-68.4649 149.744
-68.4819 149.835
-68.4719 149.871
-68.4189 150.102
-68.3549 150.594
-68.3859 151.002
-68.4579 151.528
-68.4929 152.244
-68.4539 152.949
-68.3799 153.4
-68.5329 154.206
-68.6288 154.496
-68.6558 154.41
-68.7198 154.383
-68.8797 154.403
-69.0347 154.69
-68.9507 154.918
-68.9957 155.405
-69.0697 156.389
-69.1637 156.929
-69.0447 156.836
-68.9207 156.828
-69.0587 157.133
-69.1897 157.293
-69.1976 157.709
-69.2396 158.159
-69.2926 158.309
-69.3216 158.727
-69.4495 159.137
-69.6465 159.76
-69.8264 160.067
-69.9484 160.27
-69.9893 160.292
-70.0973 160.234
-70.2923 160.679
-70.3762 161.026
-70.3192 161.211
-70.3862 161.47
-70.4262 161.868
-70.5211 162.118
-70.6901 162.281
-70.8231 162.673
-70.7951 162.848
-70.7021 162.986
-70.7611 163.599
-70.7341 164.097
-70.7221 164.256
-70.7301 164.53
-70.6881 165.311
-70.5991 165.872
-70.6281 166.282
-70.7171 166.175
-70.7291 166.308
-70.7221 166.577
-70.82 166.896
-70.989 166.996
-70.965 167.464
-71.03 167.608
-71.1399 168.132
-71.3009 168.58
-71.4799 169.028
-71.6088 169.299
-71.6508 169.596
-71.6388 169.781
-71.5408 169.89
-71.4078 169.784
-71.3819 169.995
-71.5558 170.207
-71.7327 170.388
-71.8837 170.494
-72.0006 170.282
-72.0506 169.98
-72.1116 169.686
-72.2676 169.911
-72.4005 169.923
-72.6294 169.859
-72.8354 169.571
-72.9823 169.341
-73.0943 169.082
-73.2132 168.803
-73.3252 168.39
-73.4141 168.064
-73.4601 167.623
-73.692 167.028
-73.892 166.879
-74.0719 166.627
-74.2439 166.232
-74.2798 165.581
-74.2339 164.958
-74.2658 164.905
-74.3788 165.136
-74.5288 165.342
-74.6347 165.438
-74.6197 164.747
-74.7216 164.151
-74.8856 163.847
-75.0706 163.428
-75.2315 163.511
-75.4394 163.879
-75.5174 164.37
-75.5994 164.236
-75.5464 163.438
-75.5014 162.698
-75.5613 162.717
-75.6303 162.886
-75.8073 162.454
-75.9312 162.568
-76.0892 162.846
-76.1242 163.464
-76.2631 163.162
-76.3151 162.645
-76.3671 162.79
-76.544 162.672
-76.684 162.642
-76.8439 162.778
-76.9039 162.453
-76.9309 162.301
-76.9749 162.531
-77.0858 163.112
-77.2378 163.036
-77.3248 163.264
-77.4287 163.475
-77.5687 163.452
-77.6866 163.931
-77.7786 164.407
-77.9215 164.541
-77.8496 165.023
-77.8506 165.226
-77.8236 165.991
-77.7536 166.29
-77.7046 166.113
-77.6056 165.508
-77.4497 165.863
-77.3007 166.186
-77.1778 166.217
-77.1119 166.393
-77.1098 166.638
-77.1858 166.91
-77.2078 166.981
-77.2547 167.209
-77.3328 167.433
-77.3917 168.152
-77.4087 168.673
-77.4427 169.183
-77.5727 169.589
-77.4967 169.916
-77.4807 170.014
-77.5307 170.665
-77.6426 172.263
-77.7216 173.534
-77.7796 174.352
-77.8196 175.307
-77.9185 176.486
-78.0165 177.445
-78.1565 178.502
-78.2964 179.944
-78.3017 180
-81.227 180
-84.1517 180
-87.0759 180
-90 180
-90 -180
-87.0759 -180
-84.1516 -180
-81.2269 -180
-78.3016 -180
-78.3963 -178.98
-78.4813 -177.675
-78.4734 -176.288
-78.5023 -175.066
-78.4833 -173.952
-78.4883 -173.87
-78.4763 -173.627
-78.5423 -171.84
-78.5313 -170.49
-78.5263 -169.465
-78.5363 -168.416
-78.5123 -166.988
-78.4983 -166.145
-78.5333 -164.995
-78.3764 -164.453
-78.2145 -164.051
-78.1694 -163.475
-78.1404 -162.41
-78.0025 -161.6
-77.9426 -160.465
-77.8675 -159.626
-77.7906 -158.635
-77.6207 -158.57
-77.4667 -158.628
-77.2538 -158.714
-77.1708 -158.47
-77.1408 -157.351
-77.1068 -156.2
-77.0838 -154.938
-77.1298 -154.354
-77.1328 -153.854
-77.2448 -153.284
-77.2278 -152.707
-77.2218 -151.894
-77.0759 -151.413
-76.8519 -150.94
-76.7399 -150.541
-76.687 -150.155
-76.584 -150.133
-76.4291 -149.514
-76.3011 -148.711
-76.2291 -148.137
-76.4161 -147.199
-76.513 -145.825
-76.2311 -146.092
-75.9452 -146.638
-75.5933 -145.043
-75.3154 -142.929
-75.1345 -141.767
-75.0936 -140.469
-74.7127 -137.508
-74.7103 -135.317
-74.7766 -134.515
-74.7076 -133.889
-74.6757 -133.52
-74.5717 -132.782
-74.5077 -132.33
-74.2758 -131.443
-74.1689 -130.627
-74.1689 -129.723
-74.0659 -128.412
-73.8809 -127.02
-73.687 -125.949
-73.3362 -125.51
-73.4391 -124.025
-73.5921 -123.494
-73.697 -122.526
-73.777 -121.21
-73.862 -120.391
-73.874 -120.245
-73.884 -120.141
-73.921 -119.811
-73.9559 -119.523
-74.0059 -118.955
-74.0269 -118.307
-74.0959 -117.588
-74.1239 -117.18
-74.0719 -116.613
-74.1029 -115.986
-74.1489 -115.427
-74.1049 -114.737
-73.9809 -114.148
-74.0299 -113.981
-74.1299 -114.149
-74.1099 -113.752
-74.1598 -113.45
-74.2579 -113.196
-74.2958 -112.623
-74.3388 -112.026
-74.3088 -111.693
-74.2009 -111.473
-74.2358 -111.031
-74.2988 -110.607
-74.3188 -110.028
-74.4168 -109.682
-74.5547 -109.686
-74.6867 -109.191
-74.8786 -108.328
-75.0095 -107.599
-75.0396 -107.008
-74.8396 -107.209
-74.5747 -107.491
-74.3608 -107.595
-74.2569 -107.224
-74.2298 -106.611
-74.2448 -105.608
-74.3208 -104.796
-74.4088 -104.81
-74.6247 -105.249
-74.7827 -105.48
-74.8476 -105.221
-74.7776 -104.929
-74.7747 -104.632
-74.8626 -103.708
-74.9856 -102.843
-75.1115 -102.103
-75.0846 -101.505
-74.9776 -101.179
-74.8026 -101.35
-74.6887 -101.637
-74.6217 -101.889
-74.4947 -101.789
-74.2828 -101.926
-74.1888 -101.986
-74.1069 -101.926
-73.9529 -102.022
-73.807 -102.134
-73.719 -102.317
-73.709 -101.998
-73.724 -101.555
-73.72 -101.145
-73.6691 -100.876
-73.5591 -100.972
-73.4671 -101.29
-73.4281 -101.592
-73.4681 -102.016
-73.4771 -102.33
-73.4691 -102.676
-73.4002 -103.011
-73.3442 -103.125
-73.2602 -103.275
-73.1882 -103.416
-73.1192 -103.493
-73.0463 -103.487
-72.9873 -103.228
-72.9273 -103.114
-72.9113 -102.896
-72.8584 -102.801
-72.8303 -102.837
-72.7294 -102.87
-72.6384 -102.998
-72.5335 -103.333
-72.4665 -103.586
-72.3935 -103.581
-72.3745 -103.152
-72.3805 -102.65
-72.2955 -102.278
-72.1956 -102.214
-72.1116 -101.787
-72.0186 -101.212
-72.0316 -100.712
-71.9837 -100.054
-72.0017 -99.865
-72.0566 -100.045
-72.1116 -99.77
-72.1496 -99.525
-72.1516 -99.464
-72.1386 -99.274
-72.2386 -99.122
-72.1896 -98.957
-72.2406 -98.639
-72.3175 -98.438
-72.2876 -98.28
-72.1886 -98.178
-72.1076 -98.241
-72.1246 -98.468
-72.0046 -98.4201
-71.9896 -98.135
-72.0616 -97.9579
-72.1815 -98.003
-72.2086 -97.8
-72.2516 -97.563
-72.0896 -97.536
-72.0706 -97.372
-72.1476 -97.328
-72.1896 -97.0909
-72.0676 -96.9539
-72.0176 -96.798
-71.9657 -96.544
-72.0776 -96.625
-72.2216 -96.579
-72.1766 -96.336
-72.1786 -95.93
-72.2616 -95.893
-72.3445 -96.204
-72.4055 -96.127
-72.3805 -95.761
-72.4495 -95.696
-72.5045 -96.117
-72.6054 -95.919
-72.6964 -95.54
-72.7254 -95.302
-72.6844 -95.196
-72.6774 -95.119
-72.6744 -95.017
-72.7014 -94.906
-72.6854 -94.524
-72.6304 -94.078
-72.6734 -93.674
-72.7034 -93.281
-72.7134 -92.888
-72.7074 -92.406
-72.6594 -91.953
-72.5684 -91.469
-72.5115 -90.859
-72.4655 -90.302
-72.4635 -89.964
-72.4755 -89.435
-72.4875 -88.817
-72.4985 -88.197
-72.5305 -87.759
-72.5094 -87.312
-72.6064 -86.592
-72.7584 -86.172
-72.8503 -85.798
-72.8563 -85.2909
-72.8354 -84.4859
-72.8554 -83.879
-72.8984 -82.995
-72.9573 -82.276
-73.0013 -81.72
-72.9763 -81.25
-73.0313 -80.494
-73.0543 -80.037
-72.9883 -79.4809
-73.0553 -78.969
-73.2202 -78.674
-73.4131 -78.333
-73.4511 -77.9669
-73.3122 -77.991
-73.1492 -78.266
-73.0143 -78.644
-72.8554 -78.707
-72.8214 -78.274
-72.7913 -77.76
-72.7264 -77.544
-72.6244 -77.968
-72.5614 -78.012
-72.5295 -77.677
-72.5254 -77.132
-72.5565 -76.865
-72.5435 -76.8
-72.5514 -76.634
-72.6384 -76.627
-72.6714 -76.474
-72.6424 -76.371
-72.6644 -76.097
-72.7994 -76.143
-73.0013 -75.847
-73.0203 -75.799
-72.9093 -75.798
-72.8754 -75.431
-72.8643 -75.079
-72.8913 -74.629
-72.9463 -74.335
-72.9523 -73.932
-73.0373 -73.706
-73.1433 -73.838
-73.2392 -73.761
-73.2332 -73.463
-73.2842 -73.189
-73.4721 -72.904
-73.4531 -72.659
-73.3232 -72.76
-73.3102 -72.312
-73.3202 -71.931
-73.1792 -71.8
-73.0623 -72.376
-72.9863 -72.6399
-72.9123 -72.557
-72.8373 -72.216
-72.6614 -72.132
-72.5544 -72.324
-72.4645 -72.52
-72.4545 -72.545
-72.4334 -72.426
-72.2806 -72.432
-72.1446 -72.72
-72.0886 -73.114
-72.1436 -73.244
-72.1736 -73.614
-72.1286 -73.901
-72.0696 -74.539
-71.9507 -74.925
-71.8057 -75.295
-71.6418 -75.541
-71.4638 -75.508
-71.4788 -75.195
-71.4239 -74.903
-71.3408 -74.866
-71.3389 -74.335
-71.3249 -74.039
-71.2299 -73.66
-71.1579 -73.319
-71.059 -73.258
-70.941 -73.683
-70.876 -73.84
-70.8511 -74.242
-70.878 -74.77
-70.897 -75.27
-70.857 -75.407
-70.7581 -75.156
-70.6431 -75.079
-70.7231 -74.653
-70.7011 -74.567
-70.7011 -74.388
-70.6941 -74.334
-70.5382 -74.222
-70.3702 -74.383
-70.1663 -74.602
-70.0643 -74.6099
-70.0463 -74.628
-69.9723 -74.574
-69.8644 -74.359
-69.8394 -74.35
-69.8224 -74.172
-69.7694 -73.836
-69.7664 -73.494
-69.7654 -73.299
-69.7605 -73.006
-69.7205 -72.703
-69.6725 -72.6399
-69.6214 -72.649
-69.5735 -72.804
-69.5485 -72.796
-69.4785 -72.655
-69.4156 -72.542
-69.4096 -72.468
-69.4405 -72.286
-69.5175 -71.996
-69.5405 -71.786
-69.5015 -71.681
-69.3585 -71.694
-69.2346 -71.9
-69.1966 -72.032
-69.1297 -71.78
-69.0437 -71.572
-68.9747 -71.346
-68.9157 -71.054
-68.8937 -70.609
-68.8908 -70.354
-68.9438 -70.246
-69.0297 -70.144
-69.1002 -70.0488
-69.1386 -70.092
-69.2656 -70.065
-69.3346 -69.934
-69.3386 -69.721
-69.3666 -69.559
-69.5005 -69.5539
-69.5515 -69.513
-69.6045 -69.376
-69.8054 -69.353
-69.9834 -69.2049
-70.0283 -69.015
-69.9714 -68.837
-69.8734 -68.681
-69.7404 -68.524
-69.5965 -68.656
-69.4366 -68.736
-69.4235 -68.379
-69.3076 -68.2749
-69.2056 -68.433
-69.1667 -68.195
-69.1786 -67.656
-69.0867 -67.489
-68.9537 -67.485
-68.8957 -67.321
-68.8047 -67.088
-68.6208 -67.109
-68.5379 -67.062
-68.4379 -66.925
-68.3289 -67.15
-68.3039 -66.97
-68.287 -66.722
-68.196 -67.103
-68.121 -67.125
-68.062 -67.035
-67.9711 -66.835
-67.8461 -66.681
-67.8291 -66.879
-67.8041 -66.879
-67.7711 -66.835
-67.7461 -66.769
-67.7301 -66.725
-67.6712 -66.594
-67.6052 -66.595
-67.5962 -66.726
-67.6302 -66.965
-67.6212 -67.0529
-67.6042 -67.292
-67.6031 -67.531
-67.5202 -67.55
-67.4532 -67.591
-67.4192 -67.677
-67.3953 -67.6109
-67.3373 -67.545
-67.2463 -67.542
-67.1554 -67.3889
-67.0724 -67.26
-67.0314 -67.1099
-66.9984 -67.046
-66.9984 -66.877
-67.1233 -66.835
-67.2393 -66.856
-67.3143 -66.813
-67.3303 -66.684
-67.3553 -66.447
-67.3053 -66.319
-67.1054 -66.324
-66.8895 -66.329
-66.8485 -66.33
-66.8474 -66.035
-66.7445 -65.578
-66.6015 -65.398
-66.5206 -65.569
-66.4066 -65.761
-66.3066 -65.725
-66.2147 -65.586
-66.1967 -65.464
-66.1877 -65.424
-66.1457 -65.304
-66.0947 -65.226
-66.0767 -65.085
-66.0357 -65.088
-65.9858 -65.071
-65.9758 -64.951
-66.0158 -64.846
-66.0457 -64.62
-66.0418 -64.396
-65.9758 -64.383
-65.8878 -64.594
-65.8468 -64.598
-65.8268 -64.419
-65.7999 -64.301
-65.6969 -64.532
-65.6789 -64.474
-65.6919 -64.272
-65.7049 -64.07
-65.6319 -64.139
-65.6139 -64.041
-65.6179 -63.861
-65.6049 -63.663
-65.5489 -63.73
-65.4959 -63.9749
-65.382 -64.029
-65.285 -64.119
-65.168 -64.054
-65.1211 -63.805
-65.1091 -63.298
-65.1701 -63.093
-65.123 -62.904
-65.0551 -63.15
-65.0221 -63.135
-64.8882 -62.787
-64.8761 -62.401
-64.8391 -62.524
-64.6892 -62.474
-64.6192 -62.352
-64.7092 -62.354
-64.7222 -62.236
-64.6912 -62.069
-64.6372 -61.945
-64.5863 -61.667
-64.5383 -61.505
-64.4473 -61.506
-64.3973 -61.288
-64.3723 -61.103
-64.2094 -60.951
-64.1124 -60.823
-63.9875 -60.441
-63.9265 -60.063
-63.8635 -59.799
-63.8925 -59.585
-63.8555 -59.502
-63.7805 -59.356
-63.7156 -59.227
-63.7126 -59.041
-63.5596 -58.847
-63.4906 -58.407
-63.4836 -58.188
-63.4156 -57.916
-63.3737 -57.672
-63.3337 -57.355
-63.3167 -57.14
-63.3567 -57.014
-63.4676 -56.934
-63.6156 -57.025
-63.6536 -57.197
-63.5886 -57.222
-63.5296 -57.318
-63.5246 -57.469
-63.5966 -57.665
-63.6596 -57.736
-63.6776 -57.748
-63.6876 -57.894
-63.7535 -58.132
-63.8365 -58.384
-63.9534 -58.533
-64.0795 -58.68
-64.2194 -58.805
-64.4253 -58.911
-64.5783 -58.841
-64.7242 -58.91
-64.9521 -58.972
-65.1331 -59.09
-65.292 -59.256
-65.4369 -59.47
-65.5379 -59.498
-65.6499 -59.564
-65.9218 -59.825
-66.1397 -60.211
-66.3336 -60.444
-66.5666 -60.629
-66.7795 -60.719
-66.9645 -60.753
-67.0124 -60.718
-67.0964 -60.717
-67.3143 -60.742
-67.6182 -60.8319
-67.9271 -60.812
-68.206 -60.868
-68.4879 -60.788
-68.7988 -60.604
-68.9907 -60.568
-69.1437 -60.38
-69.3576 -60.263
-69.5395 -60.396
-69.8004 -60.603
-70.0693 -60.812
-70.3662 -60.869
-70.5282 -60.692
-70.6681 -60.595
-70.897 -60.5959
-71.034 -60.4199
-71.3278 -60.343
-71.6058 -60.297
-71.7757 -60.559
-71.8257 -60.541
-71.7977 -60.226
-71.9317 -60.176
-72.0106 -60.502
-72.1286 -60.238
-72.2715 -59.961
-72.4415 -60.203
-72.6634 -60.458
-72.8584 -60.211
-72.9853 -59.696
-73.3122 -59.315
-73.3502 -59.655
-73.3632 -60.035
-73.4232 -60.546
-73.5901 -60.722
-73.79 -60.858
-73.951 -60.858
-74.1138 -60.579
-74.1089 -61.015
-74.1249 -60.9779
-74.2528 -60.679
-74.3608 -60.573
-74.4837 -61
-74.6927 -61.499
-74.8776 -61.759
-75.0665 -61.4299
-75.2495 -60.591
-75.4174 -59.635
-75.5773 -58.762
-75.7163 -58.091
-75.9732 -57.181
-76.2101 -56.25
-76.3901 -55.443
-76.4261 -54.931
-76.64 -54.169
-76.757 -53.558
-76.8219 -52.991
-76.8649 -52.364
-77.0148 -51.328
-77.0448 -50.817
-77.1089 -50.176
-77.2098 -50.08
-77.2378 -50.364
-77.2768 -50.836
-77.4257 -50.802
-77.6267 -50.324
-77.7036 -49.714
-77.6576 -49.028
-77.6906 -47.966
-77.7216 -47.66
-77.8806 -46.749
-78.0255 -45.9201
-78.0905 -44.909
-78.2175 -44.433
-78.1525 -43.571
-77.9345 -42.908
-77.7856 -42.425
-77.6516 -41.9201
-77.7946 -40.8
-77.9615 -39.487
-77.9315 -38.685
-77.9535 -37.509
-77.9525 -36.189
-77.8956 -35.258
-77.8376 -35.429
-77.5757 -34.963
-77.3897 -33.972
-77.1638 -32.841
-77.0838 -31.975
-77.0938 -31.571
-76.9429 -31.214
-76.8769 -31.005
-76.797 -30.708
-76.686 -30.236
-76.565 -29.846
-76.4431 -29.281
-76.3431 -28.789
-76.2751 -28.422
-76.2092 -27.958
-76.1551 -27.453
-76.0742 -27.044
-75.9892 -26.787
-75.8832 -26.652
-75.7603 -26.487
-75.6443 -26.84
-75.5334 -26.681
-75.4004 -26.111
-75.3224 -25.446
-75.2624 -25.029
-75.2245 -24.761
-75.2345 -24.858
-75.0546 -24.426
-74.8246 -24.043
-74.7176 -23.983
-74.5047 -23.64
-74.3238 -23.02
-74.2249 -22.638
-74.1828 -22.438
-74.1719 -22.306
-74.1898 -21.976
-74.1849 -21.558
-74.0939 -21.233
-74.0099 -21.062
-73.877 -20.724
-73.7321 -20.436
-73.5631 -20.24
-73.4491 -20.105
-73.2842 -19.77
-73.1332 -19.563
-73.0363 -19.453
-72.9683 -19.239
-72.8813 -18.968
-72.8394 -18.955
-72.7314 -18.934
-72.6034 -18.737
-72.5994 -18.497
-72.6554 -17.984
-72.6574 -17.502
-72.5824 -17.101
-72.5394 -16.833
-72.5024 -16.546
-72.4575 -16.421
-72.3985 -16.261
-72.2565 -15.914
-72.1786 -15.5291
-72.1046 -15.127
-72.0306 -14.591
-71.9896 -14.141
-71.9796 -13.776
-72.0286 -13.519
-72.0736 -13.321
-72.0466 -12.9821
-71.9956 -12.93
-71.9587 -13.046
-71.8647 -12.958
-71.8017 -12.778
-71.7397 -12.502
-71.6208 -12.296
-71.4948 -12.307
-71.3779 -12.1421
-71.3199 -11.853
-71.2079 -11.578
-71.1109 -11.371
-71.029 -11.009
-71.002 -10.671
-70.965 -10.378
-70.883 -10.151
-70.7501 -9.88603
-70.6311 -9.65205
-70.6051 -9.54105
-70.5501 -9.28504
-70.5552 -9.026
-70.5431 -8.705
-70.5712 -8.373
-70.6751 -8.29702
-70.6881 -7.84399
-70.5931 -7.58399
-70.4892 -7.37004
-70.4712 -7.01705
-70.4542 -6.75504
-70.4552 -6.49703
-70.4892 -6.26604
-70.4782 -6.01701
-70.4362 -5.57303
-70.4302 -5.19102
-70.4402 -4.86601
-70.4202 -4.55102
-70.3772 -4.31401
-70.3232 -3.97704
-70.3272 -3.67601
-70.3313 -3.37503
-70.3013 -3.05202
-70.2863 -2.80699
-70.2363 -2.59802
-70.1223 -2.21706
-70.0933 -1.82201
-70.0234 -1.509
-69.9544 -1.41803
-69.9094 -1.41202
-69.8464 -1.46204
-69.7145 -1.07504
-69.6674 -0.908022
-69.6265 -0.881014
-69.6095 -0.991044
-69.4635 -0.988023
-69.3396 -0.960039
-69.2416 -1.121
-69.1237 -1.22904
-69.0837 -1.024
-69.1136 -0.778017
-69.0517 -0.420046
-69.0387 -0.328035
-69.0926 -0.215028
-69.0947 -0.141038
-69.0695 1.36604e-05
180.0 180.0
9.13038e-315 8.78943e-321
