CIC_MPM_VERS = 1.0
COMMENT Generated by Spacebel CCSDS library
CREATION_DATE = 2017-02-24T16:24:56.760219
ORIGINATOR = SVG² Control

META_START

USER_DEFINED_PROTOCOL = NONE
USER_DEFINED_CONTENT = REGION OF INTEREST
USER_DEFINED_SIZE = 2
USER_DEFINED_TYPE = REAL
USER_DEFINED_UNIT = [deg]

META_STOP

17.5406 -61.7389
17.5439 -61.7428
17.5478 -61.7456
17.5494 -61.7519
17.5481 -61.7572
17.5453 -61.7614
17.5447 -61.7672
17.5492 -61.7694
17.5536 -61.7717
17.5583 -61.7739
17.5622 -61.7775
17.565 -61.7822
17.5678 -61.7869
17.5706 -61.7914
17.5722 -61.7978
17.5756 -61.8017
17.5783 -61.8064
17.5811 -61.8111
17.5839 -61.8156
17.5856 -61.8219
17.5869 -61.8283
17.5886 -61.8347
17.5867 -61.8394
17.5828 -61.8428
17.5808 -61.8475
17.5831 -61.8531
17.5875 -61.8553
17.5925 -61.8567
17.5989 -61.8561
17.605 -61.8558
17.61 -61.8575
17.6156 -61.8578
17.6219 -61.8578
17.6281 -61.8575
17.6336 -61.8578
17.64 -61.8578
17.6456 -61.8583
17.6511 -61.8589
17.6569 -61.8594
17.6614 -61.8617
17.6658 -61.8639
17.6703 -61.8658
17.6742 -61.8689
17.6786 -61.8711
17.6839 -61.8725
17.6889 -61.8739
17.6944 -61.8744
17.6986 -61.8753
17.7039 -61.8731
17.7011 -61.8681
17.6967 -61.8661
17.6922 -61.8681
17.6878 -61.8661
17.6844 -61.8622
17.6806 -61.8594
17.6767 -61.8561
17.6725 -61.8533
17.6692 -61.8494
17.6647 -61.8472
17.6603 -61.845
17.6558 -61.8428
17.6514 -61.8406
17.6464 -61.8392
17.64 -61.8397
17.6333 -61.8406
17.6264 -61.8417
17.6206 -61.8433
17.6147 -61.8428
17.6108 -61.8397
17.61 -61.8339
17.6139 -61.8306
17.6197 -61.8289
17.625 -61.8267
17.6311 -61.825
17.6378 -61.8236
17.6444 -61.8228
17.6508 -61.8225
17.6564 -61.8231
17.6619 -61.8236
17.6667 -61.8256
17.6711 -61.8278
17.6744 -61.8317
17.6772 -61.8364
17.6806 -61.8403
17.6839 -61.8442
17.6867 -61.8489
17.6894 -61.8536
17.6933 -61.8564
17.6978 -61.8586
17.7033 -61.8592
17.7097 -61.8589
17.7147 -61.8567
17.7192 -61.8539
17.7228 -61.8503
17.725 -61.8456
17.7247 -61.8392
17.7219 -61.8342
17.7192 -61.8297
17.7153 -61.8267
17.7114 -61.8236
17.7069 -61.8217
17.7025 -61.8194
17.6978 -61.8208
17.6964 -61.8258
17.6958 -61.8319
17.6917 -61.8314
17.6889 -61.8264
17.6867 -61.8211
17.6856 -61.8139
17.6864 -61.8094
17.6903 -61.8075
17.6956 -61.8064
17.7 -61.8033
17.7022 -61.7989
17.7028 -61.7931
17.7006 -61.7872
17.6972 -61.7836
17.6933 -61.7806
17.6894 -61.7775
17.6856 -61.7747
17.6817 -61.7714
17.6781 -61.7675
17.6736 -61.7653
17.6703 -61.7617
17.6664 -61.7589
17.6631 -61.755
17.6597 -61.7511
17.6564 -61.7469
17.6531 -61.7433
17.6492 -61.7403
17.6447 -61.7381
17.6397 -61.7369
17.6347 -61.7353
17.6294 -61.7339
17.625 -61.7317
17.62 -61.7306
17.6144 -61.73
17.6086 -61.7292
17.6025 -61.7294
17.5961 -61.73
17.59 -61.7303
17.5839 -61.7306
17.5769 -61.7314
17.5714 -61.7308
17.5653 -61.7311
17.5594 -61.7308
17.5533 -61.7308
17.5472 -61.7311
17.5411 -61.7328
17.5406 -61.7389
180.0 180.0
16.9897 -61.7381
16.9906 -61.7436
16.9922 -61.75
16.9944 -61.7553
16.9961 -61.7617
16.9981 -61.7672
17.0033 -61.7686
17.0078 -61.7708
17.0117 -61.7736
17.0128 -61.7808
17.0106 -61.7853
17.0061 -61.7883
17.0003 -61.79
17.0014 -61.7972
17.0028 -61.8033
17.0022 -61.8094
17.0011 -61.8144
16.9989 -61.8194
16.9969 -61.8239
16.9969 -61.8292
16.9994 -61.8322
17.0033 -61.8353
17.0056 -61.8406
17.0067 -61.8478
17.01 -61.8517
17.0114 -61.8578
17.0131 -61.8642
17.0147 -61.8703
17.0169 -61.8761
17.0197 -61.8806
17.0236 -61.8836
17.0281 -61.8858
17.0331 -61.8872
17.0392 -61.8856
17.0444 -61.8831
17.0503 -61.8814
17.0567 -61.8811
17.0617 -61.8825
17.0656 -61.8856
17.07 -61.8878
17.0756 -61.8869
17.0775 -61.8822
17.0781 -61.8761
17.0786 -61.8703
17.0822 -61.8669
17.0858 -61.8683
17.0892 -61.8722
17.0914 -61.8778
17.0903 -61.8831
17.0897 -61.8889
17.0942 -61.8911
17.1 -61.8894
17.1053 -61.8872
17.1097 -61.8842
17.1133 -61.8808
17.1169 -61.8775
17.1192 -61.8725
17.1158 -61.8689
17.1142 -61.8625
17.1125 -61.8561
17.1117 -61.8492
17.1122 -61.8433
17.1158 -61.8397
17.1206 -61.8397
17.1228 -61.8453
17.1244 -61.8517
17.1289 -61.8539
17.1344 -61.8542
17.1397 -61.8519
17.1433 -61.8483
17.1469 -61.845
17.1508 -61.8417
17.1553 -61.8386
17.1603 -61.8361
17.1639 -61.8328
17.1672 -61.8264
17.1664 -61.8208
17.1647 -61.8144
17.1639 -61.8075
17.1642 -61.8014
17.1633 -61.7944
17.1611 -61.7892
17.1583 -61.7842
17.1544 -61.7814
17.1506 -61.7783
17.1461 -61.7761
17.1422 -61.7731
17.1369 -61.7717
17.1317 -61.7725
17.1281 -61.7761
17.1228 -61.7747
17.1189 -61.7717
17.1156 -61.7678
17.1128 -61.7631
17.1114 -61.7569
17.1158 -61.7556
17.1217 -61.7561
17.1269 -61.755
17.13 -61.7511
17.1328 -61.7469
17.1372 -61.7442
17.1367 -61.7397
17.1319 -61.7375
17.1275 -61.7353
17.1247 -61.7308
17.1253 -61.7247
17.1267 -61.7194
17.1278 -61.7144
17.1272 -61.7086
17.1231 -61.7056
17.1183 -61.7056
17.1156 -61.7097
17.1142 -61.715
17.1136 -61.7208
17.1122 -61.7264
17.1103 -61.7308
17.1058 -61.7303
17.1019 -61.7272
17.0981 -61.7242
17.0936 -61.7219
17.0892 -61.7197
17.0906 -61.7147
17.0917 -61.7092
17.0903 -61.7028
17.0886 -61.6967
17.0922 -61.6931
17.095 -61.6892
17.0922 -61.6844
17.0944 -61.6797
17.0936 -61.6742
17.0903 -61.6703
17.085 -61.6689
17.0783 -61.67
17.0756 -61.6742
17.0758 -61.6806
17.0761 -61.6869
17.0747 -61.6925
17.0711 -61.6958
17.0678 -61.6936
17.0658 -61.6894
17.0642 -61.6831
17.0628 -61.6767
17.0606 -61.6714
17.0567 -61.6683
17.0514 -61.6669
17.0458 -61.6664
17.0406 -61.6675
17.0392 -61.6725
17.0372 -61.6772
17.0333 -61.6808
17.0275 -61.6825
17.0244 -61.6867
17.0233 -61.6919
17.0244 -61.6989
17.0258 -61.7053
17.0275 -61.7117
17.0297 -61.7169
17.0325 -61.7217
17.0342 -61.7281
17.0336 -61.7339
17.0292 -61.7369
17.0247 -61.7347
17.0208 -61.7317
17.0164 -61.7294
17.0111 -61.7281
17.0056 -61.7275
16.9994 -61.7278
16.9939 -61.7286
16.9903 -61.7322
16.9897 -61.7381
180.0 180.0
9.13038e-315 4.93572e-321
