CIC_MPM_VERS = 1.0
COMMENT Generated by Spacebel CCSDS library
CREATION_DATE = 2017-02-24T16:24:56.772218
ORIGINATOR = SVG² Control

META_START

USER_DEFINED_PROTOCOL = NONE
USER_DEFINED_CONTENT = REGION OF INTEREST
USER_DEFINED_SIZE = 2
USER_DEFINED_TYPE = REAL
USER_DEFINED_UNIT = [deg]

META_STOP

-54.5002 -68.6329
-53.9914 -68.6289
-53.3178 -68.6242
-52.6436 -68.6183
-52.6453 -68.6157
-52.9325 -68.295
-53.1031 -68.2247
-53.1189 -68.2397
-53.0089 -68.2853
-52.9942 -68.3275
-53.1264 -68.5436
-53.1742 -68.5675
-53.2295 -68.5436
-53.2925 -68.4306
-53.2861 -68.18
-53.3694 -68.0997
-53.555 -68.0192
-53.687 -67.8472
-53.8294 -67.5878
-53.9103 -67.5736
-54.2097 -66.9431
-54.2892 -66.7036
-54.4567 -66.4439
-54.6728 -65.6964
-54.6336 -65.2353
-54.6469 -65.1422
-54.902 -65.3192
-54.9292 -65.3539
-54.8836 -65.4714
-54.9347 -65.49
-54.9717 -65.6806
-54.9047 -65.7308
-54.8961 -65.9553
-54.9531 -66.0067
-54.9869 -66.165
-54.985 -66.3719
-55.0453 -66.4211
-55.0447 -66.5517
-54.9095 -67.0014
-54.8597 -68.0097
-54.7936 -68.2884
-54.8436 -68.3236
-54.8561 -68.515
-54.7882 -68.6369
-54.6586 -68.6342
-54.5474 -68.6333
-54.5002 -68.6329
180.0 180.0
-54.9053 -64.6867
-54.8486 -64.6994
-54.8411 -64.7536
-54.8045 -64.7389
-54.7744 -64.6728
-54.7994 -64.5984
-54.7806 -64.5092
-54.7197 -64.57
-54.7886 -64.3814
-54.71 -64.3639
-54.73 -64.2862
-54.7195 -63.827
-54.7739 -63.8575
-54.8181 -63.9689
-54.8111 -63.9869
-54.7661 -63.9606
-54.8422 -64.2539
-54.7797 -64.2531
-54.8689 -64.5814
-54.9 -64.61
-54.9053 -64.6867
180.0 180.0
-22.1145 -66.3456
-21.9572 -66.2736
-21.7875 -66.2317
-21.8319 -66.0775
-21.9167 -66.0414
-21.9333 -65.9264
-22.1022 -65.7681
-22.1 -65.5989
-22.0908 -64.9886
-22.1814 -64.7228
-22.1711 -64.6703
-22.2436 -64.5619
-22.2764 -64.5392
-22.3614 -64.5661
-22.5428 -64.4333
-22.6322 -64.4567
-22.8472 -64.3458
-22.8736 -64.325
-22.6339 -64.2753
-22.4328 -64.1461
-22.3428 -64.1158
-22.0008 -63.9411
-21.9964 -62.8092
-22.1228 -62.7894
-22.2366 -62.6387
-22.2492 -62.6239
-22.3033 -62.6281
-22.5189 -62.2586
-22.5669 -62.2375
-22.6003 -62.2608
-22.9422 -62.0056
-22.9947 -61.9992
-23.2858 -61.62
-23.5553 -61.2247
-23.5978 -61.1242
-23.8061 -61.015
-23.8956 -60.6408
-24.0203 -60.3131
-24.0417 -60.1703
-24.0097 -60.0381
-24.2475 -59.6382
-24.2864 -59.6158
-24.3983 -59.4264
-24.5989 -59.1314
-24.7264 -58.8856
-24.8161 -58.6867
-24.8525 -58.4608
-24.9975 -58.3381
-24.9383 -58.2286
-25.0775 -57.9808
-25.0878 -57.8705
-25.33 -57.6503
-25.3789 -57.6403
-25.4333 -57.5578
-25.5731 -57.5756
-25.67 -57.7511
-25.7167 -57.75
-25.9525 -57.9008
-25.9964 -57.8539
-26.2189 -58.1219
-26.2403 -58.1047
-26.2728 -58.1722
-26.3422 -58.1694
-26.4258 -58.2114
-26.4942 -58.2072
-26.5406 -58.2181
-26.597 -58.1683
-26.6586 -58.1853
-26.6497 -58.2397
-26.7647 -58.2461
-26.8139 -58.3422
-26.8783 -58.3178
-26.9361 -58.4736
-27.0586 -58.5097
-27.0458 -58.5461
-27.1169 -58.5636
-27.1372 -58.6361
-27.1814 -58.6589
-27.2942 -58.6026
-27.2703 -58.0111
-27.3053 -57.7356
-27.4242 -57.4044
-27.4889 -57.0594
-27.4231 -56.9325
-27.4211 -56.8742
-27.4923 -56.7842
-27.4997 -56.7693
-27.5036 -56.7261
-27.4614 -56.6733
-27.4481 -56.5858
-27.4642 -56.515
-27.5508 -56.4528
-27.5861 -56.3922
-27.5842 -56.3611
-27.4614 -56.2711
-27.3961 -56.2747
-27.3122 -56.1486
-27.3036 -56.0425
-27.3339 -55.8881
-27.4345 -55.7854
-27.3464 -55.6036
-27.302 -55.5817
-27.1644 -55.5989
-27.0914 -55.4519
-27.0239 -55.4458
-26.9717 -55.3961
-26.9361 -55.2511
-26.9628 -55.1864
-26.945 -55.1261
-26.8578 -55.1178
-26.7706 -54.9506
-26.6883 -54.9306
-26.6561 -54.8833
-26.6595 -54.8036
-26.2003 -54.6336
-25.9772 -54.6631
-25.9528 -54.6017
-25.6569 -54.6442
-25.6367 -54.5839
-25.5749 -54.5961
-25.685 -54.4261
-25.5775 -54.38
-25.5489 -54.2783
-25.5967 -54.2419
-25.5736 -54.1764
-25.5311 -54.2036
-25.4986 -54.0958
-25.5672 -54.1142
-25.5983 -54.0808
-25.5506 -54.0675
-25.5882 -53.9681
-25.6444 -53.958
-25.6292 -53.8947
-25.8511 -53.8275
-25.9528 -53.8272
-26.1997 -53.6603
-26.2631 -53.6503
-26.3606 -53.7128
-26.6758 -53.7269
-26.767 -53.7506
-26.8347 -53.7117
-26.8895 -53.6986
-27.1717 -53.8389
-27.1194 -53.8778
-27.2833 -54.0919
-27.2892 -54.1486
-27.25 -54.1678
-27.3458 -54.2305
-27.4242 -54.2792
-27.4317 -54.3078
-27.3995 -54.3458
-27.4539 -54.3542
-27.4119 -54.4542
-27.4653 -54.4481
-27.4911 -54.5372
-27.4483 -54.5797
-27.5606 -54.7531
-27.5303 -54.8061
-27.7372 -54.9122
-27.7881 -54.9931
-27.7717 -55.0731
-27.7906 -55.082
-27.8339 -55.0217
-27.8539 -55.0292
-27.85 -55.1058
-27.8858 -55.1261
-27.8558 -55.1806
-27.9736 -55.3742
-28.0795 -55.4406
-28.22 -55.7567
-28.2464 -55.7733
-28.3025 -55.6789
-28.3453 -55.6681
-28.4089 -55.6925
-28.3564 -55.8122
-28.3564 -55.8736
-28.3808 -55.9003
-28.4645 -55.8936
-28.5078 -56.0186
-28.5911 -56.0153
-28.7847 -56.2894
-28.9122 -56.3156
-28.9625 -56.4047
-29.0564 -56.4183
-29.1247 -56.5717
-29.1961 -56.6417
-29.3344 -56.6903
-29.7022 -57.0414
-29.7667 -57.1106
-29.7878 -57.2503
-29.8189 -57.2931
-29.9753 -57.3197
-30.1633 -57.5336
-30.1827 -57.6135
-30.19 -57.6403
-30.2858 -57.6261
-30.4283 -57.7575
-30.5044 -57.8747
-30.5922 -57.89
-30.7347 -57.8089
-30.8769 -57.7958
-30.9122 -57.8136
-30.9342 -57.9103
-31.0464 -57.8517
-31.4017 -57.9889
-31.4567 -58.0761
-31.4842 -58.0775
-31.5525 -57.9869
-31.6103 -57.9792
-31.7864 -58.0372
-31.8542 -58.1789
-31.9217 -58.1839
-31.9903 -58.1464
-32.155 -58.1844
-32.2592 -58.0994
-32.3281 -58.1014
-32.4534 -58.1983
-32.6611 -58.2086
-32.9061 -58.1358
-33.0753 -58.1619
-33.095 -58.2145
-33.0808 -58.4053
-33.1014 -58.4306
-33.3003 -58.4147
-33.36 -58.477
-33.5308 -58.5333
-33.7539 -58.5408
-33.8581 -58.4603
-33.9539 -58.4533
-34.045 -58.3867
-34.1881 -58.3775
-34.2659 -58.4417
-34.2719 -58.5092
-34.2961 -58.5656
-34.3583 -58.4811
-34.4453 -58.5247
-34.5572 -58.4403
-34.6531 -58.3317
-34.8883 -57.7817
-35.1778 -57.3131
-35.417 -57.1247
-35.4889 -57.1422
-35.5753 -57.2244
-35.8103 -57.3858
-35.9303 -57.385
-36.0992 -57.3075
-36.2883 -57.1
-36.3472 -56.9342
-36.3842 -56.9381
-36.3422 -56.8478
-36.3475 -56.7678
-36.3042 -56.7678
-36.327 -56.7361
-36.4317 -56.6939
-36.7531 -56.6664
-36.9236 -56.6783
-37.025 -56.7789
-37.4658 -57.0931
-37.835 -57.4875
-37.9378 -57.5317
-38.097 -57.5378
-38.1831 -57.64
-38.3592 -57.9917
-38.5342 -58.4989
-38.7025 -59.1078
-38.8264 -59.7531
-38.9222 -60.4339
-38.9969 -61.1247
-38.9861 -61.8181
-38.9339 -62.0417
-38.8111 -62.1664
-38.7914 -62.3653
-38.8233 -62.3961
-38.8925 -62.3433
-38.9517 -62.3383
-38.9667 -62.2669
-39.0211 -62.3256
-39.1725 -62.3481
-39.2256 -62.3053
-39.3222 -62.0797
-39.3781 -62.02
-39.4095 -62.0439
-39.4089 -62.0761
-39.3083 -62.1947
-39.3122 -62.2814
-39.3436 -62.2708
-39.4658 -62.0519
-39.8445 -62.1278
-39.8472 -62.2592
-40.0553 -62.3642
-40.1247 -62.3381
-40.2158 -62.3742
-40.2408 -62.4364
-40.3111 -62.4889
-40.4631 -62.4172
-40.4983 -62.3317
-40.53 -62.3236
-40.56 -62.26
-40.6142 -62.2489
-40.637 -62.2739
-40.6072 -62.3481
-40.6783 -62.3267
-40.6395 -62.2381
-40.6367 -62.185
-40.8636 -62.317
-40.8881 -62.3639
-41.1025 -62.9108
-41.1647 -63.3964
-41.157 -63.8142
-41.0644 -63.9603
-41.045 -64.0586
-41.0003 -64.0683
-40.8322 -64.7228
-40.8403 -64.8783
-40.8147 -64.9122
-40.7975 -64.8897
-40.8153 -64.8397
-40.7947 -64.7411
-40.7295 -64.78
-40.707 -64.9178
-40.7286 -64.9264
-40.7714 -64.9111
-40.7781 -65.03
-40.8478 -65.1345
-41.0081 -65.1783
-41.3029 -65.1097
-41.5178 -64.9908
-41.6825 -65.0292
-41.7786 -64.9908
-41.9675 -65.08
-42.0289 -65.05
-42.157 -64.9344
-42.2306 -64.7228
-42.2453 -64.5289
-42.2683 -64.4595
-42.3231 -64.5339
-42.4256 -64.6064
-42.4372 -64.5856
-42.4345 -64.1192
-42.3831 -64.0495
-42.3128 -64.0433
-42.2664 -64.0836
-42.2489 -64.33
-42.2336 -64.3295
-42.2242 -64.1992
-42.1008 -63.8647
-42.0953 -63.7356
-42.3353 -63.5869
-42.762 -63.6261
-42.8217 -63.6931
-42.8903 -64.0872
-42.8697 -64.1422
-42.7578 -64.2533
-42.6389 -64.1964
-42.5442 -64.3264
-42.507 -64.4586
-42.5247 -64.635
-42.675 -64.9672
-42.7689 -65.0136
-42.9781 -64.4103
-42.9495 -64.3156
-42.992 -64.2953
-43.0545 -64.4178
-43.1561 -64.7884
-43.3045 -65.0283
-43.3942 -65.0372
-43.4572 -65.1303
-43.6678 -65.3303
-43.7497 -65.3333
-43.9697 -65.2586
-43.9553 -65.2106
-44.0464 -65.2189
-44.1517 -65.3075
-44.347 -65.2328
-44.4386 -65.3422
-44.4845 -65.2806
-44.5989 -65.5481
-44.7761 -65.7192
-44.8336 -65.7109
-44.9 -65.5314
-44.9244 -65.5847
-45.0164 -65.6047
-45.0306 -65.6542
-44.9889 -65.867
-45.0217 -65.882
-45.0192 -65.9622
-44.9739 -66.0153
-44.9628 -66.162
-45.0903 -66.5269
-45.1158 -66.535
-45.1314 -66.4703
-45.1464 -66.4656
-45.132 -66.5683
-45.1447 -66.5878
-45.1836 -66.5167
-45.2044 -66.5353
-45.2103 -66.8467
-45.2814 -66.9908
-45.46 -67.1347
-45.5983 -67.3011
-45.6514 -67.3325
-45.7789 -67.3417
-45.7956 -67.3814
-46.0039 -67.5867
-46.1239 -67.6219
-46.2395 -67.5992
-46.4669 -67.4981
-46.6942 -67.2175
-47.032 -66.735
-47.0731 -65.9728
-47.1983 -65.7725
-47.3442 -65.7325
-47.542 -65.757
-47.765 -65.882
-47.785 -65.9633
-47.8192 -65.8928
-47.9022 -65.87
-47.9303 -65.7895
-47.9703 -65.7958
-47.9542 -65.9614
-47.9786 -65.9739
-48.0889 -65.8961
-48.1034 -65.9028
-48.1017 -66.0736
-48.2086 -66.2103
-48.2984 -66.3447
-48.3456 -66.3275
-48.4417 -66.6678
-48.5739 -66.8331
-48.5981 -66.9667
-48.68 -67.1356
-48.8228 -67.2397
-48.9567 -67.4772
-49.1186 -67.64
-49.1756 -67.6134
-49.2483 -67.6825
-49.332 -67.7931
-49.397 -67.8136
-49.3697 -67.7067
-49.2531 -67.6431
-49.2647 -67.6031
-49.3122 -67.6247
-49.7572 -67.7375
-49.9208 -67.8056
-50.0733 -68.0614
-50.1222 -68.2434
-50.1183 -68.3414
-50.0603 -68.4331
-49.9197 -68.5328
-49.9031 -68.5917
-49.9394 -68.5975
-49.9572 -68.6233
-49.9914 -68.5594
-50.075 -68.5067
-50.1342 -68.3722
-50.1584 -68.3739
-50.1953 -68.4239
-50.3089 -68.8275
-50.4044 -68.9586
-50.5964 -69.1039
-50.8842 -69.1453
-50.9664 -69.1881
-51.0003 -69.1661
-51.535 -68.9528
-51.5781 -68.9728
-51.61 -69.1308
-51.5564 -69.3745
-51.6258 -69.6139
-51.5989 -69.3258
-51.6508 -69.1622
-51.6903 -69.2095
-51.617 -69.0178
-51.6331 -68.9792
-51.8922 -68.7975
-52.2444 -68.4403
-52.3369 -68.3836
-52.3754 -68.4292
-52.3292 -68.4344
-52.1433 -69.2336
-52.1436 -69.4614
-51.9964 -69.9986
-51.9972 -70.8578
-51.9968 -71.9102
-51.9603 -71.9628
-51.8867 -71.9406
-51.845 -71.9717
-51.6911 -72.2953
-51.5872 -72.3311
-51.577 -72.423
-51.5461 -72.4383
-51.4758 -72.3397
-51.2325 -72.2478
-51.1461 -72.3856
-51.0964 -72.392
-51.0172 -72.2672
-50.8511 -72.2425
-50.7439 -72.3417
-50.6497 -72.2942
-50.6144 -72.3703
-50.6122 -72.54
-50.6667 -72.5978
-50.6708 -72.6492
-50.6214 -72.7328
-50.625 -72.7811
-50.7495 -73.0181
-50.7722 -73.13
-50.7447 -73.1742
-50.5594 -73.2539
-50.36 -73.265
-50.3541 -73.2671
-50.3241 -73.2778
-50.3183 -73.2827
-50.2344 -73.3519
-50.1447 -73.5286
-50.1167 -73.5358
-50.0067 -73.4672
-49.9192 -73.5617
-49.7825 -73.4444
-49.6786 -73.5369
-49.6133 -73.5103
-49.5319 -73.5817
-49.4964 -73.5297
-49.4406 -73.5389
-49.3797 -73.4497
-49.3114 -73.4647
-49.3036 -73.1342
-49.2608 -73.1319
-49.2214 -73.1772
-49.0656 -73.0756
-48.9647 -72.9517
-48.9439 -72.8033
-48.8964 -72.6986
-48.8763 -72.6726
-48.7836 -72.553
-48.7181 -72.5519
-48.4843 -72.6034
-48.4814 -72.604
-48.3419 -72.2872
-48.0756 -72.3231
-47.9439 -72.53
-47.9092 -72.5353
-47.5072 -72.3056
-47.4645 -72.3578
-47.4261 -72.3136
-47.4094 -72.1564
-47.3014 -72.0443
-47.2997 -72.0425
-47.2762 -72.0163
-47.2715 -72.0178
-47.2436 -72.0272
-47.1997 -72.0172
-47.2297 -71.8778
-47.1828 -71.8525
-47.1375 -71.8644
-47.0739 -71.9853
-47.0489 -71.9955
-47.0008 -71.9047
-46.9439 -71.9611
-46.8061 -71.9333
-46.7842 -71.8092
-46.6792 -71.6694
-46.5307 -71.6726
-46.3437 -71.7517
-46.3413 -71.7519
-46.2244 -71.7611
-46.1656 -71.8725
-46.1403 -71.8978
-46.12 -71.7717
-45.9747 -71.6019
-45.8922 -71.6378
-45.8442 -71.7592
-45.7256 -71.7919
-45.5842 -71.7408
-45.537 -71.7075
-45.5156 -71.5028
-45.4775 -71.4675
-45.4114 -71.5067
-45.3058 -71.297
-45.2283 -71.33
-45.1592 -71.4536
-45.0756 -71.498
-44.9714 -71.5917
-44.8978 -72.0711
-44.7747 -72.0811
-44.7539 -72.0522
-44.7842 -71.9383
-44.7444 -71.4828
-44.8033 -71.3397
-44.7945 -71.2711
-44.7333 -71.2203
-44.6628 -71.2333
-44.6283 -71.2128
-44.5758 -71.1264
-44.5281 -71.1103
-44.427 -71.2036
-44.3978 -71.8336
-44.3653 -71.8539
-44.3125 -71.7942
-44.1053 -71.8525
-43.9674 -71.6684
-43.9611 -71.66
-43.9232 -71.6488
-43.9207 -71.6513
-43.8778 -71.695
-43.7683 -71.7419
-43.7794 -71.7772
-43.7364 -71.8094
-43.6725 -71.6903
-43.5922 -71.7072
-43.5367 -71.8742
-43.4814 -71.8478
-43.4564 -71.8697
-43.4578 -71.9219
-43.3781 -71.9225
-43.2931 -71.7369
-43.1881 -71.7328
-43.1675 -71.7511
-43.1047 -72.053
-43.055 -72.1064
-42.9914 -72.1397
-42.8486 -72.1025
-42.66 -72.1322
-42.5289 -72.1136
-42.4775 -72.0258
-42.4297 -72.0717
-42.3664 -72.0433
-42.2819 -72.1317
-42.1336 -72.0178
-42.125 -71.9706
-42.1781 -71.9142
-42.1039 -71.735
-41.6264 -71.9181
-41.5683 -71.8397
-41.3586 -71.8994
-41.1156 -71.8539
-40.9539 -71.8375
-40.7328 -71.9506
-40.5317 -71.8378
-40.4153 -71.7914
-40.4278 -71.7197
-40.3033 -71.6644
-40.2764 -71.7025
-40.3042 -71.7156
-40.2458 -71.7914
-40.1683 -71.8075
-40.0936 -71.8061
-40.0922 -71.7269
-40.1006 -71.6708
-39.9064 -71.6058
-39.8572 -71.6694
-39.6372 -71.7106
-39.5695 -71.6855
-39.6203 -71.5161
-39.5931 -71.4883
-39.5575 -71.4858
-39.5314 -71.5411
-39.4383 -71.452
-39.3939 -71.4731
-39.3331 -71.4044
-39.0903 -71.4031
-38.9606 -71.4186
-38.9161 -71.3978
-38.7503 -71.0594
-38.695 -70.8695
-38.6389 -70.8767
-38.6 -70.8353
-38.5517 -70.8258
-38.4181 -70.9708
-37.9422 -71.0772
-37.7133 -71.1764
-37.6347 -71.1803
-37.4894 -71.1122
-37.4536 -71.1097
-37.3136 -71.1967
-37.1042 -71.0795
-36.9758 -71.2003
-36.9622 -71.13
-36.8489 -71.1869
-36.6908 -71.1383
-36.6756 -71.1075
-36.6995 -71.0636
-36.6797 -71.0433
-36.5628 -71.0575
-36.4861 -71.0378
-36.4844 -70.9411
-36.4022 -70.8936
-36.4247 -70.7308
-36.4092 -70.7006
-36.2775 -70.7067
-36.1486 -70.58
-36.1356 -70.4267
-36.0467 -70.3695
-35.9636 -70.4097
-35.8083 -70.3378
-35.6436 -70.4203
-35.515 -70.3961
-35.3883 -70.4608
-35.3408 -70.4233
-35.2967 -70.5503
-35.2545 -70.5695
-35.2089 -70.5414
-35.1717 -70.3861
-35.1425 -70.3617
-35.0045 -70.3619
-34.7978 -70.2636
-34.7489 -70.3136
-34.667 -70.2355
-34.5953 -70.2247
-34.4092 -70.0475
-34.2984 -70.055
-34.275 -70.0239
-34.2509 -69.8283
-34.2297 -69.813
-34.1439 -69.8661
-33.972 -69.8492
-33.9608 -69.9003
-33.7692 -69.9042
-33.7242 -69.8483
-33.5644 -69.8703
-33.4056 -69.7792
-33.2861 -69.7983
-33.2375 -69.8986
-33.2436 -69.9355
-33.2989 -69.9769
-33.2703 -70.0231
-33.1725 -70.0989
-33.03 -70.1017
-32.8956 -69.9928
-32.7617 -70.1442
-32.6078 -70.1711
-32.5061 -70.1461
-32.4589 -70.1661
-32.4258 -70.2328
-32.3264 -70.235
-32.1972 -70.3292
-32.0517 -70.38
-32.0392 -70.3317
-32.0481 -70.2731
-31.9689 -70.2319
-31.8972 -70.2783
-31.8783 -70.4164
-31.8089 -70.4689
-31.5667 -70.5872
-31.1881 -70.5333
-31.0981 -70.4714
-31.0931 -70.4455
-31.1542 -70.4203
-31.0744 -70.3492
-31.0319 -70.3136
-31.0392 -70.2581
-30.9536 -70.33
-30.7764 -70.3003
-30.4397 -70.1342
-30.3708 -70.1658
-30.3547 -70.1305
-30.3967 -70.0442
-30.3764 -69.9444
-30.3225 -69.8978
-30.1589 -69.8275
-30.1206 -69.8417
-30.0886 -69.9675
-29.8144 -69.9058
-29.7133 -69.9175
-29.6806 -69.9617
-29.4239 -70.0031
-29.355 -70.035
-29.2819 -70.0272
-29.1081 -69.8003
-28.5933 -69.7045
-28.5728 -69.6664
-28.4053 -69.657
-28.3122 -69.53
-28.1914 -69.4764
-28.2125 -69.4103
-28.0036 -69.3044
-27.9658 -69.1861
-27.4589 -69.007
-27.4172 -68.9392
-27.2881 -68.8658
-27.2375 -68.8786
-27.1206 -68.8111
-27.1033 -68.7389
-27.1697 -68.5883
-27.0883 -68.5253
-27.0447 -68.3203
-26.9153 -68.2872
-26.5206 -68.5797
-26.3175 -68.5706
-26.1739 -68.4042
-25.7783 -68.4847
-25.5056 -68.5953
-25.355 -68.5756
-25.1772 -68.5025
-25.1403 -68.3978
-25.1292 -68.3544
-24.905 -68.455
-24.8736 -68.5453
-24.8053 -68.5717
-24.6067 -68.4911
-24.6264 -68.4439
-24.5058 -68.3922
-24.4578 -68.2894
-24.3964 -68.2525
-24.0239 -67.34
-23.3976 -67.1513
-23.0028 -67.0011
-22.8216 -67.1837
-22.7181 -67.123
-22.6428 -67.0125
-22.5239 -67.0228
-22.427 -66.775
-22.2275 -66.7369
-22.1145 -66.3456
180.0 180.0
9.13038e-315 7.12937e-321
