CIC_MPM_VERS = 1.0
COMMENT Generated by Spacebel CCSDS library
CREATION_DATE = 2017-02-24T16:24:56.788219
ORIGINATOR = SVG² Control

META_START

USER_DEFINED_PROTOCOL = NONE
USER_DEFINED_CONTENT = REGION OF INTEREST
USER_DEFINED_SIZE = 2
USER_DEFINED_TYPE = REAL
USER_DEFINED_UNIT = [deg]

META_STOP

41.1062 43.4732
41.1364 43.5617
41.1158 43.7822
41.1622 43.8625
41.1631 43.9856
41.1917 44.07
41.1883 44.1575
41.1992 44.1783
41.2364 44.1928
41.195 44.3019
41.2197 44.3656
41.1864 44.4608
41.2142 44.5292
41.1864 44.5542
41.1864 44.5775
41.2317 44.6344
41.2128 44.7114
41.2147 44.8636
41.2286 44.8778
41.2619 44.8219
41.2869 44.8339
41.2617 44.9553
41.2986 45.0225
41.2453 45.0603
41.2033 45.0528
41.2011 45.1478
41.1419 45.2228
41.1169 45.1947
41.1161 45.0814
41.1011 45.0733
41.0628 45.0914
41.0567 45.1328
41.0828 45.1386
41.0856 45.1569
41.0217 45.2328
41.0006 45.345
41.0225 45.4389
40.9569 45.4372
40.9467 45.4878
40.8778 45.5661
40.8719 45.6181
40.8439 45.6208
40.7878 45.5942
40.7292 45.4292
40.6711 45.3883
40.6433 45.3911
40.6 45.4206
40.5811 45.4592
40.5381 45.4692
40.5125 45.5069
40.4533 45.5403
40.3758 45.6628
40.3033 45.8414
40.2697 45.8758
40.2647 45.9133
40.2722 45.9583
40.2203 46.0028
40.1169 45.9769
40.0925 45.9244
40.0206 45.9056
40.0217 45.6381
40.0078 45.6039
39.9825 45.5928
39.9375 45.7842
39.8656 45.8164
39.8236 45.8567
39.7881 45.9264
39.7731 46.0061
39.6894 46.0678
39.6578 46.1536
39.5981 46.2042
39.595 46.2503
39.6281 46.35
39.5839 46.4139
39.5836 46.5133
39.5644 46.5414
39.5386 46.5464
39.5133 46.5097
39.4758 46.5167
39.4508 46.4008
39.425 46.3806
39.3786 46.4039
39.3303 46.5181
39.2789 46.5442
39.2247 46.6225
39.1894 46.5456
39.2186 46.4522
39.2014 46.4161
39.1639 46.4239
39.1286 46.4936
39.0969 46.5108
39.0442 46.5236
38.9597 46.4947
38.8767 46.5399
38.8708 46.5336
38.9105 46.3547
38.8442 46.178
38.9361 46.1072
39.0783 46.0428
39.1664 45.9703
39.2067 45.9719
39.2508 46.0089
39.28 45.9781
39.3194 45.8858
39.3481 45.8556
39.3564 45.7956
39.3747 45.7761
39.4494 45.83
39.495 45.8147
39.5453 45.8231
39.5692 45.7833
39.5806 45.7322
39.56 45.6267
39.4936 45.4575
39.53 45.4086
39.5383 45.3261
39.5881 45.3075
39.6086 45.2819
39.6078 45.2539
39.5722 45.2044
39.5792 45.1711
39.6725 45.1758
39.7789 45.0619
39.7214 44.9331
39.725 44.8583
39.7066 44.7786
39.815 44.6253
39.92 44.5403
40.0466 44.2803
40.0086 44.0169
40.1086 43.6578
40.1342 43.6528
40.1672 43.7211
40.3375 43.5944
40.3955 43.618
40.4403 43.5928
40.6759 43.7535
40.7825 43.7358
40.9883 43.6064
40.998 43.5541
41.0419 43.4736
41.1062 43.4732
