CIC_MPM_VERS = 1.0
COMMENT Generated by Spacebel CCSDS library
CREATION_DATE = 2017-02-24T16:24:56.936219
ORIGINATOR = SVG² Control

META_START

USER_DEFINED_PROTOCOL = NONE
USER_DEFINED_CONTENT = REGION OF INTEREST
USER_DEFINED_SIZE = 2
USER_DEFINED_TYPE = REAL
USER_DEFINED_UNIT = [deg]

META_STOP

48.7303 16.8866
48.6165 16.9449
48.4872 16.8964
48.4192 16.8561
48.3686 16.8408
48.278 16.9497
48.1742 16.9767
48.1441 17.0681
48.08 17.0808
48.0018 17.1799
47.9772 17.1036
47.8878 17.0905
47.868 17.0158
47.8444 17.0575
47.7103 17.0836
47.688 16.7973
47.6853 16.7619
47.7362 16.6964
47.7439 16.6867
47.7561 16.5558
47.7147 16.5325
47.698 16.4506
47.6644 16.4339
47.6297 16.6489
47.54 16.7125
47.4528 16.6455
47.4072 16.4506
47.28 16.4917
47.2528 16.4386
47.1469 16.4561
47.1553 16.5205
47.1344 16.5278
47.0953 16.4681
47.0608 16.5169
47.0294 16.4592
47.01 16.3469
46.8514 16.1067
46.8347 15.9936
46.7372 15.9933
46.6614 16.0269
46.7097 15.6494
46.618 15.5008
46.6572 15.1053
46.6158 14.8706
46.5128 14.8147
46.4375 14.5942
46.3875 14.5744
46.4464 14.4283
46.4408 14.1594
46.4886 14.0847
46.5255 13.719
46.5744 13.4122
46.6128 12.8958
46.6953 12.4336
46.7775 12.3558
46.7914 12.2836
46.8636 12.295
46.9158 12.1444
47.0164 12.1311
47.0392 12.2044
47.0905 12.2111
46.9775 11.7558
47.0131 11.6153
46.9725 11.4117
46.9955 11.3392
46.9622 11.1644
46.7725 11.0147
46.7986 10.7355
46.8341 10.7644
46.875 10.6728
46.8486 10.5608
46.8694 10.4636
46.8854 10.4662
46.935 10.4886
47.0011 10.4008
46.9505 10.3108
46.8586 10.1753
46.865 10.0633
46.9586 9.87361
47.0225 9.87555
47.0496 9.60183
47.0578 9.60542
47.0647 9.61124
47.071 9.61739
47.0783 9.6229
47.0832 9.62928
47.0903 9.63331
47.0972 9.64095
47.106 9.63833
47.1134 9.63313
47.1208 9.63487
47.1286 9.63763
47.1371 9.6305
47.1431 9.62813
47.152 9.62345
47.1524 9.6153
47.1553 9.60672
47.1593 9.59972
47.1668 9.59402
47.1686 9.58489
47.1673 9.57586
47.1771 9.57247
47.1856 9.57485
47.192 9.57843
47.199 9.58276
47.2077 9.58292
47.215 9.57928
47.2219 9.5726
47.2224 9.56334
47.227 9.55402
47.2331 9.56017
47.2372 9.56713
47.2456 9.57262
47.2495 9.57502
47.2504 9.56316
47.2556 9.55448
47.2569 9.54704
47.267 9.54041
47.36 9.60528
47.3814 9.665
47.4555 9.65361
47.5041 9.55825
47.5439 9.56761
47.5291 9.60555
47.5363 9.72729
47.5847 9.76305
47.5936 9.81361
47.5389 9.85416
47.5478 9.96333
47.4839 10.0033
47.4603 10.0844
47.4289 10.1044
47.3872 10.0872
47.3691 10.1544
47.3864 10.2114
47.3153 10.2142
47.2811 10.1697
47.2889 10.2744
47.4355 10.4733
47.5769 10.4269
47.5905 10.4828
47.5586 10.4653
47.5369 10.5544
47.5586 10.6855
47.5364 10.8486
47.5219 10.9097
47.493 10.8658
47.4603 10.9503
47.4005 10.9736
47.3964 11.1069
47.4353 11.203
47.433 11.2367
47.4005 11.2275
47.4539 11.4056
47.5089 11.4219
47.52 11.5744
47.5953 11.6333
47.6067 11.8786
47.6094 12.1961
47.6414 12.2064
47.7016 12.1772
47.743 12.2572
47.6947 12.2439
47.6986 12.4417
47.6375 12.505
47.6742 12.7739
47.6189 12.8308
47.5894 12.7878
47.5522 12.8097
47.4694 13.005
47.4964 13.0531
47.6169 13.0742
47.6408 13.1003
47.7061 13.0583
47.7155 12.9175
47.7847 12.9397
47.8542 13.0089
48.1205 12.7567
48.2093 12.9295
48.3519 13.3686
48.42 13.4339
48.5686 13.4483
48.583 13.5053
48.5178 13.7267
48.6989 13.8333
48.7261 13.793
48.7871 13.8146
48.6769 14.0453
48.6158 14.0417
48.5756 14.3811
48.6483 14.4586
48.5814 14.7003
48.7814 14.8125
48.7667 14.9611
49.0158 14.9942
49.0014 15.1522
48.9447 15.1597
48.9858 15.3406
48.8775 15.7853
48.8283 15.9542
48.7603 16.0606
48.7339 16.3706
48.8108 16.5275
48.7878 16.6558
48.7239 16.7739
48.7303 16.8866
