CIC_MPM_VERS = 1.0
COMMENT Generated by Spacebel CCSDS library
CREATION_DATE = 2017-02-24T16:24:56.976218
ORIGINATOR = SVG² Control

META_START

USER_DEFINED_PROTOCOL = NONE
USER_DEFINED_CONTENT = REGION OF INTEREST
USER_DEFINED_SIZE = 2
USER_DEFINED_TYPE = REAL
USER_DEFINED_UNIT = [deg]

META_STOP

39.6427 44.8105
39.6986 44.79
39.7066 44.7786
39.725 44.8583
39.7214 44.9331
39.7789 45.0619
39.6725 45.1758
39.5792 45.1711
39.5722 45.2044
39.6078 45.2539
39.6086 45.2819
39.5881 45.3075
39.5383 45.3261
39.53 45.4086
39.4936 45.4575
39.56 45.6267
39.5806 45.7322
39.5692 45.7833
39.5453 45.8231
39.495 45.8147
39.4494 45.83
39.3747 45.7761
39.3564 45.7956
39.3481 45.8556
39.3194 45.8858
39.28 45.9781
39.2508 46.0089
39.2067 45.9719
39.1664 45.9703
39.0783 46.0428
38.9361 46.1072
38.8442 46.178
38.84 46.1667
38.88 45.8719
39.0047 45.4305
39.1725 45.3378
39.2103 45.1875
39.3122 45.1158
39.4358 44.9503
39.6058 44.8886
39.6427 44.8105
180.0 180.0
41.8966 46.4521
41.8825 46.5683
41.8078 46.5667
41.7922 46.5917
41.8356 46.7256
41.8639 46.7608
41.7967 46.7708
41.7289 46.8728
41.7178 46.9256
41.6914 46.9325
41.6272 47.0156
41.5583 47.0431
41.5781 47.1278
41.5611 47.1606
41.5106 47.1781
41.4886 47.2128
41.4247 47.2589
41.3311 47.2658
41.3122 47.2856
41.2719 47.3711
41.2542 47.5219
41.2111 47.5717
41.2356 47.6597
41.1961 47.7669
41.2264 47.92
41.2908 47.9083
41.3244 47.9539
41.3594 47.9625
41.3619 48.0228
41.4678 48.0744
41.5025 48.2314
41.5892 48.3997
41.7236 48.4714
41.7672 48.5314
41.8424 48.589
41.6658 48.7883
41.2778 49.1361
41.1517 49.155
40.9872 49.2514
40.7786 49.5378
40.6781 49.5133
40.6253 49.5772
40.5742 49.7458
40.5864 49.9991
40.5525 50.0719
40.4903 50.2361
40.3555 50.3636
40.2214 50.385
40.3078 50.3089
40.3394 50.2114
40.3405 50.0855
40.3633 49.8853
40.3436 49.8581
40.2064 49.5622
40.0483 49.4255
39.9836 49.4828
39.9242 49.42
39.8686 49.4444
39.8378 49.4128
39.7011 49.4214
39.6147 49.3133
39.4808 49.2875
39.3839 49.4136
39.3503 49.3955
39.2833 49.4064
39.3272 49.3388
39.3433 49.2972
39.3194 49.258
39.0247 49.2019
38.9772 49.1405
38.9639 49.0722
39.0014 49.0517
39.0261 49.1231
39.0817 49.15
39.1033 49.1347
39.1078 49.0672
39.1728 49.0525
39.1894 49.0028
39.1744 48.9614
39.0586 48.9303
38.9636 48.9356
38.8966 48.9055
38.865 48.8322
38.4403 48.8605
38.3905 48.6655
38.4058 48.6105
38.6261 48.43
38.6011 48.3336
38.6672 48.2436
38.7278 48.2439
38.7836 48.103
38.8569 48.0139
38.9091 48.0189
38.9817 48.2761
39.0264 48.3239
39.1125 48.2939
39.2089 48.135
39.2636 48.12
39.3092 48.1503
39.3847 48.3597
39.4255 48.3389
39.7197 47.9764
39.6772 47.8066
39.6211 47.7469
39.4964 47.4544
39.4375 47.3553
39.3044 47.0997
39.1894 47.0255
39.1553 46.8383
38.8767 46.5399
38.9597 46.4947
39.0442 46.5236
39.0969 46.5108
39.1286 46.4936
39.1639 46.4239
39.2014 46.4161
39.2186 46.4522
39.1894 46.5456
39.2247 46.6225
39.2789 46.5442
39.3303 46.5181
39.3786 46.4039
39.425 46.3806
39.4508 46.4008
39.4758 46.5167
39.5133 46.5097
39.5386 46.5464
39.5644 46.5414
39.5836 46.5133
39.5839 46.4139
39.6281 46.35
39.595 46.2503
39.5981 46.2042
39.6578 46.1536
39.6894 46.0678
39.7731 46.0061
39.7881 45.9264
39.8236 45.8567
39.8656 45.8164
39.9375 45.7842
39.9825 45.5928
40.0078 45.6039
40.0217 45.6381
40.0206 45.9056
40.0925 45.9244
40.1169 45.9769
40.2203 46.0028
40.2722 45.9583
40.2647 45.9133
40.2697 45.8758
40.3033 45.8414
40.3758 45.6628
40.4533 45.5403
40.5125 45.5069
40.5381 45.4692
40.5811 45.4592
40.6 45.4206
40.6433 45.3911
40.6711 45.3883
40.7292 45.4292
40.7878 45.5942
40.8439 45.6208
40.8719 45.6181
40.8778 45.5661
40.9467 45.4878
40.9569 45.4372
41.0225 45.4389
41.0006 45.345
41.0217 45.2328
41.0856 45.1569
41.0828 45.1386
41.0567 45.1328
41.0628 45.0914
41.1011 45.0733
41.1161 45.0814
41.1169 45.1947
41.1419 45.2228
41.2011 45.1478
41.2033 45.0528
41.2453 45.0603
41.2986 45.0225
41.4556 45.2789
41.4625 45.3367
41.4283 45.4011
41.4408 45.4767
41.3986 45.5383
41.3433 45.7706
41.3206 45.7197
41.2903 45.7086
41.2264 45.8131
41.1703 46.0314
41.2039 46.1403
41.2056 46.2433
41.1042 46.3783
41.0964 46.4403
41.0556 46.4839
41.05 46.5208
41.0953 46.5453
41.1081 46.5722
41.1006 46.6225
41.155 46.67
41.2553 46.7108
41.3122 46.6939
41.34 46.6283
41.365 46.6211
41.3794 46.5933
41.3972 46.4992
41.4625 46.4136
41.4853 46.33
41.5169 46.3353
41.5503 46.2992
41.5575 46.3436
41.5708 46.3472
41.5936 46.3242
41.5892 46.2864
41.6153 46.2828
41.6119 46.265
41.5894 46.2567
41.595 46.2372
41.6594 46.2017
41.725 46.1981
41.7572 46.2189
41.7592 46.3319
41.8378 46.4206
41.8966 46.4521
180.0 180.0
9.13038e-315 6.18076e-321
