CIC_MPM_VERS = 1.0
COMMENT Generated by Spacebel CCSDS library
CREATION_DATE = 2017-02-24T16:24:56.996719
ORIGINATOR = SVG² Control

META_START

USER_DEFINED_PROTOCOL = NONE
USER_DEFINED_CONTENT = REGION OF INTEREST
USER_DEFINED_SIZE = 2
USER_DEFINED_TYPE = REAL
USER_DEFINED_UNIT = [deg]

META_STOP

22.2569 -74.18
22.3233 -74.1408
22.3453 -74.0878
22.4022 -74.0197
22.458 -73.9845
22.4689 -73.9108
22.5122 -73.8681
22.5628 -73.8786
22.5994 -73.9214
22.6022 -74.015
22.6792 -74.0172
22.6931 -73.9397
22.7314 -73.852
22.6747 -73.8683
22.5386 -73.8295
22.3456 -73.9772
22.2569 -74.18
180.0 180.0
25.8814 -77.2314
26.0114 -77.4022
26.1469 -77.2189
26.1997 -77.2567
26.2739 -77.2264
26.4417 -77.2259
26.5203 -77.1544
26.5489 -77.1489
26.6022 -77.3406
26.69 -77.3647
26.6872 -77.425
26.848 -77.52
26.9044 -77.8939
26.8978 -77.9506
26.9283 -77.8408
26.9144 -77.5975
26.7711 -77.3986
26.5861 -77.1653
26.5208 -77.0514
26.3083 -77.007
26.2619 -77.1436
26.1406 -77.1844
25.8919 -77.1945
25.8814 -77.2314
180.0 180.0
23.72 -77.6614
23.7728 -77.7328
23.7605 -77.6761
23.8367 -77.5736
23.833 -77.6161
23.7767 -77.6967
23.8194 -77.7628
23.8683 -77.6686
23.85 -77.7842
23.9361 -77.8325
24.0153 -77.8308
24.1286 -77.9164
24.2847 -77.7011
24.2522 -77.6342
24.1389 -77.755
24.118 -77.7025
24.0303 -77.7417
24.0783 -77.6892
24.2094 -77.6342
24.2139 -77.6067
24.0278 -77.5331
23.9469 -77.5256
23.8297 -77.5247
23.7392 -77.5672
23.7275 -77.6128
23.7594 -77.6536
23.72 -77.6614
180.0 180.0
24.1225 -75.4628
24.1556 -75.5258
24.2253 -75.4042
24.2797 -75.4153
24.2944 -75.4708
24.5122 -75.5875
24.5242 -75.6436
24.5853 -75.6481
24.6631 -75.7586
24.6964 -75.715
24.6439 -75.6267
24.5011 -75.5636
24.3117 -75.395
24.1442 -75.29
24.1575 -75.3658
24.1225 -75.4628
180.0 180.0
24.2728 -78.0214
24.2758 -78.045
24.3725 -78.0795
24.4067 -78.14
24.4981 -78.1328
24.4553 -78.1825
24.5194 -78.3394
24.6136 -78.4406
24.7114 -78.3211
24.6786 -78.2908
24.5864 -78.3317
24.5958 -78.2711
24.5619 -78.2489
24.5664 -78.2206
24.6636 -78.2247
24.7339 -78.2592
24.6705 -78.265
24.7211 -78.3058
24.9869 -78.1642
25.1144 -78.1883
25.2019 -78.205
25.1547 -77.9958
24.8469 -77.882
24.7094 -77.7389
24.5003 -77.7167
24.4492 -77.7742
24.423 -77.8578
24.3686 -77.8717
24.2728 -78.0214
180.0 180.0
24.6433 -76.162
24.6683 -76.202
24.7508 -76.2286
24.7936 -76.3203
24.8269 -76.3133
24.8067 -76.2111
24.8744 -76.1925
24.8719 -76.2114
24.9608 -76.1986
25.0092 -76.145
25.1044 -76.1522
25.1508 -76.1831
25.2383 -76.3011
25.3525 -76.5131
25.4417 -76.7161
25.4181 -76.7792
25.5592 -76.7353
25.5578 -76.6828
25.483 -76.6564
25.3617 -76.4897
25.2819 -76.3033
25.1353 -76.1219
25.0667 -76.11
24.7575 -76.1814
24.6433 -76.162
180.0 180.0
26.5122 -78.7758
26.5764 -78.8031
26.5905 -78.682
26.6839 -78.6028
26.78 -78.6028
26.8053 -78.5861
26.7322 -78.5392
26.7014 -78.1203
26.7739 -77.9245
26.6703 -77.9
26.6394 -77.9128
26.6353 -78.2375
26.5122 -78.7758
180.0 180.0
22.858 -74.8536
23.0681 -74.9692
23.1719 -75.2289
23.1975 -75.1945
23.1436 -75.1023
23.1964 -75.1403
23.2428 -75.13
23.3639 -75.1367
23.4397 -75.2281
23.6272 -75.2995
23.6242 -75.3278
23.6678 -75.3075
23.325 -75.0981
23.1761 -75.0792
23.1244 -75.0464
23.1028 -74.9619
23.0494 -74.8997
22.8947 -74.8317
22.858 -74.8536
180.0 180.0
9.13038e-315 5.24698e-321
