CIC_MPM_VERS = 1.0
COMMENT Generated by Spacebel CCSDS library
CREATION_DATE = 2017-02-24T16:24:57.101718
ORIGINATOR = SVG² Control

META_START

USER_DEFINED_PROTOCOL = NONE
USER_DEFINED_CONTENT = REGION OF INTEREST
USER_DEFINED_SIZE = 2
USER_DEFINED_TYPE = REAL
USER_DEFINED_UNIT = [deg]

META_STOP

21.9911 90.6489
22.0289 90.6464
22.0272 90.603
22.375 90.6836
22.553 90.6428
22.6053 90.5569
22.7475 90.5736
22.7756 90.5939
22.7753 90.68
22.6553 90.7108
22.4944 90.8647
22.4119 90.8753
22.0736 90.773
21.9911 90.6489
180.0 180.0
26.2302 89.008
26.2425 89.0552
26.3356 88.9947
26.3678 88.918
26.4461 88.9539
26.385 89.0747
26.1419 89.1494
25.9983 89.4327
26.0036 89.5128
25.9622 89.553
26.0708 89.6364
26.1536 89.5891
26.2233 89.63
26.2283 89.6736
25.956 89.8536
25.9439 89.8616
25.9414 89.8633
25.8948 89.8534
25.7674 89.8266
25.7375 89.8203
25.6475 89.8633
25.3739 89.8144
25.2961 89.8378
25.185 90.3278
25.1489 90.4125
25.1761 90.7761
25.1497 90.8216
25.2078 91.2578
25.1394 91.4758
25.1819 92.003
25.1775 92.0936
25.0333 92.4022
24.8899 92.4966
24.8578 92.3894
24.9072 92.2816
24.8964 92.248
24.7425 92.2486
24.4142 92.1352
24.3789 92.098
24.3789 91.9747
24.3261 91.9977
24.3494 91.9466
24.3267 91.9177
24.2756 91.9325
24.1569 91.9
24.1814 91.8464
24.2281 91.7891
24.2392 91.7578
24.1583 91.7552
24.1489 91.7147
24.2242 91.6572
24.1131 91.6316
24.0905 91.4822
24.1105 91.4047
24.0978 91.3708
24.0339 91.3761
23.9953 91.3611
23.9744 91.2739
23.653 91.1591
23.3733 91.2822
23.105 91.34
23.0744 91.4036
23.2069 91.3775
23.2633 91.3928
23.2619 91.4261
23.1475 91.5003
23.003 91.5466
22.9431 91.6136
23.0744 91.81
23.195 91.7952
23.2567 91.7672
23.4103 91.845
23.48 91.9525
23.5128 91.9675
23.7228 91.9458
23.6783 92.005
23.6453 92.0305
23.7363 92.1744
23.6544 92.2069
23.6597 92.2272
23.7225 92.2522
23.6961 92.2889
23.5264 92.3119
23.2847 92.3836
23.2236 92.3486
22.9178 92.3944
22.8533 92.4597
22.7617 92.4686
22.7219 92.5147
22.1517 92.6044
22.1381 92.5625
21.9822 92.6013
21.3911 92.6369
21.2969 92.6694
21.2505 92.6075
21.2633 92.5853
21.3736 92.5536
21.36 92.4675
21.3822 92.4205
21.4347 92.4161
21.4742 92.3769
21.3425 92.2016
21.1792 92.1933
21.0545 92.2632
20.9192 92.2633
20.7675 92.3319
20.7486 92.3103
20.8786 92.2372
21.1525 92.0539
21.4483 91.9622
21.5508 91.9919
21.6025 92.0214
21.6617 92.015
21.6519 91.9791
21.6822 91.9611
21.7403 91.9475
21.7619 91.9847
21.7783 91.8952
21.8672 91.9097
22.0803 91.8619
22.3014 91.8019
22.4989 91.6925
22.7483 91.4791
22.8428 91.4789
22.7408 91.3722
22.7178 91.3244
22.725 91.2116
22.7158 91.1844
22.6378 91.2622
22.5994 91.2428
22.5808 91.1
22.6803 91.008
22.5886 91.0344
22.58 90.9461
22.7592 90.7803
23.0586 90.6239
23.2742 90.6622
23.3208 90.6242
23.3786 90.593
23.4761 90.6097
23.4828 90.7014
23.5072 90.6911
23.4903 90.5986
23.5467 90.5866
23.5989 90.6289
23.5797 90.5591
23.5467 90.5736
23.5158 90.5791
23.3839 90.5503
23.46 90.2516
23.3917 90.3397
23.2839 90.5803
23.2222 90.6125
23.1175 90.5986
23.0722 90.558
23.0706 90.4503
23.0483 90.4472
22.94 90.5044
22.8908 90.5109
22.8908 90.4562
22.83 90.448
22.7653 90.3961
22.7494 90.4561
22.6944 90.4952
22.5964 90.51
22.5758 90.4669
22.5819 90.5236
22.4644 90.6036
22.295 90.6108
22.2039 90.56
22.0706 90.4316
22.0956 90.3891
22.2239 90.405
22.2817 90.3944
21.8492 90.2725
21.7989 90.1897
21.8155 90.1094
21.8489 90.0864
21.9286 90.1258
21.845 90.0572
21.8669 90.0219
22.049 90.1169
22.1303 90.2278
22.1886 90.2322
21.98 90.0453
22 89.9966
22.0683 90.035
22.1225 90.0278
21.9717 89.978
21.9767 89.9486
22.0511 89.9111
22.2839 89.8758
22.4503 89.9847
22.6147 90.0432
22.4768 89.9771
22.4297 89.94
22.2672 89.8411
22.0956 89.8708
22.0669 89.8516
22.0744 89.7953
22.0269 89.8519
21.8844 89.8816
21.8258 89.7836
21.8428 89.6689
21.9178 89.6419
21.8472 89.6264
21.7794 89.7016
21.7564 89.683
21.7583 89.5914
21.7028 89.595
21.7114 89.5566
21.7533 89.5394
22.1275 89.6014
22.1991 89.5867
22.3294 89.6222
22.27 89.5772
22.1136 89.5803
21.9858 89.5389
22.0009 89.5226
22.0797 89.535
22.2914 89.4758
22.2108 89.4633
22.083 89.518
21.9075 89.5164
21.8906 89.4842
21.7756 89.4661
21.7103 89.4128
21.7181 89.3802
21.7694 89.363
21.9053 89.3819
21.9672 89.3497
21.8886 89.3558
21.8055 89.2805
21.6667 89.2928
21.6408 89.2286
21.6558 89.2016
21.7106 89.218
21.8144 89.1803
21.7839 89.1494
21.8242 89.1089
22.0988 89.0598
22.1171 89.0644
22.1486 89.0964
22.2764 89.0072
22.4655 88.9977
22.5558 88.9511
22.6341 88.9425
22.8333 88.9733
22.9608 88.8647
23.0828 88.8689
23.1958 88.9866
23.2428 88.8472
23.2433 88.7339
23.3086 88.7114
23.4603 88.79
23.6411 88.568
23.8472 88.598
23.8725 88.6141
23.9158 88.733
24.0536 88.7272
24.108 88.7077
24.1714 88.7083
24.1875 88.7439
24.2508 88.7375
24.3167 88.6911
24.3094 88.5547
24.5086 88.1255
24.6405 88.0748
24.6842 88.0433
24.8819 88.1633
24.9183 88.1352
24.9489 88.2153
24.8675 88.3322
25.0231 88.438
25.1878 88.4508
25.1831 88.5589
25.1969 88.9447
25.278 89.0064
25.3053 89.0058
25.3264 88.8825
25.4017 88.8216
25.4542 88.8411
25.5164 88.7725
25.4681 88.7011
25.5319 88.5211
25.7942 88.2875
25.815 88.2575
25.7783 88.1583
25.8692 88.1052
25.9892 88.1311
26.0339 88.1833
26.1433 88.1797
26.303 88.3739
26.3692 88.4575
26.3558 88.5225
26.45 88.4947
26.4894 88.378
26.4517 88.3536
26.4867 88.3347
26.6253 88.4011
26.5964 88.4194
26.555 88.4291
26.3919 88.6941
26.3236 88.7413
26.2894 88.6716
26.2694 88.6994
26.3 88.7636
26.2317 88.8494
26.2783 88.8836
26.2794 88.9277
26.2302 89.008
180.0 180.0
9.13038e-315 6.4525e-321
