CIC_MPM_VERS = 1.0
COMMENT Generated by Spacebel CCSDS library
CREATION_DATE = 2017-02-24T16:24:57.132719
ORIGINATOR = SVG² Control

META_START

USER_DEFINED_PROTOCOL = NONE
USER_DEFINED_CONTENT = REGION OF INTEREST
USER_DEFINED_SIZE = 2
USER_DEFINED_TYPE = REAL
USER_DEFINED_UNIT = [deg]

META_STOP

51.3755 3.37065
51.3136 3.36389
51.2444 3.43917
51.2505 3.52417
51.2883 3.52472
51.2619 3.79306
51.2169 3.80639
51.2161 3.95722
51.3303 4.215
51.3572 4.23001
51.3064 4.29389
51.3688 4.23644
51.3741 4.23944
51.358 4.41305
51.3753 4.43778
51.4169 4.39667
51.4569 4.41167
51.4828 4.54944
51.4267 4.54194
51.4275 4.67167
51.5028 4.76917
51.4922 4.82583
51.4614 4.84472
51.4255 4.81639
51.4147 4.78278
51.4014 4.94028
51.4866 5.04139
51.435 5.10444
51.3953 5.07722
51.3186 5.14389
51.3083 5.2375
51.2622 5.23889
51.2805 5.45778
51.1478 5.85546
51.0933 5.80278
51.0211 5.77583
50.9653 5.72278
50.9492 5.75917
50.8822 5.68374
50.7578 5.69861
50.7561 6.00841
50.7158 6.02861
50.7233 6.10833
50.6239 6.17139
50.6236 6.26861
50.5164 6.20083
50.4522 6.36639
50.3292 6.40028
50.2325 6.17333
50.1255 6.13183
50.1678 6.10694
50.1722 5.98
50.0097 5.81972
49.9611 5.80833
49.8941 5.73111
49.8492 5.75333
49.7953 5.74667
49.7491 5.82056
49.6628 5.89917
49.5522 5.84
49.5273 5.78304
49.5352 5.70521
49.5061 5.47305
49.6091 5.42333
49.6308 5.30722
49.66 5.32972
49.6986 5.27611
49.6905 5.21694
49.7686 5.09778
49.7964 4.85805
49.9147 4.88111
49.9778 4.80083
50.0794 4.85194
50.155 4.87639
50.1294 4.7575
49.9964 4.67361
49.9386 4.45833
49.9814 4.16833
49.9864 4.15
50.0811 4.22639
50.1378 4.13778
50.2653 4.21611
50.3144 4.09083
50.3519 3.76361
50.3136 3.72528
50.3464 3.67194
50.4441 3.66889
50.4972 3.60222
50.4955 3.36722
50.5383 3.28
50.5942 3.28139
50.7414 3.19333
50.7933 3.11305
50.7739 3.03528
50.697 2.90128
50.7556 2.78194
50.8247 2.62944
50.8872 2.6125
51.0911 2.54167
51.2575 2.97167
51.3755 3.37065
