CIC_MPM_VERS = 1.0
COMMENT Generated by Spacebel CCSDS library
CREATION_DATE = 2017-02-24T16:24:57.187218
ORIGINATOR = SVG² Control

META_START

USER_DEFINED_PROTOCOL = NONE
USER_DEFINED_CONTENT = REGION OF INTEREST
USER_DEFINED_SIZE = 2
USER_DEFINED_TYPE = REAL
USER_DEFINED_UNIT = [deg]

META_STOP

18.2162 -88.6177
18.4678 -88.4922
18.4897 -88.4053
18.4852 -88.282
18.4092 -88.3431
18.3789 -88.3864
18.3511 -88.3786
18.3689 -88.3164
18.2955 -88.3586
18.3531 -88.2086
18.3361 -88.1833
18.3744 -88.0967
18.3492 -88.0939
18.1928 -88.0822
17.9733 -88.1461
17.8903 -88.2025
17.7106 -88.2275
17.6361 -88.2814
17.5747 -88.2769
17.5097 -88.172
17.4897 -88.2075
17.483 -88.2431
17.205 -88.2995
17.0978 -88.28
16.9828 -88.2122
16.89 -88.2792
16.8158 -88.2489
16.775 -88.2995
16.6028 -88.3475
16.5375 -88.3917
16.4378 -88.4164
16.2664 -88.5575
16.2458 -88.6908
16.2183 -88.7414
16.1469 -88.7458
15.9892 -88.9242
15.8927 -88.911
15.8981 -88.9808
15.8897 -89.2178
16.1386 -89.2022
16.475 -89.1806
16.8114 -89.1583
17.1475 -89.1442
17.4833 -89.1428
17.8187 -89.1424
17.9559 -89.1434
18.0056 -89.0358
17.8775 -88.8486
17.9884 -88.7734
18.0606 -88.7106
18.1856 -88.6811
18.2162 -88.6177
