CIC_MPM_VERS = 1.0
COMMENT Generated by Spacebel CCSDS library
CREATION_DATE = 2017-02-24T16:24:57.213718
ORIGINATOR = SVG² Control

META_START

USER_DEFINED_PROTOCOL = NONE
USER_DEFINED_CONTENT = REGION OF INTEREST
USER_DEFINED_SIZE = 2
USER_DEFINED_TYPE = REAL
USER_DEFINED_UNIT = [deg]

META_STOP

11.8899 2.40156
11.9044 2.41
11.9333 2.39028
11.9778 2.47056
12.0242 2.44528
12.1664 2.38361
12.2403 2.37806
12.3047 2.64528
12.2903 2.68639
12.3775 2.77111
12.3933 2.8435
12.0639 3.19555
12.0172 3.25389
11.89 3.31222
11.8558 3.46889
11.7569 3.55889
11.6917 3.60549
11.4297 3.475
11.135 3.69417
11.1167 3.73917
10.7944 3.75389
10.703 3.84667
10.585 3.855
10.4028 3.78944
10.4497 3.68889
10.4117 3.63722
10.2753 3.58194
10.1511 3.68444
9.94805 3.60944
9.84416 3.52528
9.80916 3.34667
9.75583 3.33111
9.68194 3.36333
9.63611 3.31722
9.63583 3.26333
9.44111 3.14167
9.27444 3.17028
9.09055 3.095
9.06111 2.9875
9.05416 2.78833
8.58805 2.75583
8.08305 2.72583
7.89365 2.68213
7.80861 2.74222
7.63972 2.73333
7.5475 2.76278
7.41722 2.80722
7.41944 2.7575
7.13444 2.77861
7.09916 2.74778
7.04 2.79833
6.95444 2.72528
6.68861 2.79889
6.62194 2.74167
6.36446 2.7187
6.325 2.29444
6.23666 1.72306
6.21068 1.63417
6.28093 1.79996
6.3925 1.77139
6.67972 1.57528
6.75778 1.62305
6.99528 1.54861
6.99555 1.6425
7.26555 1.64444
8.35777 1.63472
8.37472 1.61305
8.49694 1.66083
8.54805 1.62472
8.88111 1.62778
9.11694 1.59639
9.25639 1.47361
9.5425 1.3375
9.59666 1.36833
9.99527 1.355
10.3767 0.776667
10.5244 0.785278
10.9958 0.917435
10.9958 0.967778
11.0803 0.978889
11.0403 1.10278
11.1397 1.06389
11.1628 1.15639
11.2494 1.13278
11.2772 1.15389
11.2592 1.27278
11.2914 1.30861
11.4397 1.3975
11.4642 1.5
11.3883 1.60917
11.4267 1.76611
11.4286 1.90268
11.4253 2.01917
11.6792 2.31386
11.7647 2.33805
11.8899 2.40156
