CIC_MPM_VERS = 1.0
COMMENT Generated by Spacebel CCSDS library
CREATION_DATE = 2017-02-24T16:24:57.225719
ORIGINATOR = SVG² Control

META_START

USER_DEFINED_PROTOCOL = NONE
USER_DEFINED_CONTENT = REGION OF INTEREST
USER_DEFINED_SIZE = 2
USER_DEFINED_TYPE = REAL
USER_DEFINED_UNIT = [deg]

META_STOP

32.2606 -64.8231
32.2614 -64.8311
32.2614 -64.8383
32.2625 -64.8461
32.2644 -64.8522
32.2667 -64.8583
32.2706 -64.8578
32.2719 -64.8519
32.2725 -64.8456
32.2706 -64.8394
32.2683 -64.8333
32.2692 -64.8267
32.2697 -64.82
32.2711 -64.8142
32.2725 -64.8075
32.2739 -64.8014
32.2758 -64.7964
32.2775 -64.7906
32.2786 -64.7847
32.2817 -64.78
32.2861 -64.7772
32.29 -64.7806
32.2931 -64.7847
32.2969 -64.7883
32.2992 -64.7831
32.3011 -64.7778
32.3025 -64.7719
32.3047 -64.7669
32.3069 -64.7617
32.3092 -64.7564
32.3111 -64.7511
32.3122 -64.7478
32.3153 -64.7456
32.3189 -64.7419
32.3228 -64.7381
32.3264 -64.7342
32.33 -64.7306
32.3336 -64.7267
32.3367 -64.7222
32.3403 -64.7183
32.3447 -64.715
32.3492 -64.7122
32.3536 -64.7089
32.3581 -64.7058
32.3625 -64.7025
32.3669 -64.6994
32.3714 -64.6964
32.375 -64.6925
32.3778 -64.6881
32.3808 -64.6836
32.3822 -64.6778
32.38 -64.6717
32.375 -64.6742
32.3728 -64.6792
32.37 -64.6836
32.3669 -64.6883
32.3633 -64.6919
32.3597 -64.6958
32.3544 -64.6983
32.3483 -64.7
32.3436 -64.6986
32.3397 -64.6947
32.3353 -64.6925
32.33 -64.6947
32.3286 -64.7006
32.3275 -64.7067
32.3253 -64.7117
32.3222 -64.7164
32.3203 -64.7214
32.3164 -64.7253
32.3128 -64.7289
32.31 -64.7336
32.3061 -64.7375
32.3025 -64.7411
32.2989 -64.745
32.2953 -64.7489
32.2922 -64.7533
32.2886 -64.7569
32.285 -64.7611
32.2819 -64.7653
32.2792 -64.77
32.2769 -64.7753
32.2733 -64.7792
32.2706 -64.7833
32.2683 -64.7889
32.2661 -64.7939
32.2639 -64.7992
32.2625 -64.8033
32.2617 -64.8097
32.2611 -64.8164
32.2606 -64.8231
