CIC_MPM_VERS = 1.0
COMMENT Generated by Spacebel CCSDS library
CREATION_DATE = 2017-02-24T16:24:57.255719
ORIGINATOR = SVG² Control

META_START

USER_DEFINED_PROTOCOL = NONE
USER_DEFINED_CONTENT = REGION OF INTEREST
USER_DEFINED_SIZE = 2
USER_DEFINED_TYPE = REAL
USER_DEFINED_UNIT = [deg]

META_STOP

27.1473 88.7505
27.253 88.8064
27.2822 88.9014
27.321 88.9179
27.4736 88.9711
27.5675 89.1258
27.795 89.2255
27.8717 89.36
28.14 89.5861
28.2489 89.8316
28.3233 89.9964
28.2578 90.3661
28.2355 90.3961
28.0797 90.3825
28.0506 90.8969
27.9778 91.0158
27.9711 91.1089
28.0967 91.315
28.0525 91.338
27.948 91.6583
27.8889 91.6669
27.7651 91.6596
27.6667 91.6008
27.625 91.598
27.5364 91.6313
27.4569 91.7655
27.4161 91.7753
27.4719 92.0078
27.2858 92.1144
27.1681 92.0153
27.0808 92.0155
27.0228 92.0833
26.9203 92.1122
26.8619 92.07
26.8519 91.9972
26.8939 91.9153
26.8542 91.9169
26.8633 91.8358
26.8 91.7125
26.8044 91.5422
26.8747 91.4922
26.8733 91.4189
26.8008 91.3714
26.778 91.3075
26.7742 90.6825
26.9036 90.3922
26.8942 90.3441
26.7533 90.143
26.7358 89.99
26.7014 89.8419
26.7269 89.6183
26.7711 89.6361
26.86 89.3608
26.8147 89.2208
26.8292 89.1102
26.9878 88.9216
26.955 88.873
27.0805 88.8677
27.1086 88.8433
27.1473 88.7505
