CIC_MPM_VERS = 1.0
COMMENT Generated by Spacebel CCSDS library
CREATION_DATE = 2017-02-24T16:24:57.318719
ORIGINATOR = SVG² Control

META_START

USER_DEFINED_PROTOCOL = NONE
USER_DEFINED_CONTENT = REGION OF INTEREST
USER_DEFINED_SIZE = 2
USER_DEFINED_TYPE = REAL
USER_DEFINED_UNIT = [deg]

META_STOP

-16.2155 -68.9588
-16.2075 -68.9703
-16.2155 -69.1008
-16.2186 -69.1506
-16.1564 -69.2147
-15.6181 -69.4222
-15.5122 -69.3686
-15.4306 -69.3272
-15.4042 -69.2758
-15.3572 -69.2856
-15.2547 -69.1406
-15.2253 -69.1381
-15.1111 -69.2781
-14.9589 -69.3842
-14.7936 -69.3617
-14.7253 -69.2397
-14.6164 -69.245
-14.5703 -69.2208
-14.5723 -69.1537
-14.3675 -68.9792
-14.3336 -69.007
-14.2303 -68.9844
-14.1992 -68.8533
-14.11 -68.8678
-13.9617 -68.9775
-13.8617 -68.9822
-13.6744 -69.0856
-13.6436 -69.08
-13.6342 -69.0117
-13.4833 -68.9642
-12.9264 -68.9747
-12.7589 -68.8819
-12.7303 -68.8042
-12.6697 -68.7314
-12.6178 -68.7811
-12.5195 -68.6875
-12.3086 -68.7708
-11.6322 -69.1503
-10.9505 -69.5674
-10.9664 -69.0697
-11.0161 -68.8683
-11.0097 -68.7525
-11.1197 -68.7844
-11.1397 -68.7645
-11.1046 -68.5792
-10.9856 -68.2894
-10.7053 -68.1019
-10.6592 -68.015
-10.6633 -67.8222
-10.6943 -67.7035
-10.61 -67.6743
-10.3167 -67.3003
-10.3132 -67.158
-10.0067 -66.7792
-9.89167 -66.5594
-9.78834 -66.0592
-9.80695 -66.0292
-9.75639 -65.8236
-9.7825 -65.7986
-9.73195 -65.7828
-9.77 -65.7592
-9.75028 -65.7061
-9.83306 -65.6131
-9.83639 -65.57
-9.68278 -65.4383
-9.69778 -65.3819
-9.83722 -65.3014
-10.0261 -65.3336
-10.1956 -65.2889
-10.2939 -65.3136
-10.3953 -65.3961
-10.4458 -65.4042
-10.5147 -65.4439
-10.7989 -65.4094
-10.8511 -65.3281
-10.9728 -65.2994
-11.1642 -65.4003
-11.2933 -65.385
-11.332 -65.3256
-11.3806 -65.352
-11.4889 -65.3156
-11.51 -65.2314
-11.65 -65.1875
-11.7186 -65.2089
-11.7725 -65.165
-11.6939 -65.1208
-11.9111 -64.9953
-11.97 -65.0172
-12.0106 -64.9875
-12.0275 -64.8119
-12.1531 -64.7367
-12.1 -64.6914
-12.1686 -64.6806
-12.242 -64.5197
-12.2356 -64.485
-12.2825 -64.4692
-12.3642 -64.4986
-12.4617 -64.3942
-12.5328 -63.9583
-12.5447 -63.9183
-12.465 -63.8136
-12.4692 -63.6783
-12.7044 -63.2414
-12.6361 -63.1367
-12.6528 -63.0706
-12.835 -62.9981
-13.0108 -62.7792
-12.9661 -62.6936
-13.0586 -62.5839
-13.0711 -62.4694
-13.1419 -62.3947
-13.1483 -62.1219
-13.3486 -62.0172
-13.4522 -61.8744
-13.5386 -61.8417
-13.5261 -61.695
-13.5072 -61.5939
-13.5483 -61.5297
-13.5464 -61.4494
-13.4878 -61.3383
-13.5269 -61.1605
-13.4736 -61.0675
-13.5153 -61.04
-13.6786 -60.795
-13.7997 -60.4828
-13.9845 -60.3842
-14.1514 -60.4808
-14.2964 -60.4486
-14.4833 -60.3464
-14.6022 -60.3539
-14.818 -60.4326
-15.0928 -60.3839
-15.0975 -60.5717
-15.4786 -60.2272
-16.2631 -60.1603
-16.2914 -59.4608
-16.3189 -58.7578
-16.33 -58.4406
-16.2767 -58.3867
-16.2792 -58.3275
-16.4405 -58.3555
-16.5056 -58.3472
-16.6386 -58.4664
-16.9003 -58.4645
-17.2483 -58.3981
-17.3547 -58.2092
-17.4403 -57.9439
-17.4934 -57.8739
-17.5858 -57.7522
-17.5953 -57.7397
-17.6369 -57.7753
-18.1004 -57.5826
-18.1414 -57.5656
-18.1777 -57.5042
-18.2047 -57.4586
-18.2386 -57.4911
-18.2389 -57.5519
-18.9097 -57.7728
-18.947 -57.7167
-19.0483 -57.7047
-19.0811 -57.7939
-19.7403 -58.1217
-19.9789 -57.8478
-20.1689 -58.1582
-19.8281 -58.1517
-19.7825 -58.2325
-19.3481 -59.1019
-19.2967 -59.9908
-19.4592 -60.6136
-19.645 -61.7428
-20.08 -61.9131
-20.5622 -62.2695
-21.0569 -62.2592
-22.2366 -62.6387
-22.1228 -62.7894
-21.9964 -62.8092
-22.0008 -63.9411
-22.3428 -64.1158
-22.4328 -64.1461
-22.6339 -64.2753
-22.8736 -64.325
-22.8472 -64.3458
-22.6322 -64.4567
-22.5428 -64.4333
-22.3614 -64.5661
-22.2764 -64.5392
-22.2436 -64.5619
-22.1711 -64.6703
-22.1814 -64.7228
-22.0908 -64.9886
-22.1 -65.5989
-22.1022 -65.7681
-21.9333 -65.9264
-21.9167 -66.0414
-21.8319 -66.0775
-21.7875 -66.2317
-21.9572 -66.2736
-22.1145 -66.3456
-22.2275 -66.7369
-22.427 -66.775
-22.5239 -67.0228
-22.6428 -67.0125
-22.7181 -67.123
-22.8216 -67.1837
-22.9011 -67.5795
-22.8781 -67.7933
-22.8281 -67.8764
-22.4383 -67.8861
-22.2961 -67.9358
-22.2419 -67.9225
-22.0647 -67.9706
-21.9669 -68.0844
-21.7425 -68.1058
-21.6064 -68.1886
-21.2969 -68.1886
-20.9392 -68.4211
-20.9394 -68.5003
-20.9095 -68.5508
-20.7422 -68.5675
-20.6447 -68.4661
-20.6078 -68.4886
-20.5097 -68.6847
-20.4331 -68.7495
-20.3761 -68.7575
-20.3278 -68.6683
-20.2311 -68.7261
-20.1492 -68.7103
-20.1317 -68.7747
-20.1033 -68.7869
-20.0567 -68.6506
-20.0575 -68.5744
-19.8447 -68.5411
-19.7406 -68.697
-19.7008 -68.685
-19.4445 -68.4808
-19.4372 -68.4375
-19.3989 -68.4622
-19.1778 -68.7408
-18.9675 -68.9525
-18.8828 -68.9328
-18.7431 -69.0008
-18.4664 -69.0272
-18.1378 -69.1481
-18.0772 -69.075
-18.0181 -69.0786
-18.0275 -69.1397
-17.9636 -69.2656
-17.9633 -69.3033
-17.7814 -69.3356
-17.6289 -69.4914
-17.5053 -69.4997
-17.3789 -69.5011
-17.2953 -69.5909
-17.2858 -69.6525
-17.1867 -69.6181
-17.0508 -69.3858
-17.0206 -69.4111
-16.9825 -69.3436
-16.7206 -69.1664
-16.7072 -69.0945
-16.6447 -69.0025
-16.6031 -69.0378
-16.5714 -69.0375
-16.5409 -69.0281
-16.4197 -68.9908
-16.3514 -68.8261
-16.3025 -68.8336
-16.2707 -68.8793
-16.243 -68.9192
-16.2155 -68.9588
