CIC_MPM_VERS = 1.0
COMMENT Generated by Spacebel CCSDS library
CREATION_DATE = 2017-02-24T16:24:57.326718
ORIGINATOR = SVG² Control

META_START

USER_DEFINED_PROTOCOL = NONE
USER_DEFINED_CONTENT = REGION OF INTEREST
USER_DEFINED_SIZE = 2
USER_DEFINED_TYPE = REAL
USER_DEFINED_UNIT = [deg]

META_STOP

42.944 17.5796
42.9633 17.6767
42.9822 17.6842
43.0769 17.6303
43.1611 17.4533
43.2303 17.3944
43.2808 17.2981
43.4144 17.2561
43.4444 17.2719
43.4597 17.2617
43.5136 17.0983
43.5861 16.9764
43.7192 16.8408
43.7861 16.7228
43.8506 16.7014
44.0136 16.5372
44.0319 16.4389
44.0817 16.3547
44.1572 16.3022
44.1967 16.2494
44.1994 16.1431
44.2147 16.1783
44.3058 16.1839
44.3358 16.225
44.3939 16.1592
44.5047 16.1214
44.5539 16.0425
44.7 15.9569
44.7144 15.8547
44.7761 15.7675
44.8169 15.7364
44.8553 15.7983
44.9192 15.7697
44.9953 15.7875
45.0736 15.7647
45.1203 15.7844
45.1619 15.7811
45.2119 15.8342
45.2286 15.9367
45.2158 15.9517
45.215 16.0231
45.1594 16.0519
45.1281 16.1119
45.095 16.1206
45.0856 16.16
45.0344 16.2097
45.0006 16.2925
45.0058 16.3536
45.0903 16.4
45.1183 16.395
45.1444 16.4594
45.1856 16.4761
45.2244 16.5258
45.2306 16.595
45.1872 16.8239
45.2739 16.9136
45.2656 16.9397
45.2344 16.9322
45.2336 16.9686
45.2494 16.9722
45.2269 16.9903
45.2392 17.0106
45.2161 17.0083
45.2267 17.0356
45.1881 17.0706
45.1483 17.1769
45.1483 17.2403
45.1869 17.2672
45.1406 17.3722
45.1419 17.4228
45.1592 17.4494
45.1281 17.4508
45.1364 17.4944
45.1108 17.4833
45.1111 17.5281
45.1317 17.5497
45.1108 17.5558
45.1089 17.5961
45.1367 17.6703
45.0492 17.8517
45.08 17.9328
45.1089 17.9339
45.1128 17.9639
45.1522 18.0017
45.1289 18.0322
45.1392 18.07
45.1044 18.0694
45.0831 18.1194
45.0847 18.2053
45.1297 18.2164
45.1386 18.2517
45.1031 18.3231
45.1064 18.4297
45.065 18.4739
45.0472 18.5272
45.0761 18.5494
45.0956 18.535
45.0689 18.5747
45.0944 18.5731
45.0842 18.6097
45.0947 18.6386
45.0625 18.6122
45.0578 18.6553
45.0878 18.66
45.0942 18.6756
45.0772 18.6869
45.0617 18.6692
45.0219 18.7314
44.9994 18.7311
44.9969 18.7939
44.9494 18.8008
44.9447 18.7633
44.9158 18.7678
44.8631 18.8408
44.8606 19.0381
44.9233 19.1767
44.9014 19.2086
44.9158 19.2503
44.8935 19.3546
44.8628 19.3822
44.8528 19.3553
44.8314 19.3608
44.7797 19.3353
44.7692 19.3458
44.7044 19.3136
44.68 19.2703
44.59 19.2172
44.5764 19.1861
44.5483 19.1908
44.5183 19.1253
44.4383 19.1467
44.4139 19.1389
44.3992 19.11
44.3558 19.1042
44.2844 19.1653
44.2925 19.2019
44.2647 19.2394
44.2725 19.3189
44.1844 19.3583
44.1422 19.4425
44.1519 19.4767
44.1281 19.4697
44.0894 19.5039
44.0703 19.5583
44.0514 19.5678
44.0678 19.5958
44.0519 19.6197
44.0186 19.6192
43.9581 19.5081
43.9656 19.3736
44.0136 19.2386
43.9622 19.2506
43.7633 19.4875
43.6797 19.5108
43.5908 19.4917
43.5733 19.5111
43.5844 19.4086
43.6164 19.3717
43.5933 19.3158
43.5442 19.2875
43.5133 19.2292
43.5294 19.1767
43.5086 19.07
43.5356 19.0539
43.5561 19.0117
43.5222 18.9869
43.5094 18.9494
43.4544 18.9567
43.4356 19.0231
43.3919 19.0206
43.3164 19.0911
43.2481 19.0722
43.2325 19.0481
43.2392 19.0167
43.2842 18.9814
43.2933 18.9542
43.3228 18.9603
43.3569 18.9194
43.3489 18.8475
43.3328 18.8558
43.2525 18.6978
43.2144 18.7075
43.1392 18.6439
43.0803 18.6592
43.0442 18.65
43.0172 18.5356
42.9719 18.4839
42.8617 18.4908
42.8286 18.4547
42.7311 18.5158
42.7122 18.5603
42.655 18.5775
42.6211 18.5539
42.5645 18.4553
42.6064 18.4119
42.6267 18.3625
42.6183 18.2686
42.7508 18.1003
42.7614 17.9989
42.8111 17.9225
42.8192 17.8828
42.8597 17.8453
42.9036 17.8425
42.9203 17.8214
42.9039 17.7864
42.9272 17.6981
42.8913 17.6555
42.9425 17.5833
42.944 17.5796
