CIC_MPM_VERS = 1.0
COMMENT Generated by Spacebel CCSDS library
CREATION_DATE = 2017-02-24T16:24:57.332219
ORIGINATOR = SVG² Control

META_START

USER_DEFINED_PROTOCOL = NONE
USER_DEFINED_CONTENT = REGION OF INTEREST
USER_DEFINED_SIZE = 2
USER_DEFINED_TYPE = REAL
USER_DEFINED_UNIT = [deg]

META_STOP

-18.3174 20.9954
-18.3044 21.4625
-17.9981 23.2915
-18.2264 23.4619
-18.3172 23.5489
-18.4672 23.5708
-18.4853 23.6155
-18.3225 23.8233
-18.1644 23.9889
-17.9467 24.3819
-18.0081 24.4642
-18.0595 24.4961
-18.0206 24.6019
-17.8406 24.8233
-17.7977 25.2658
-17.8944 25.2367
-18.0658 25.3092
-18.1225 25.3933
-18.5311 25.6594
-18.6817 25.7975
-18.777 25.8083
-18.9456 25.9733
-19.1003 25.9619
-19.5447 26.1919
-19.5972 26.348
-19.6544 26.3258
-19.6758 26.4044
-19.7311 26.4411
-19.7992 26.5886
-19.8545 26.6108
-20.0097 26.9697
-20.0003 27.0267
-20.0917 27.22
-20.3025 27.2972
-20.4947 27.2875
-20.465 27.3572
-20.5099 27.714
-20.5675 27.7247
-20.6067 27.7008
-20.812 27.7194
-21.0636 27.6853
-21.1456 27.7394
-21.3139 27.9086
-21.562 28.0128
-21.5967 28.2028
-21.6031 28.3572
-21.6608 28.4919
-21.6311 28.5681
-21.8208 29.0808
-21.8251 29.0833
-21.8947 29.0378
-21.9742 29.0372
-22.0378 29.0739
-22.077 29.1567
-22.0665 29.2582
-22.1914 29.3705
-22.2242 29.0875
-22.3133 28.9606
-22.3864 28.9658
-22.4583 28.9178
-22.5633 28.6344
-22.5736 28.4397
-22.6847 28.1842
-22.78 28.1492
-22.8411 28.0428
-22.8814 28.0522
-22.9244 28.0244
-22.9556 27.9386
-23.0581 27.9283
-23.1092 27.8175
-23.1653 27.7861
-23.23 27.7369
-23.2203 27.6014
-23.2894 27.5728
-23.3836 27.5205
-23.3908 27.3958
-23.5767 27.1028
-23.6608 27.0672
-23.6547 27.0325
-23.6486 26.9992
-23.7536 26.9594
-24.2645 26.8453
-24.4369 26.555
-24.5806 26.4647
-24.6304 26.4029
-24.6189 26.36
-24.7387 25.8659
-25.0281 25.8322
-25.621 25.5871
-25.7464 25.3864
-25.7622 25.1522
-25.7286 25.0369
-25.8308 24.8078
-25.7631 24.5044
-25.7356 24.4461
-25.7628 24.3933
-25.6967 24.2661
-25.6217 24.1503
-25.6589 24.0003
-25.6225 24.0072
-25.5742 23.8442
-25.4622 23.7344
-25.3339 23.4964
-25.2783 23.4583
-25.3003 23.1047
-25.3839 22.9264
-25.5639 22.813
-25.6681 22.8189
-25.7889 22.7303
-25.8231 22.7692
-25.9372 22.7225
-25.9992 22.7128
-26.215 22.4619
-26.4278 22.1794
-26.6147 22.0672
-26.6683 21.8989
-26.6717 21.7914
-26.6919 21.76
-26.7708 21.7786
-26.8531 21.6931
-26.8533 21.5236
-26.8275 21.3486
-26.8667 21.1442
-26.7947 20.8972
-26.8947 20.6923
-26.8128 20.6369
-26.4492 20.6114
-26.3861 20.6933
-26.1336 20.8608
-25.7819 20.7567
-25.6794 20.6797
-25.5789 20.6878
-25.5189 20.6319
-25.4592 20.6733
-25.38 20.5555
-25.0369 20.39
-24.8922 20.175
-24.7636 20.0014
-23.4267 19.9989
-22.0739 19.9967
-22.0014 19.9958
-21.997 20.9919
-20.6472 20.9933
-19.2997 20.9936
-18.3174 20.9954
