CIC_MPM_VERS = 1.0
COMMENT Generated by Spacebel CCSDS library
CREATION_DATE = 2017-02-24T16:24:57.404218
ORIGINATOR = SVG² Control

META_START

USER_DEFINED_PROTOCOL = NONE
USER_DEFINED_CONTENT = REGION OF INTEREST
USER_DEFINED_SIZE = 2
USER_DEFINED_TYPE = REAL
USER_DEFINED_UNIT = [deg]

META_STOP

-0.962222 -51.14
-0.875833 -51.137
-0.703333 -51.0775
-0.568182 -50.8328
-0.5875 -50.8094
-0.689444 -50.82
-0.719722 -50.9239
-0.938333 -51.1075
-0.962222 -51.14
180.0 180.0
-27.8111 -48.567
-27.4289 -48.5011
-27.3889 -48.4183
-27.4436 -48.372
-27.7928 -48.5211
-27.8111 -48.567
180.0 180.0
0.171111 -50.4411
0.193889 -50.5211
0.226111 -50.5367
0.420556 -50.4264
0.535 -50.4364
0.619926 -50.3704
0.308889 -50.3178
0.252222 -50.3383
0.171111 -50.4411
180.0 180.0
-0.0733334 -49.9931
0.00138889 -50.0789
0.0169444 -50.3383
0.113611 -50.4003
0.189722 -50.3922
0.336389 -49.7158
0.280278 -49.6342
0.210278 -49.6439
0.120555 -49.8075
-0.0363889 -49.9178
-0.0733334 -49.9931
180.0 180.0
-0.278333 -50.8481
-0.233889 -51.0111
-0.176944 -51.0214
-0.09 -50.9728
-0.0172222 -50.6553
-0.0105556 -50.6139
-0.0625 -50.5572
-0.278333 -50.8481
180.0 180.0
-0.485278 -51.3983
-0.434722 -51.3994
-0.379722 -51.3089
-0.220833 -51.2531
-0.121969 -51.1177
-0.260556 -51.0919
-0.468889 -51.3536
-0.485278 -51.3983
180.0 180.0
-1.47667 -51.9119
-1.45611 -51.9456
-1.42333 -51.9497
-1.31722 -51.8839
-1.18694 -51.8881
-1.11917 -51.6906
-1.05556 -51.6525
-0.900556 -51.6653
-0.677778 -51.5667
-0.550278 -51.3983
-0.531389 -51.1969
-0.669722 -51.1483
-1.01417 -51.2717
-1.37389 -51.6756
-1.45333 -51.7989
-1.47667 -51.9119
180.0 180.0
0.344722 -50.245
0.351944 -50.3019
0.472778 -50.3178
0.585833 -50.257
0.650278 -50.0717
0.595277 -50.0247
0.541944 -50.0231
0.344722 -50.245
180.0 180.0
-0.156389 -49.6947
-0.104167 -49.832
-0.0644445 -49.8528
0.0813889 -49.5911
0.0513889 -49.4425
-0.0194445 -49.3895
-0.0686111 -49.3814
-0.118056 -49.4375
-0.156389 -49.6947
180.0 180.0
-1.83083 -50.4525
-1.76306 -50.6278
-1.63167 -50.6481
-1.44056 -50.8036
-1.10844 -50.7924
-1.10806 -50.7581
-1.18417 -50.5594
-1.13 -50.6239
-1.04111 -50.4806
-1.02583 -50.5295
-1.0925 -50.6422
-1.09861 -50.7167
-1.06694 -50.7692
-0.984167 -50.7953
-0.819722 -50.7753
-0.816389 -50.7361
-0.705278 -50.7853
-0.558611 -50.7369
-0.677222 -50.6086
-0.682778 -50.5428
-0.587294 -50.6467
-0.497778 -50.7267
-0.279167 -50.6581
-0.179722 -50.5656
-0.115278 -50.4442
-0.126944 -50.1419
-0.243333 -49.5195
-0.222778 -49.4403
-0.114444 -49.1736
-0.165278 -49.0294
-0.271667 -48.3961
-0.296111 -48.3661
-0.377778 -48.3745
-0.511945 -48.4595
-0.734722 -48.4947
-0.743056 -48.5094
-0.691667 -48.5686
-0.827778 -48.5253
-0.895833 -48.5372
-0.998611 -48.6603
-1.05472 -48.6233
-1.25889 -48.7895
-1.40611 -48.8258
-1.41583 -48.8639
-1.45417 -48.8433
-1.52472 -48.9528
-1.6225 -49.2289
-1.63222 -49.4311
-1.61389 -49.4714
-1.51861 -49.5153
-1.6225 -49.5111
-1.69667 -49.5514
-1.81639 -49.7128
-1.80833 -49.7333
-1.63972 -49.7458
-1.64528 -49.7692
-1.75278 -49.7436
-1.79583 -49.7645
-1.81583 -49.8131
-1.70694 -50.0497
-1.77667 -50.1742
-1.77389 -50.3675
-1.80222 -50.2989
-1.81778 -50.3033
-1.83083 -50.4525
180.0 180.0
5.20528 -60.7329
5.21666 -60.667
5.17639 -60.4406
5.27361 -60.2006
5.22591 -60.1114
5.13444 -60.0519
5.09305 -59.9747
4.70722 -60.0258
4.57333 -60.1522
4.5175 -60.1478
4.43028 -59.7547
4.38889 -59.6761
4.30944 -59.7128
4.2275 -59.7328
4.16722 -59.7053
4.14639 -59.6358
4.01639 -59.5986
3.9525 -59.5189
3.62833 -59.7606
3.56389 -59.8583
3.46805 -59.8214
3.28694 -59.8597
2.91139 -59.9769
2.62667 -59.9653
2.33055 -59.8497
2.28722 -59.7347
1.86528 -59.7519
1.84639 -59.6311
1.77139 -59.6781
1.73111 -59.6428
1.71889 -59.5314
1.37917 -59.2328
1.33118 -59.0005
1.30278 -58.9283
1.20194 -58.8658
1.18555 -58.8072
1.22861 -58.7264
1.28694 -58.6953
1.26778 -58.5156
1.32055 -58.4711
1.45055 -58.5039
1.54944 -58.3475
1.60333 -58.3119
1.56583 -58.2528
1.51222 -58.0139
1.60139 -57.9747
1.65694 -57.9808
1.68222 -57.8253
1.72055 -57.7536
1.69806 -57.5644
1.73639 -57.5075
1.95555 -57.3531
1.98139 -57.3031
1.94722 -57.2369
2.02389 -57.1006
2.01083 -57.0675
1.95278 -57.0531
1.91639 -56.9792
1.91361 -56.6708
1.93972 -56.6283
1.90333 -56.5547
1.94446 -56.4709
1.84944 -55.9567
1.89722 -55.9017
2.04528 -55.9017
2.25278 -56.1319
2.34389 -56.098
2.35 -56.0372
2.48 -55.9847
2.5225 -55.9828
2.53194 -55.9472
2.40111 -55.7289
2.42806 -55.38
2.51139 -55.3308
2.52167 -55.2822
2.49722 -55.2589
2.5725 -55.1503
2.52722 -55.1119
2.61611 -54.9539
2.58139 -54.9561
2.55472 -54.9725
2.44028 -54.8678
2.43555 -54.8067
2.47111 -54.76
2.45389 -54.6892
2.33694 -54.6967
2.32111 -54.6783
2.31978 -54.6154
2.31833 -54.547
2.21833 -54.4769
2.14667 -54.2492
2.1725 -54.1806
2.12055 -54.1442
2.11305 -54.105
2.19444 -53.9989
2.22472 -53.9325
2.27194 -53.9322
2.30944 -53.8175
2.35417 -53.7967
2.37389 -53.745
2.28833 -53.6481
2.25667 -53.4717
2.35278 -53.3397
2.25805 -53.2189
2.1925 -53.265
2.2225 -53.1186
2.19583 -52.9164
2.51555 -52.5675
2.86333 -52.4458
3.06444 -52.3356
3.15417 -52.3442
3.445 -52.1033
3.84361 -51.8497
4.03185 -51.6864
4.23778 -51.5656
4.36416 -51.5594
4.39139 -51.5375
4.22416 -51.3247
3.99722 -51.1678
3.76611 -51.172
3.86583 -51.1419
3.91167 -51.1119
3.88111 -51.0786
3.25861 -51.0514
2.93555 -50.9344
2.80278 -50.9253
2.78222 -50.8772
2.61333 -50.8158
2.48805 -50.84
2.49611 -50.795
2.41333 -50.7336
2.16472 -50.68
2.1375 -50.707
2.15389 -50.7933
2.05583 -50.7714
2.04694 -50.7489
2.10528 -50.7381
2.1325 -50.6697
2.09556 -50.597
2.02778 -50.5936
1.82583 -50.4453
1.7875 -50.0569
1.70055 -49.9253
1.53889 -49.8825
1.31417 -49.9003
1.21417 -50.1219
1.20722 -50.0994
1.25111 -49.922
1.20667 -49.9044
1.15028 -49.9147
0.945555 -50.132
0.888055 -50.2631
0.831111 -50.2856
0.736666 -50.3417
0.336389 -50.64
0.166389 -50.7994
0.1725 -50.8689
0.132222 -50.9653
-0.0625 -51.1033
-0.102222 -51.2106
-0.191389 -51.2975
-0.403056 -51.4014
-0.561945 -51.5372
-0.792222 -51.715
-1.01695 -51.7097
-1.14306 -51.8414
-1.15056 -51.9017
-1.1925 -51.935
-1.29445 -51.9164
-1.34444 -51.935
-1.41917 -52.0503
-1.40889 -52.1239
-1.34861 -52.1936
-1.34528 -52.2328
-1.57 -52.7125
-1.60278 -52.7014
-1.53694 -52.2772
-1.59806 -52.23
-1.66861 -52.2389
-1.62139 -52.14
-1.61111 -52.0011
-1.40472 -51.6703
-1.32472 -51.445
-1.25 -51.3961
-1.24389 -51.3336
-0.998611 -50.9931
-0.930556 -51.0006
-0.921667 -50.9533
-0.912222 -50.9106
-0.938889 -50.817
-1.18139 -50.8025
-1.29028 -50.8275
-1.44945 -50.8128
-1.64056 -50.6769
-1.76778 -50.6642
-1.78317 -50.7118
-1.88611 -50.7786
-1.89833 -50.8217
-1.83 -50.9925
-1.81889 -51.1336
-1.72917 -51.0994
-1.78389 -51.1597
-1.73278 -51.2356
-1.75195 -51.2658
-1.67917 -51.2814
-1.64694 -51.3372
-1.78556 -51.4286
-1.76361 -51.5094
-1.80945 -51.5494
-1.77861 -51.4942
-1.83806 -51.4222
-2.03056 -51.5189
-2.24694 -51.4733
-2.33422 -51.3758
-2.24445 -51.4547
-1.98417 -51.4425
-1.76889 -51.3156
-1.86833 -51.1567
-2.02639 -50.9914
-2.16 -51.0072
-2.24694 -51.0453
-2.44 -50.9667
-2.50583 -50.8369
-2.38563 -50.9554
-2.22639 -51.0217
-2.00944 -50.9458
-2.0225 -50.8419
-2.07167 -50.8478
-2.10861 -50.7889
-1.96278 -50.8236
-1.92111 -50.7467
-1.98611 -50.672
-1.86639 -50.7147
-1.81005 -50.6796
-1.83417 -50.6114
-1.78972 -50.6144
-1.89389 -50.4047
-1.92806 -50.4714
-1.94945 -50.4525
-1.94667 -50.3622
-1.88028 -50.2564
-1.93361 -50.1664
-1.86167 -50.1556
-1.82 -49.9925
-1.87806 -49.8756
-1.92945 -49.8597
-2.01306 -49.8528
-2.08083 -49.8861
-2.10194 -49.815
-1.90972 -49.8442
-1.9 -49.815
-1.86861 -49.617
-1.77806 -49.4969
-1.71167 -49.3139
-1.76639 -49.2772
-1.9575 -49.3758
-2.03972 -49.4208
-2.1275 -49.4239
-2.2575 -49.5061
-2.48083 -49.4747
-2.54657 -49.5076
-2.51833 -49.452
-2.085 -49.2931
-1.87806 -49.1697
-1.83361 -48.9606
-1.46917 -48.6972
-1.50083 -48.6464
-1.46361 -48.5997
-1.58639 -48.5375
-1.64389 -48.4406
-1.63417 -48.425
-1.51583 -48.4822
-1.49722 -48.4636
-1.50361 -48.3825
-1.46361 -48.1897
-1.44583 -48.255
-1.47528 -48.4803
-1.45833 -48.5031
-1.31083 -48.4869
-1.28639 -48.4542
-1.31222 -48.4003
-1.30833 -48.3317
-1.11028 -48.2772
-0.999167 -48.3175
-0.929445 -48.2808
-0.85 -48.205
-0.866389 -48.15
-0.784722 -48.1439
-0.700556 -48.0292
-0.775278 -47.957
-0.645 -47.7814
-0.639445 -47.74
-0.693611 -47.7119
-0.758056 -47.7381
-0.736111 -47.6645
-0.634167 -47.5836
-0.649723 -47.5283
-0.768889 -47.4911
-0.7725 -47.3853
-0.723056 -47.4325
-0.590833 -47.4578
-0.594167 -47.4036
-0.681389 -47.4084
-0.683334 -47.3639
-0.612778 -47.3475
-0.600556 -47.28
-0.649167 -47.2728
-0.627778 -47.2461
-0.655833 -47.1967
-0.699722 -47.2106
-0.721667 -47.1544
-0.765556 -47.1931
-0.793056 -47.1331
-0.681389 -47.1058
-0.683334 -47.0728
-0.825278 -47.055
-0.704445 -46.9547
-0.783889 -46.9425
-0.843611 -46.9264
-0.726667 -46.8192
-0.775833 -46.8175
-0.899167 -46.7792
-0.825833 -46.7539
-0.881944 -46.7128
-0.831945 -46.6864
-0.842223 -46.617
-0.932222 -46.6108
-0.949167 -46.6458
-0.926667 -46.6656
-0.966389 -46.6906
-0.981389 -46.6511
-0.951945 -46.5847
-0.971945 -46.57
-1.01583 -46.592
-1.03083 -46.5253
-0.991111 -46.3539
-1.08333 -46.3542
-1.02583 -46.3239
-1.08278 -46.3195
-1.09389 -46.3072
-0.988889 -46.262
-0.973056 -46.2308
-0.921111 -46.2389
-0.915556 -46.1722
-0.949167 -46.1703
-1.18361 -46.2597
-1.14639 -46.1653
-1.09583 -46.1239
-1.07722 -46.0947
-1.14528 -46.0633
-1.2 -46.0975
-1.20611 -46.0736
-1.11116 -46.0024
-1.10833 -45.9606
-1.16583 -45.9986
-1.24778 -45.9389
-1.16111 -45.9117
-1.15389 -45.8864
-1.25889 -45.8958
-1.21528 -45.8284
-1.30472 -45.8378
-1.32611 -45.8111
-1.1275 -45.7172
-1.14806 -45.6947
-1.25056 -45.735
-1.37195 -45.6842
-1.365 -45.6239
-1.27445 -45.6119
-1.27445 -45.5345
-1.40028 -45.5075
-1.32361 -45.4747
-1.29639 -45.4064
-1.46806 -45.5092
-1.50167 -45.4833
-1.45972 -45.4514
-1.46056 -45.4225
-1.30917 -45.3439
-1.33778 -45.3108
-1.42083 -45.3
-1.48278 -45.3539
-1.54945 -45.3833
-1.56611 -45.3386
-1.72195 -45.3636
-1.74333 -45.3156
-1.67945 -45.2189
-1.61806 -45.2528
-1.56639 -45.2411
-1.47889 -45.1503
-1.50833 -45.1334
-1.43528 -45.0614
-1.57972 -44.9742
-1.43639 -44.8753
-1.48583 -44.8497
-1.62361 -44.9325
-1.65778 -44.9295
-1.605 -44.8872
-1.64111 -44.8311
-1.57583 -44.8392
-1.58194 -44.8175
-1.65972 -44.8058
-1.70861 -44.7667
-1.73583 -44.7081
-1.8175 -44.8092
-1.80222 -44.6645
-1.7225 -44.6522
-1.7475 -44.5997
-1.84417 -44.6589
-1.84167 -44.5433
-1.90222 -44.5922
-1.9125 -44.5097
-2.00722 -44.495
-2.03028 -44.5486
-2.05028 -44.4972
-2.08778 -44.5556
-2.18361 -44.6033
-2.265 -44.735
-2.27833 -44.6856
-2.29556 -44.6584
-2.36806 -44.7086
-2.40639 -44.7103
-2.26778 -44.6225
-2.14472 -44.485
-2.16722 -44.4167
-2.33889 -44.36
-2.40583 -44.385
-2.38778 -44.5086
-2.42167 -44.4989
-2.61 -44.6575
-2.53639 -44.5614
-2.55472 -44.5433
-2.69667 -44.6281
-2.83806 -44.6453
-2.9125 -44.6825
-3.01111 -44.6856
-3.03417 -44.6239
-3.06778 -44.6311
-3.20806 -44.7895
-3.26528 -44.782
-3.29667 -44.75
-3.2275 -44.7614
-3.16833 -44.64
-3.09833 -44.5675
-2.91917 -44.4178
-2.54778 -44.3622
-2.52889 -44.3042
-2.41361 -44.1056
-2.40667 -44.0372
-2.44306 -44.0308
-2.45694 -44.0992
-2.49667 -44.0533
-2.67167 -44.1361
-2.69611 -44.192
-2.66945 -44.2119
-2.78 -44.3195
-2.80639 -44.2875
-2.76417 -44.1839
-2.82806 -44.1836
-2.76361 -44.0897
-2.72056 -44.06
-2.59333 -43.9547
-2.55278 -43.9175
-2.63611 -43.8742
-2.56667 -43.8556
-2.47806 -43.7228
-2.55972 -43.6981
-2.51806 -43.6622
-2.53361 -43.5506
-2.47195 -43.5331
-2.55 -43.4828
-2.48278 -43.4567
-2.49222 -43.4183
-2.40472 -43.4828
-2.37361 -43.47
-2.36806 -43.3189
-2.50639 -42.8658
-2.70639 -42.5031
-2.75556 -42.3986
-2.7525 -42.2797
-2.76944 -42.257
-2.81583 -42.265
-2.80583 -42.2025
-2.84222 -41.9467
-2.78222 -41.9356
-2.73861 -42.0106
-2.73222 -41.8522
-2.90611 -41.602
-2.90389 -41.4242
-2.93139 -41.3297
-3.02139 -41.2367
-2.96972 -41.2403
-2.90694 -41.2953
-2.88222 -41.0842
-2.85833 -40.8492
-2.88611 -40.8306
-2.79917 -40.5031
-2.84861 -39.9922
-2.96083 -39.8228
-3.0175 -39.6922
-3.15667 -39.4728
-3.18472 -39.3578
-3.38167 -39.0781
-3.38361 -39.0072
-3.61028 -38.7509
-3.7225 -38.5147
-4.01611 -38.2189
-4.35667 -37.8895
-4.40389 -37.7608
-4.5325 -37.7047
-4.63972 -37.5494
-4.62806 -37.4897
-4.73667 -37.2795
-4.87222 -37.2172
-4.92806 -37.1561
-4.93472 -36.9384
-5.0025 -36.8336
-5.13445 -36.5445
-5.10861 -36.5258
-5.09917 -36.1617
-5.05271 -35.9976
-5.11084 -35.6047
-5.18 -35.4653
-5.48472 -35.2622
-5.87417 -35.1625
-5.98111 -35.1053
-6.16583 -35.1156
-6.22722 -35.1478
-6.19917 -35.0878
-6.24361 -35.0372
-6.88 -34.9122
-6.91945 -34.8583
-6.99361 -34.8356
-7.33639 -34.7994
-7.56111 -34.8336
-7.64139 -34.8031
-7.65417 -34.8439
-7.81528 -34.89
-7.83556 -34.845
-7.915 -34.8156
-8.07361 -34.8561
-8.03834 -34.9267
-8.12389 -34.8834
-8.41889 -34.9869
-8.91611 -35.1503
-9.1875 -35.2992
-9.32834 -35.4336
-9.68445 -35.7139
-9.65139 -35.7369
-9.58972 -35.7864
-9.6 -35.8111
-9.68973 -35.7994
-9.73306 -35.87
-9.61556 -35.9131
-9.62222 -35.9589
-9.76417 -35.8694
-9.97667 -35.9772
-10.2197 -36.2209
-10.4925 -36.3936
-10.5189 -36.4631
-10.7392 -36.8586
-10.9228 -37.0084
-10.917 -37.0392
-10.8106 -37.0089
-10.7339 -37.0878
-10.7703 -37.1542
-10.8375 -37.0406
-10.9492 -37.0533
-11.0992 -37.167
-11.0372 -37.2075
-11.0253 -37.2792
-11.0722 -37.2606
-11.0717 -37.2308
-11.1919 -37.1514
-11.2194 -37.2075
-11.4272 -37.33
-11.4278 -37.3861
-11.3833 -37.39
-11.2497 -37.2747
-11.1878 -37.3478
-11.3558 -37.3922
-11.405 -37.4297
-11.3619 -37.4461
-11.4083 -37.4553
-11.4406 -37.3933
-11.4842 -37.4145
-11.4931 -37.3922
-11.7497 -37.5124
-12.0861 -37.6803
-12.4886 -37.9581
-12.8692 -38.2572
-13.0195 -38.4825
-13.0117 -38.5386
-12.8406 -38.4803
-12.7319 -38.5353
-12.6095 -38.6959
-12.6808 -38.7247
-12.845 -38.81
-12.8228 -38.8556
-12.6936 -38.8772
-12.7403 -38.9206
-12.8664 -38.83
-12.8681 -38.7381
-12.9922 -38.7664
-13.0592 -38.8658
-13.1183 -38.9
-13.1561 -38.8092
-13.2542 -38.9472
-13.38 -38.9625
-13.3394 -39.0475
-13.5669 -39.0875
-13.4833 -39.0478
-13.5094 -39.005
-13.8411 -38.9881
-13.82 -39.0272
-13.7531 -39.0559
-13.7142 -39.1364
-13.7481 -39.1481
-13.7639 -39.1106
-13.8569 -38.9914
-13.8928 -39.0172
-13.8706 -39.0695
-13.9456 -39.06
-13.9856 -38.9883
-14.0733 -38.9878
-14.0889 -39.0717
-14.1153 -39.0575
-14.0656 -38.9586
-13.9489 -38.9747
-13.8878 -38.9414
-13.9156 -38.9206
-14.0447 -38.9295
-14.5561 -39.0367
-15.0447 -39.0028
-15.6042 -38.9439
-15.8339 -38.8694
-16.0032 -38.9234
-16.0544 -38.9345
-16.5503 -39.0756
-17.0775 -39.1725
-17.5453 -39.1945
-17.6894 -39.1322
-17.7608 -39.1956
-17.9422 -39.4447
-18.2392 -39.6492
-18.7053 -39.7483
-19.1133 -39.7161
-19.4292 -39.7058
-19.6436 -39.8095
-19.7447 -40.0106
-19.9256 -40.0939
-19.9539 -40.1522
-20.1239 -40.1694
-20.2853 -40.242
-20.2342 -40.2994
-20.2344 -40.3692
-20.3178 -40.3658
-20.3189 -40.2992
-20.3281 -40.2617
-20.4533 -40.3297
-20.8333 -40.63
-20.8111 -40.6553
-20.8592 -40.7667
-21.0983 -40.8492
-21.2089 -40.9459
-21.2761 -40.9647
-21.3014 -40.9617
-21.4853 -41.0581
-21.5436 -41.0594
-21.615 -41.01
-21.9881 -40.972
-22.0339 -41.0206
-22.1456 -41.2584
-22.3011 -41.6989
-22.577 -41.9928
-22.7231 -41.985
-22.7814 -41.9164
-22.9058 -42.0334
-22.9494 -42.0231
-22.9417 -42.4145
-22.9742 -43.042
-22.9242 -43.1275
-22.6817 -43.0192
-22.6683 -43.0758
-22.7444 -43.265
-22.7861 -43.2695
-22.8747 -43.1958
-22.9583 -43.1478
-22.9842 -43.1878
-23.0461 -43.64
-23.1019 -44.0042
-23.0595 -44.0028
-23.0383 -43.9728
-23.055 -43.7933
-23.0139 -43.6061
-22.9017 -43.882
-22.9797 -44.0372
-22.935 -44.0508
-23.0044 -44.0908
-23.0511 -44.1922
-22.9978 -44.2414
-23.0022 -44.3156
-22.9911 -44.3575
-22.9536 -44.3059
-22.9197 -44.332
-22.9597 -44.3739
-22.9383 -44.4136
-23.0111 -44.442
-23.0445 -44.652
-23.0686 -44.6864
-23.2247 -44.7086
-23.2172 -44.6606
-23.2483 -44.6825
-23.2317 -44.5939
-23.232 -44.5575
-23.2653 -44.5656
-23.2619 -44.5292
-23.2981 -44.5042
-23.3548 -44.7311
-23.3783 -44.7833
-23.3403 -44.9078
-23.4069 -44.9869
-23.4142 -45.0458
-23.4667 -45.0178
-23.5297 -45.2106
-23.5814 -45.2106
-23.5714 -45.2936
-23.6483 -45.4283
-23.7367 -45.3986
-23.8256 -45.4089
-23.8433 -45.507
-23.7975 -45.5561
-23.7711 -45.7803
-23.8247 -46.0536
-23.8667 -46.13
-23.9011 -46.1358
-24.0258 -46.2797
-24.0117 -46.3153
-23.9897 -46.2731
-23.9178 -46.3059
-23.8683 -46.3828
-23.9472 -46.4467
-23.9895 -46.372
-24.0317 -46.3783
-24.0214 -46.4364
-24.2217 -46.8419
-24.3236 -46.9889
-24.4106 -46.9983
-24.5631 -47.2147
-24.6806 -47.4619
-24.8733 -47.7981
-25.0422 -47.9306
-25.0521 -47.9621
-25.015 -48.0264
-25.0628 -48.0456
-25.0597 -47.8906
-25.1036 -47.8953
-25.2158 -47.9728
-25.2157 -48.003
-25.3772 -48.1728
-25.4617 -48.2086
-25.452 -48.2481
-25.4144 -48.2453
-25.3022 -48.1678
-25.33 -48.2814
-25.3597 -48.3281
-25.2336 -48.3333
-25.2839 -48.3697
-25.3064 -48.3761
-25.245 -48.4336
-25.3239 -48.4306
-25.3325 -48.4964
-25.4214 -48.4122
-25.4392 -48.4306
-25.4653 -48.5667
-25.4114 -48.6961
-25.3611 -48.7461
-25.4803 -48.6822
-25.4772 -48.7306
-25.5214 -48.6492
-25.5278 -48.5806
-25.542 -48.4947
-25.5511 -48.3786
-25.5867 -48.3656
-25.86 -48.5833
-25.8517 -48.7267
-25.8903 -48.7686
-25.8736 -48.5556
-26.18 -48.582
-26.2428 -48.6867
-26.2164 -48.7411
-26.2028 -48.757
-26.275 -48.7764
-26.4386 -48.6081
-26.5011 -48.6378
-26.6867 -48.6844
-26.745 -48.6683
-26.7803 -48.5758
-26.8895 -48.63
-27.0422 -48.5756
-27.1061 -48.6139
-27.1644 -48.5736
-27.1217 -48.5122
-27.1642 -48.477
-27.2217 -48.505
-27.19 -48.5511
-27.2422 -48.6228
-27.3058 -48.61
-27.3431 -48.555
-27.4414 -48.6295
-27.4842 -48.6492
-27.5933 -48.5739
-27.6589 -48.6419
-27.8336 -48.5725
-27.9861 -48.6217
-28.0453 -48.5986
-28.437 -48.7469
-28.4895 -48.7811
-28.4397 -48.8097
-28.3803 -48.7914
-28.3361 -48.8344
-28.3456 -48.8719
-28.4786 -48.8578
-28.5222 -48.775
-28.7683 -49.1211
-29.0006 -49.4122
-29.3739 -49.7556
-29.7197 -49.977
-30.1997 -50.2047
-30.5681 -50.3803
-30.9914 -50.6764
-31.3622 -51.0211
-31.6911 -51.4267
-31.9597 -51.9006
-32.1739 -52.0672
-32.1356 -52.0808
-31.9478 -52.015
-31.8969 -52.0517
-31.8278 -52.0897
-31.8144 -52.0572
-31.827 -51.9889
-31.8797 -51.9044
-31.8706 -51.8522
-31.8297 -51.8111
-31.8028 -51.8356
-31.7981 -51.7022
-31.7586 -51.6439
-31.5664 -51.4647
-31.4906 -51.4244
-31.5289 -51.3772
-31.5089 -51.3056
-31.3828 -51.1858
-31.1411 -51.1714
-31.0695 -51.1486
-31.0628 -51.0067
-31.0992 -51.0103
-31.1364 -50.9786
-31.0822 -50.9383
-31.0481 -50.9897
-30.9753 -50.9608
-30.8925 -50.9761
-30.8956 -50.9075
-30.7978 -50.7347
-30.7272 -50.6958
-30.5806 -50.6756
-30.365 -50.7264
-30.36 -50.6789
-30.4383 -50.6514
-30.4833 -50.6008
-30.4572 -50.5675
-30.3197 -50.5389
-30.2514 -50.5517
-30.1878 -50.6417
-30.2328 -50.6831
-30.2547 -50.6528
-30.2928 -50.6734
-30.2928 -50.7414
-30.3289 -50.8061
-30.3161 -50.8558
-30.3358 -50.9244
-30.4394 -50.9225
-30.3811 -51.0392
-30.2906 -51.0094
-30.2611 -51.0311
-30.1906 -51.2372
-30.1483 -51.2167
-30.0367 -51.2636
-30.0142 -51.2853
-30.2231 -51.3258
-30.3722 -51.1667
-30.3422 -51.1067
-30.3553 -51.085
-30.3981 -51.1061
-30.4003 -51.2025
-30.4533 -51.245
-30.6211 -51.2947
-30.7578 -51.2661
-30.8031 -51.2789
-30.7822 -51.3108
-30.7503 -51.2895
-30.6317 -51.3325
-30.645 -51.3719
-30.6742 -51.3864
-30.8908 -51.3614
-30.8914 -51.4567
-30.9281 -51.4789
-31.0469 -51.4792
-31.0836 -51.4453
-31.1039 -51.5322
-31.1586 -51.6356
-31.2606 -51.6467
-31.3086 -51.9217
-31.4147 -51.9969
-31.6114 -51.9992
-31.6408 -52.0217
-31.5647 -52.0395
-31.5658 -52.09
-31.6075 -52.0931
-31.6211 -52.0389
-31.6817 -52.0747
-31.747 -52.2214
-31.8411 -52.2247
-31.882 -52.2386
-31.9217 -52.1364
-31.9417 -52.1381
-31.9692 -52.2392
-32.0553 -52.255
-32.0861 -52.1992
-32.0375 -52.1292
-32.0428 -52.0789
-32.1025 -52.1625
-32.1261 -52.1522
-32.0719 -52.0842
-32.1667 -52.09
-32.1978 -52.1508
-32.3783 -52.3058
-32.7672 -52.4578
-33.15 -52.6539
-33.4225 -52.9461
-33.7431 -53.371
-33.7477 -53.3758
-33.6814 -53.5231
-33.5852 -53.5241
-33.5808 -53.5242
-33.4081 -53.5011
-33.1995 -53.5306
-33.0928 -53.4967
-32.747 -53.1117
-32.7242 -53.095
-32.6661 -53.1717
-32.6028 -53.2553
-32.5706 -53.4003
-32.3661 -53.6294
-32.1428 -53.7189
-32.0556 -53.7469
-32.0117 -53.8639
-31.9492 -53.9075
-31.875 -54.0672
-31.9156 -54.1242
-31.6725 -54.4639
-31.5814 -54.4703
-31.4628 -54.5881
-31.3767 -54.9083
-31.2706 -55.02
-31.327 -55.0653
-31.2453 -55.2358
-30.9714 -55.4156
-30.8486 -55.5767
-30.8486 -55.6292
-30.9419 -55.6422
-30.9422 -55.7167
-31.0711 -55.8325
-31.0822 -56.0006
-30.9445 -56.007
-30.8603 -55.9767
-30.7964 -56.0019
-30.6456 -56.1639
-30.5289 -56.2742
-30.2947 -56.6253
-30.2522 -56.6194
-30.1128 -56.7953
-30.1006 -56.9758
-30.1094 -57.0717
-30.185 -57.1455
-30.2433 -57.1506
-30.2928 -57.2142
-30.2753 -57.5217
-30.2528 -57.5681
-30.2056 -57.567
-30.1827 -57.6135
-30.1633 -57.5336
-29.9753 -57.3197
-29.8189 -57.2931
-29.7878 -57.2503
-29.7667 -57.1106
-29.7022 -57.0414
-29.3344 -56.6903
-29.1961 -56.6417
-29.1247 -56.5717
-29.0564 -56.4183
-28.9625 -56.4047
-28.9122 -56.3156
-28.7847 -56.2894
-28.5911 -56.0153
-28.5078 -56.0186
-28.4645 -55.8936
-28.3808 -55.9003
-28.3564 -55.8736
-28.3564 -55.8122
-28.4089 -55.6925
-28.3453 -55.6681
-28.3025 -55.6789
-28.2464 -55.7733
-28.22 -55.7567
-28.0795 -55.4406
-27.9736 -55.3742
-27.8558 -55.1806
-27.8858 -55.1261
-27.85 -55.1058
-27.8539 -55.0292
-27.8339 -55.0217
-27.7906 -55.082
-27.7717 -55.0731
-27.7881 -54.9931
-27.7372 -54.9122
-27.5303 -54.8061
-27.5606 -54.7531
-27.4483 -54.5797
-27.4911 -54.5372
-27.4653 -54.4481
-27.4119 -54.4542
-27.4539 -54.3542
-27.3995 -54.3458
-27.4317 -54.3078
-27.4242 -54.2792
-27.3458 -54.2305
-27.25 -54.1678
-27.2892 -54.1486
-27.2833 -54.0919
-27.1194 -53.8778
-27.1717 -53.8389
-26.8895 -53.6986
-26.8347 -53.7117
-26.767 -53.7506
-26.6758 -53.7269
-26.3606 -53.7128
-26.2631 -53.6503
-26.1997 -53.6603
-25.9528 -53.8272
-25.8511 -53.8275
-25.6292 -53.8947
-25.6444 -53.958
-25.5882 -53.9681
-25.5506 -54.0675
-25.5983 -54.0808
-25.5672 -54.1142
-25.4986 -54.0958
-25.5311 -54.2036
-25.5736 -54.1764
-25.5967 -54.2419
-25.5489 -54.2783
-25.5775 -54.38
-25.685 -54.4261
-25.5749 -54.5961
-25.4381 -54.6172
-25.1369 -54.4222
-25.0497 -54.4578
-24.8236 -54.4019
-24.6092 -54.3119
-24.4928 -54.3317
-24.4114 -54.2744
-24.3314 -54.2531
-24.2372 -54.3195
-24.1217 -54.3294
-24.0522 -54.2431
-23.9008 -54.4289
-23.8075 -54.6381
-23.9686 -54.9325
-24.0183 -55.2044
-23.9711 -55.3967
-23.9392 -55.4189
-23.7008 -55.4419
-23.597 -55.5225
-23.3789 -55.5028
-23.3192 -55.5505
-23.22 -55.5272
-22.9869 -55.63
-22.7086 -55.61
-22.5394 -55.7308
-22.3953 -55.7455
-22.2833 -55.8597
-22.3006 -55.9217
-22.2758 -56.2003
-22.1011 -56.3839
-22.0669 -56.3964
-22.0827 -56.4863
-22.2628 -56.6378
-22.2145 -56.7011
-22.2531 -56.7808
-22.2983 -56.8342
-22.285 -56.8758
-22.2458 -56.8739
-22.2331 -57.0009
-22.2158 -57.1772
-22.2017 -57.3208
-22.1847 -57.5169
-22.1731 -57.6147
-22.0992 -57.6455
-22.1306 -57.8794
-22.0892 -57.9828
-21.8953 -57.9228
-21.8475 -57.9567
-21.6894 -57.8919
-21.5108 -57.9542
-21.3305 -57.8514
-21.2811 -57.9067
-21.2006 -57.8383
-20.9561 -57.8195
-20.9022 -57.9211
-20.8592 -57.8644
-20.8292 -57.8614
-20.7942 -57.9433
-20.7344 -57.8597
-20.667 -57.9264
-20.7111 -57.9789
-20.6122 -57.9969
-20.4408 -57.9908
-20.3711 -58.0856
-20.265 -58.1056
-20.2803 -58.1428
-20.2367 -58.1619
-20.2011 -58.1197
-20.1689 -58.1582
-19.9789 -57.8478
-19.7403 -58.1217
-19.0811 -57.7939
-19.0483 -57.7047
-18.947 -57.7167
-18.9097 -57.7728
-18.2389 -57.5519
-18.2386 -57.4911
-18.2047 -57.4586
-18.1777 -57.5042
-18.1414 -57.5656
-18.1004 -57.5826
-17.6369 -57.7753
-17.5953 -57.7397
-17.5858 -57.7522
-17.4934 -57.8739
-17.4403 -57.9439
-17.3547 -58.2092
-17.2483 -58.3981
-16.9003 -58.4645
-16.6386 -58.4664
-16.5056 -58.3472
-16.4405 -58.3555
-16.2792 -58.3275
-16.2767 -58.3867
-16.33 -58.4406
-16.3189 -58.7578
-16.2914 -59.4608
-16.2631 -60.1603
-15.4786 -60.2272
-15.0975 -60.5717
-15.0928 -60.3839
-14.818 -60.4326
-14.6022 -60.3539
-14.4833 -60.3464
-14.2964 -60.4486
-14.1514 -60.4808
-13.9845 -60.3842
-13.7997 -60.4828
-13.6786 -60.795
-13.5153 -61.04
-13.4736 -61.0675
-13.5269 -61.1605
-13.4878 -61.3383
-13.5464 -61.4494
-13.5483 -61.5297
-13.5072 -61.5939
-13.5261 -61.695
-13.5386 -61.8417
-13.4522 -61.8744
-13.3486 -62.0172
-13.1483 -62.1219
-13.1419 -62.3947
-13.0711 -62.4694
-13.0586 -62.5839
-12.9661 -62.6936
-13.0108 -62.7792
-12.835 -62.9981
-12.6528 -63.0706
-12.6361 -63.1367
-12.7044 -63.2414
-12.4692 -63.6783
-12.465 -63.8136
-12.5447 -63.9183
-12.5328 -63.9583
-12.4617 -64.3942
-12.3642 -64.4986
-12.2825 -64.4692
-12.2356 -64.485
-12.242 -64.5197
-12.1686 -64.6806
-12.1 -64.6914
-12.1531 -64.7367
-12.0275 -64.8119
-12.0106 -64.9875
-11.97 -65.0172
-11.9111 -64.9953
-11.6939 -65.1208
-11.7725 -65.165
-11.7186 -65.2089
-11.65 -65.1875
-11.51 -65.2314
-11.4889 -65.3156
-11.3806 -65.352
-11.332 -65.3256
-11.2933 -65.385
-11.1642 -65.4003
-10.9728 -65.2994
-10.8511 -65.3281
-10.7989 -65.4094
-10.5147 -65.4439
-10.4458 -65.4042
-10.3953 -65.3961
-10.2939 -65.3136
-10.1956 -65.2889
-10.0261 -65.3336
-9.83722 -65.3014
-9.69778 -65.3819
-9.68278 -65.4383
-9.83639 -65.57
-9.83306 -65.6131
-9.75028 -65.7061
-9.77 -65.7592
-9.73195 -65.7828
-9.7825 -65.7986
-9.75639 -65.8236
-9.80695 -66.0292
-9.78834 -66.0592
-9.89167 -66.5594
-10.0067 -66.7792
-10.3132 -67.158
-10.3167 -67.3003
-10.61 -67.6743
-10.6943 -67.7035
-10.6633 -67.8222
-10.6592 -68.015
-10.7053 -68.1019
-10.9856 -68.2894
-11.1046 -68.5792
-11.1397 -68.7645
-11.1197 -68.7844
-11.0097 -68.7525
-11.0161 -68.8683
-10.9664 -69.0697
-10.9505 -69.5674
-10.9144 -69.9292
-10.9681 -70.0275
-11.0586 -70.2694
-11.0511 -70.3942
-10.9322 -70.5331
-11.0031 -70.6319
-10.5117 -70.63
-9.83361 -70.6281
-9.77611 -70.5575
-9.69111 -70.5372
-9.60611 -70.5967
-9.56972 -70.5695
-9.45389 -70.5339
-9.43806 -70.5844
-9.54333 -70.7089
-9.71472 -70.907
-9.99639 -71.2992
-10.0036 -71.5014
-10.0039 -72.1858
-9.88889 -72.1503
-9.80139 -72.1803
-9.74667 -72.2711
-9.53 -72.3056
-9.48306 -72.4286
-9.45361 -72.5861
-9.40722 -73.2053
-9.15472 -72.9756
-9.08389 -72.9486
-8.98333 -72.9644
-8.71028 -73.17
-8.65111 -73.2975
-8.46833 -73.3519
-8.35556 -73.5333
-8.01611 -73.6511
-7.95722 -73.7672
-7.87111 -73.7822
-7.8725 -73.7142
-7.80917 -73.6928
-7.77139 -73.7106
-7.72556 -73.8333
-7.535 -74.0095
-7.50167 -73.9489
-7.34584 -73.9728
-7.375 -73.8925
-7.31917 -73.7114
-7.285 -73.7042
-7.11724 -73.8015
-6.895 -73.7547
-6.63306 -73.4344
-6.56806 -73.2458
-6.55361 -73.1919
-6.44778 -73.1239
-6.20778 -73.1642
-6.15528 -73.2161
-6.04583 -73.2189
-5.56417 -72.9506
-5.3225 -72.9183
-5.2075 -72.892
-5.15195 -72.9178
-5.05139 -72.7414
-5.05917 -72.635
-4.95306 -72.532
-4.88639 -72.4128
-4.76084 -72.3256
-4.75889 -72.2439
-4.50778 -71.8264
-4.47389 -71.6906
-4.50917 -71.6564
-4.435 -71.4067
-4.43833 -71.3056
-4.38361 -71.2908
-4.37611 -71.2333
-4.41139 -71.2006
-4.35778 -71.1697
-4.39889 -71.1294
-4.34139 -70.9889
-4.37945 -70.9728
-4.29333 -70.8817
-4.18778 -70.835
-4.14694 -70.7658
-4.17417 -70.6844
-4.11861 -70.6522
-4.11583 -70.62
-4.19611 -70.5853
-4.13944 -70.5453
-4.18083 -70.5119
-4.13167 -70.4333
-4.13722 -70.3239
-4.32528 -70.2086
-4.32472 -70.1725
-4.27333 -70.1561
-4.25389 -70.1078
-4.33611 -70.0353
-4.30306 -69.9722
-4.22423 -69.9466
-3.54944 -69.8161
-2.87695 -69.6958
-2.20833 -69.5761
-1.53778 -69.4553
-1.42917 -69.4375
-1.36667 -69.3839
-1.17445 -69.3808
-1.02417 -69.4422
-0.966111 -69.4683
-0.845 -69.5656
-0.733889 -69.6181
-0.636667 -69.5731
-0.504445 -69.6203
-0.309444 -69.9283
-0.1575 -70.058
0.504444 -70.0464
0.590833 -70.0442
0.581667 -69.9406
0.678889 -69.6783
0.645555 -69.6114
0.726389 -69.5111
0.740278 -69.4644
0.653055 -69.3189
0.618277 -69.2094
0.63 -69.1375
0.651111 -69.1258
0.731944 -69.1825
0.870555 -69.1422
0.906667 -69.2028
0.951944 -69.1933
1.04111 -69.2756
1.02722 -69.4261
1.06222 -69.4467
1.06028 -69.7103
1.08972 -69.7208
1.06222 -69.8422
1.71534 -69.8432
1.73167 -69.7389
1.76028 -69.4592
1.72863 -69.3778
1.72417 -68.1533
1.83222 -68.2758
2.01444 -68.195
1.93361 -68.0897
1.77389 -68.0153
1.7425 -67.952
1.80694 -67.7833
2.1 -67.5172
2.14389 -67.4244
2.11111 -67.3353
1.84944 -67.192
1.62528 -67.0725
1.19389 -67.0842
1.1725 -67.0756
1.22554 -66.8734
0.752222 -66.3175
0.732777 -66.1294
0.803889 -65.9711
0.913333 -65.8622
0.984444 -65.7036
0.971111 -65.5594
0.904722 -65.5111
0.843889 -65.5092
0.725833 -65.5836
0.671667 -65.5636
0.649722 -65.5192
0.699166 -65.4336
0.830833 -65.39
0.926666 -65.3017
0.924166 -65.1967
0.954722 -65.172
1.1125 -65.1406
1.14528 -65.0986
1.13389 -65.0172
1.28222 -64.8156
1.24361 -64.7511
1.26278 -64.6975
1.4375 -64.5233
1.51139 -64.3703
1.48417 -64.35
1.40972 -64.3864
1.36444 -64.3669
1.36694 -64.3417
1.48056 -64.2553
1.65028 -64.0703
1.90917 -64.0439
1.96722 -63.9708
1.98028 -63.7639
2.06472 -63.6511
2.15139 -63.3931
2.26972 -63.3578
2.42139 -63.3658
2.42555 -63.4869
2.47055 -64.0369
2.51333 -64.0475
2.63305 -63.9931
2.80222 -64.01
3.12333 -64.2186
3.43305 -64.2358
3.54611 -64.1825
3.61 -64.2036
3.83389 -64.4975
4.07055 -64.6853
4.20194 -64.8011
4.27722 -64.798
4.28917 -64.7692
4.26722 -64.693
4.22195 -64.6416
4.12166 -64.5822
4.14805 -64.2489
4.09861 -64.1169
3.89528 -64.0433
3.88305 -63.9886
3.95972 -63.8475
3.94361 -63.6083
3.8575 -63.5011
3.86667 -63.4567
3.96611 -63.4233
3.97083 -63.3825
3.94667 -63.3147
3.60083 -62.9872
3.56028 -62.875
3.60694 -62.7753
3.67111 -62.7356
3.73111 -62.7275
3.83472 -62.7586
3.98611 -62.7539
4.03805 -62.7311
4.04167 -62.542
4.12639 -62.5314
4.18194 -62.4003
4.1225 -62.2464
4.10083 -62.11
4.15111 -62.0511
4.15083 -61.8925
4.24944 -61.7455
4.24917 -61.5533
4.29805 -61.5125
4.39528 -61.505
4.42111 -61.4567
4.4175 -61.3422
4.45722 -61.2814
4.52028 -61.3114
4.51972 -61.2664
4.52055 -60.985
4.58472 -60.9308
4.71167 -60.885
4.72972 -60.8161
4.85555 -60.6417
4.98111 -60.5797
5.1875 -60.6628
5.20528 -60.7329
180.0 180.0
9.13038e-315 8.78943e-321
