CIC_MPM_VERS = 1.0
COMMENT Generated by Spacebel CCSDS library
CREATION_DATE = 2017-02-24T16:24:57.467218
ORIGINATOR = SVG² Control

META_START

USER_DEFINED_PROTOCOL = NONE
USER_DEFINED_CONTENT = REGION OF INTEREST
USER_DEFINED_SIZE = 2
USER_DEFINED_TYPE = REAL
USER_DEFINED_UNIT = [deg]

META_STOP

4.90336 115.146
4.725 115.244
4.52944 115.266
4.32916 115.36
4.31139 115.336
4.38639 115.099
4.65666 115.027
4.81832 115.03
4.85972 115.135
4.8925 115.107
4.90336 115.146
180.0 180.0
4.89099 115.013
4.83167 114.979
4.80083 114.849
4.72083 114.778
4.4375 114.841
4.43278 114.877
4.35861 114.869
4.27305 114.804
4.27222 114.848
4.13055 114.796
4.02972 114.67
4.02778 114.61
4.26583 114.445
4.25694 114.375
4.28028 114.324
4.34472 114.328
4.53194 114.236
4.5899 114.091
4.5825 114.209
4.67333 114.469
4.95861 114.855
5.05305 115.069
5.03666 115.105
4.8925 114.981
4.89099 115.013
180.0 180.0
9.13038e-315 6.6106e-321
