CIC_MPM_VERS = 1.0
COMMENT Generated by Spacebel CCSDS library
CREATION_DATE = 2017-02-24T16:24:57.509218
ORIGINATOR = SVG² Control

META_START

USER_DEFINED_PROTOCOL = NONE
USER_DEFINED_CONTENT = REGION OF INTEREST
USER_DEFINED_SIZE = 2
USER_DEFINED_TYPE = REAL
USER_DEFINED_UNIT = [deg]

META_STOP

44.133 27.2756
44.088 27.2906
44.0219 27.4
44.0425 27.6561
43.9647 27.7217
43.9658 27.8203
44.0056 27.9189
43.9789 27.9517
43.8591 27.9972
43.773 28.225
43.7478 28.5838
43.7448 28.5829
43.6008 28.5728
43.5439 28.6064
43.4583 28.5614
43.3664 28.4714
43.4133 28.3819
43.4055 28.1572
43.3636 28.0881
43.2258 28.0158
43.1958 27.9069
43.1672 27.945
42.9214 27.8953
42.7072 27.8983
42.7114 27.7328
42.6767 27.7139
42.6316 27.6325
42.5567 27.6522
42.5619 27.5308
42.4808 27.4506
42.4333 27.5019
42.4519 27.6372
42.4142 27.6533
42.3808 27.7169
42.3347 27.73
42.3114 27.7858
42.2597 27.7481
42.0239 28.0036
41.9822 28.0131
42.0019 27.8347
41.9666 27.8217
41.9375 27.5797
41.9078 27.5667
42.1072 27.2436
42.0605 27.2017
42.09 27.0703
41.9722 26.8433
41.9833 26.6253
41.8308 26.545
41.8219 26.3775
41.753 26.3328
41.7015 26.3619
41.7444 26.2228
41.7119 26.0744
41.6789 26.0675
41.6367 26.0997
41.4394 26.198
41.3539 26.1353
41.3339 25.8058
41.3178 25.653
41.2631 25.3881
41.2544 25.2394
41.2939 25.21
41.4105 24.8947
41.3547 24.7989
41.418 24.7253
41.4211 24.6586
41.5722 24.5261
41.5236 24.3639
41.5486 24.3047
41.5678 24.2455
41.5167 24.1847
41.5411 24.1572
41.5372 24.0786
41.4672 24.075
41.4461 23.9561
41.4528 23.8911
41.4058 23.6681
41.4033 23.2811
41.3228 23.1758
41.3433 22.9359
41.3944 22.965
41.6614 22.9855
41.7205 23.0314
41.7653 23.0128
41.8025 22.9475
42.0478 22.8033
42.1033 22.6094
42.2794 22.4078
42.32 22.3636
42.3229 22.3694
42.3992 22.5194
42.4791 22.5581
42.5558 22.485
42.5747 22.4386
42.7939 22.4619
42.8186 22.4408
42.8928 22.5858
42.8897 22.7333
43.1453 22.9933
43.2 23.0069
43.2822 22.8497
43.3836 22.7697
43.4703 22.5464
43.6233 22.4886
43.8169 22.3594
44.0069 22.4169
44.0708 22.6225
44.1728 22.6167
44.2431 22.6919
44.1289 22.8828
44.0844 23.0372
44.0566 23.0428
44.0141 22.9958
43.9989 22.9069
43.905 22.8433
43.8533 22.8575
43.8022 23.0636
43.8558 23.413
43.7564 23.8906
43.6944 24.3372
43.7614 24.5017
43.7236 25.0014
43.6911 25.0805
43.6875 25.2247
43.6247 25.3631
43.6483 25.5729
43.7664 25.8628
43.9683 26.1117
44.0494 26.4786
44.1367 26.9233
44.133 27.2756
