CIC_MPM_VERS = 1.0
COMMENT Generated by Spacebel CCSDS library
CREATION_DATE = 2017-02-24T16:24:57.515219
ORIGINATOR = SVG² Control

META_START

USER_DEFINED_PROTOCOL = NONE
USER_DEFINED_CONTENT = REGION OF INTEREST
USER_DEFINED_SIZE = 2
USER_DEFINED_TYPE = REAL
USER_DEFINED_UNIT = [deg]

META_STOP

13.6258 -2.96222
13.6561 -2.87861
13.7217 -2.90417
13.8775 -2.88444
14.0414 -2.83333
14.2889 -2.47278
14.1514 -2.10778
14.1881 -2.00694
14.475 -1.98083
14.5006 -1.67833
14.7289 -1.31889
14.7775 -1.07389
15.083 -0.725
15.083 -0.443889
15.0056 -0.386111
15.078 -0.246111
14.9156 0.234534
14.8875 0.237222
14.8358 0.193333
14.7522 0.241389
14.5231 0.166667
14.4647 0.189444
14.2542 0.405278
14.0492 0.385
13.6847 0.625
13.6883 0.772778
13.6442 0.774444
13.5703 0.990278
13.4464 1.07222
13.3636 1.2175
13.3286 1.12667
13.3728 1.01167
13.3717 0.991666
13.0472 0.989166
13.0111 1.11722
12.63 1.57833
12.6089 1.87167
12.7311 1.98889
12.7255 2.09611
12.6308 2.20083
12.425 2.265
12.3861 2.07778
12.3572 2.05833
11.8899 2.40156
11.7647 2.33805
11.6792 2.31386
11.4253 2.01917
11.4286 1.90268
11.4267 1.76611
11.3883 1.60917
11.4642 1.5
11.4397 1.3975
11.2914 1.30861
11.2592 1.27278
11.2772 1.15389
11.2494 1.13278
11.1628 1.15639
11.1397 1.06389
11.0403 1.10278
11.0803 0.978889
10.9958 0.967778
10.9958 0.917435
10.9967 0.671667
10.9369 0.504167
11.0025 0.506944
11.1393 -0.150955
11.1667 -0.285278
11.13 -0.275278
11.0689 -0.352778
11.1086 -0.381944
11.0969 -0.423055
10.9983 -0.488889
10.9922 -0.567778
10.9172 -0.61
10.9547 -0.665
10.9975 -0.679722
11.0003 -2.23028
11.0034 -2.83106
10.8042 -2.88028
10.63 -2.9325
10.4572 -2.85778
10.4167 -2.76861
10.3264 -2.84361
10.265 -2.75472
10.0578 -2.79639
9.82611 -2.73861
9.73583 -2.79445
9.48234 -2.68685
9.39639 -2.745
9.41333 -2.79111
9.65111 -2.94861
9.72777 -2.98972
9.725 -3.06556
9.82916 -3.1175
9.84 -3.17944
9.92389 -3.19111
9.84805 -3.25917
9.85805 -3.30278
9.90083 -3.29695
9.93027 -3.765
9.79944 -4.04083
9.83 -4.12167
9.69027 -4.28722
9.59833 -4.31083
9.5825 -4.37695
9.6575 -4.42639
9.65444 -4.50917
9.71139 -4.50861
9.74666 -4.53278
9.68694 -4.57139
9.72138 -4.60222
9.67527 -4.68555
9.75027 -4.74222
9.73666 -4.77528
9.79083 -4.78028
9.875 -4.86
9.86805 -4.92833
9.90528 -4.97444
9.94861 -4.95
10.0536 -4.98
10.3047 -5.13
10.2894 -5.175
10.3225 -5.20806
10.2992 -5.3225
10.3011 -5.41139
10.431 -5.52066
10.6455 -5.4625
10.7469 -5.45639
10.835 -5.41167
11.0303 -5.48639
11.0764 -5.48861
11.1147 -5.33028
11.1442 -5.2975
11.2069 -5.29722
11.2447 -5.25083
11.395 -5.25167
11.4189 -5.19861
11.5775 -5.21472
11.6167 -5.28944
11.7494 -5.26361
11.8003 -5.33722
11.83 -5.40222
11.8253 -5.34806
11.9053 -5.19389
12.0094 -4.93639
12.0008 -4.78472
12.0628 -4.69861
12.062 -4.66438
12.1397 -4.53944
12.2011 -4.56945
12.3339 -4.45694
12.2972 -4.40722
12.3111 -4.3875
12.4344 -4.43806
12.5333 -4.36583
12.6578 -4.47417
12.7258 -4.46889
12.7164 -4.26917
12.7664 -4.20722
12.9403 -4.20556
13.11 -4.33528
13.1664 -4.3125
13.1814 -4.21889
13.2344 -4.24333
13.3064 -4.12944
13.4261 -4.02528
13.5042 -3.96417
13.4578 -3.9025
13.3989 -3.96667
13.378 -3.93861
13.3617 -3.79167
13.1789 -3.54111
13.168 -3.44139
13.1975 -3.42333
13.2759 -3.44112
13.288 -3.2325
13.7017 -3.27111
13.72 -3.24889
13.6789 -3.19019
13.6608 -3.07083
13.6125 -3.04944
13.6258 -2.96222
