CIC_MPM_VERS = 1.0
COMMENT Generated by Spacebel CCSDS library
CREATION_DATE = 2017-02-24T16:24:57.547219
ORIGINATOR = SVG² Control

META_START

USER_DEFINED_PROTOCOL = NONE
USER_DEFINED_CONTENT = REGION OF INTEREST
USER_DEFINED_SIZE = 2
USER_DEFINED_TYPE = REAL
USER_DEFINED_UNIT = [deg]

META_STOP

-4.44947 29.4236
-4.15417 29.3855
-3.885 29.2325
-3.59444 29.2469
-3.33816 29.2155
-3.33662 29.2153
-3.23667 29.2106
-3.11083 29.2405
-3.02111 29.2192
-2.99611 29.1486
-2.87472 29.0744
-2.81056 28.9875
-2.77 28.9878
-2.74445 29.0242
-2.60472 29.0589
-2.58917 29.1406
-2.65361 29.3289
-2.80806 29.3497
-2.82611 29.3794
-2.79583 29.4439
-2.82667 29.5275
-2.8004 29.5713
-2.77278 29.8219
-2.70556 29.8994
-2.475 29.9547
-2.32111 29.9469
-2.3425 29.9911
-2.33961 30.0074
-2.3387 30.0125
-2.35033 30.035
-2.38056 30.0936
-2.42516 30.1324
-2.43056 30.1536
-2.33861 30.225
-2.33702 30.296
-2.33576 30.3526
-2.33568 30.3561
-2.29944 30.3811
-2.3994 30.5737
-2.64306 30.4353
-2.67528 30.4336
-2.67083 30.4892
-2.64964 30.5225
-2.72306 30.4572
-2.86194 30.4175
-2.9465 30.4852
-2.89389 30.5572
-2.98972 30.7428
-2.97417 30.8403
-3.11806 30.8311
-3.1575 30.8539
-3.25694 30.835
-3.3 30.7675
-3.31667 30.6783
-3.37139 30.6242
-3.38667 30.6636
-3.45056 30.6317
-3.548 30.4494
-3.78611 30.4008
-3.77417 30.3358
-3.88695 30.2558
-4.02611 30.2078
-4.16667 30.0728
-4.24639 30.0444
-4.34972 29.9058
-4.36028 29.8128
-4.4044 29.7889
-4.45472 29.7119
-4.45365 29.6531
-4.44947 29.4236
