CIC_MPM_VERS = 1.0
COMMENT Generated by Spacebel CCSDS library
CREATION_DATE = 2017-02-24T16:24:57.563219
ORIGINATOR = SVG² Control

META_START

USER_DEFINED_PROTOCOL = NONE
USER_DEFINED_CONTENT = REGION OF INTEREST
USER_DEFINED_SIZE = 2
USER_DEFINED_TYPE = REAL
USER_DEFINED_UNIT = [deg]

META_STOP

56.1503 28.1665
56.05 28.3125
56.0569 28.3536
56.0961 28.3875
56.1053 28.5208
56.0936 28.6461
56.0322 28.7022
55.9631 28.73
55.9425 28.8469
55.9706 28.8536
56.0328 29.0594
55.9578 29.4122
55.9111 29.4644
55.8958 29.4069
55.7894 29.3592
55.7564 29.3858
55.6889 29.4939
55.6914 29.5264
55.7517 29.6183
55.7825 29.7192
55.7753 29.8231
55.8225 29.8594
55.8517 29.9283
55.8544 30.0147
55.8281 30.1406
55.8661 30.2261
55.8361 30.2992
55.8 30.4897
55.7639 30.4942
55.7261 30.6067
55.6814 30.6089
55.6614 30.6472
55.6564 30.7269
55.5967 30.7567
55.6192 30.8769
55.6031 30.9256
55.5319 30.935
55.5069 30.9186
55.4917 30.9394
55.4792 30.9064
55.4592 30.9006
55.3994 30.9394
55.3536 30.8578
55.2933 30.8136
55.2603 30.8786
55.2031 30.9133
55.1433 31.0047
55.1117 30.9872
55.0433 31.0297
55.0267 31.0078
55.0333 30.925
54.9922 30.9558
54.9692 30.9475
54.9442 30.8339
54.8811 30.845
54.855 30.8011
54.7969 30.78
54.7117 31.005
54.6522 31.0247
54.6422 31.1853
54.6094 31.1869
54.5706 31.1317
54.5056 31.0825
54.4786 31.1306
54.4803 31.1942
54.46 31.1984
54.4567 31.2319
54.3867 31.2639
54.3508 31.3117
54.2967 31.3108
54.2375 31.3317
54.1433 31.5442
54.1372 31.6161
54.1031 31.6864
54.1033 31.7617
54.0531 31.7933
54.0644 31.8442
54.0022 31.8656
53.8864 31.8289
53.8038 31.7621
53.8039 31.8172
53.7775 31.8958
53.82 32.1197
53.785 32.1981
53.7622 32.3294
53.7189 32.3769
53.7228 32.4617
53.6836 32.5106
53.6464 32.4147
53.5719 32.4439
53.5217 32.5706
53.4911 32.5975
53.4972 32.6706
53.4692 32.6578
53.4658 32.7381
53.4386 32.7364
53.3678 32.7239
53.3425 32.7369
53.3333 32.6044
53.3158 32.6153
53.3069 32.5858
53.3083 32.4625
53.2861 32.4711
53.2783 32.4983
53.2061 32.4367
53.1819 32.3531
53.1319 32.2989
53.1333 32.2256
53.1056 32.2233
53.1139 32.1864
53.0872 32.1186
53.11 32.0125
53.0956 31.9306
53.1208 31.8869
53.1258 31.8011
53.1942 31.7756
53.2183 31.6161
53.1992 31.5725
53.2089 31.4225
53.1814 31.3953
53.1211 31.3764
53.0992 31.3864
53.0822 31.3272
53.0544 31.3178
53.0219 31.2664
52.9781 31.3564
52.9189 31.3833
52.8931 31.4153
52.8633 31.4758
52.8561 31.5369
52.8219 31.54
52.8031 31.5808
52.7381 31.595
52.7014 31.5583
52.69 31.5
52.5947 31.5836
52.5531 31.6533
52.5508 31.5817
52.5322 31.5953
52.5158 31.5647
52.4914 31.6089
52.4061 31.6017
52.3956 31.6231
52.3706 31.6297
52.3189 31.5867
52.2733 31.6442
52.2617 31.7169
52.2453 31.7022
52.1986 31.7039
52.1658 31.7825
52.1081 31.7839
52.1167 31.3619
52.0911 31.3011
52.0547 31.2797
52.0456 31.2517
52.0833 31.1617
52.0811 30.9631
52.0639 30.9358
52.0492 30.9439
52.0333 30.9314
52.025 30.9669
52.0064 30.9717
51.9978 30.8978
51.9656 30.8822
51.9444 30.8008
51.9028 30.7964
51.8953 30.7469
51.8239 30.6622
51.7964 30.67
51.7744 30.6569
51.7642 30.6175
51.7486 30.6456
51.7114 30.6283
51.6975 30.5739
51.625 30.5567
51.5978 30.5175
51.5772 30.5428
51.5669 30.5222
51.5511 30.5303
51.5367 30.5822
51.5158 30.5658
51.4583 30.6156
51.4542 30.5886
51.4303 30.5817
51.4161 30.6197
51.3708 30.6436
51.3553 30.6319
51.3328 30.6442
51.3019 30.5708
51.2733 30.5717
51.2528 30.5494
51.27 30.4797
51.2969 30.46
51.3072 30.3839
51.345 30.335
51.3583 30.3503
51.4053 30.3481
51.4919 30.1764
51.4864 29.9833
51.4572 29.9339
51.4694 29.8958
51.4361 29.8514
51.4411 29.7592
51.4944 29.7178
51.4989 29.6697
51.49 29.6217
51.4531 29.5944
51.4536 29.5239
51.3903 29.4831
51.4028 29.4097
51.375 29.3539
51.385 29.3131
51.4433 29.2819
51.4664 29.2361
51.5047 29.2508
51.5378 29.2433
51.5683 29.205
51.6122 29.1861
51.6383 29.0833
51.6247 29.04
51.5958 29.0283
51.5747 28.9953
51.5767 28.9289
51.5542 28.8453
51.4847 28.7661
51.4169 28.765
51.4111 28.7525
51.4208 28.7303
51.4522 28.7192
51.4386 28.6836
51.4519 28.6606
51.5664 28.6272
51.5797 28.4756
51.5306 28.3592
51.5769 28.3361
51.6178 28.2608
51.6611 28.2586
51.6431 28.1886
51.5803 28.135
51.565 28.0881
51.5678 27.9753
51.62 27.8847
51.6203 27.8514
51.5886 27.8117
51.5306 27.8175
51.4656 27.7469
51.5067 27.6711
51.5644 27.7247
51.5925 27.7197
51.6303 27.5125
51.6294 27.4717
51.6011 27.4456
51.5978 27.2794
51.6544 27.2989
51.6703 27.2
51.7431 27.2067
51.7628 27.1797
51.7694 27.0292
51.7497 26.9333
51.8203 26.6497
51.8128 26.4572
51.8206 26.4392
51.8569 26.4369
51.8614 26.1808
51.9175 26.0922
51.9122 25.9767
51.9392 25.7758
51.9228 25.6958
51.9232 25.547
51.9269 25.3611
51.9594 25.2442
51.9597 25.1794
51.8994 24.8853
51.8867 24.3967
51.8225 24.3133
51.7378 24.2794
51.6103 24.0431
51.585 23.9539
51.6358 23.8967
51.6525 23.7536
51.6406 23.6667
51.6081 23.6086
51.5208 23.6461
51.5283 23.5921
51.5928 23.5392
51.7458 23.5539
51.7969 23.6264
51.9142 23.6117
52.0417 23.6564
52.1094 23.5983
52.1469 23.4858
52.2258 23.2939
52.2239 23.2114
52.2822 23.1689
52.5042 23.3842
52.585 23.5636
52.678 23.8839
52.7122 23.9339
52.8905 23.935
53.2108 23.8542
53.5297 23.6581
53.8786 23.5211
53.9472 23.5037
53.9361 23.5792
53.9047 23.6444
53.9267 23.72
53.9178 23.7797
53.9381 23.7875
53.9258 23.8336
53.9558 23.935
53.9389 23.9861
53.9375 24.0886
53.9675 24.1756
53.9531 24.2314
53.8997 24.2778
53.9061 24.3325
53.8886 24.3869
53.9922 24.6122
54.0017 24.6917
53.9686 24.7278
53.9772 24.8208
54.0344 24.8406
54.1014 24.7956
54.1136 24.8356
54.1422 24.8403
54.1586 24.9689
54.1311 25.0244
54.1347 25.0719
54.1725 25.1619
54.23 25.2094
54.2644 25.2178
54.2558 25.3917
54.2997 25.4519
54.3053 25.4928
54.2403 25.5772
54.2258 25.5183
54.2033 25.5478
54.1831 25.5047
54.1469 25.5344
54.1361 25.6692
54.1547 25.7003
54.1606 25.7853
54.2181 25.7872
54.2481 25.8078
54.2878 25.7703
54.2906 25.7272
54.3311 25.7142
54.3114 25.6111
54.3286 25.5475
54.3661 25.5572
54.4272 25.6364
54.4778 25.6331
54.5175 25.6489
54.5792 25.7642
54.6667 25.7272
54.7283 25.7492
54.7894 25.7367
54.8139 25.8036
54.8703 25.7889
54.9108 25.8625
54.9442 25.8817
54.9772 26.1608
55.03 26.2194
55.0711 26.2483
55.1236 26.2533
55.1481 26.2842
55.1328 26.4503
55.155 26.4817
55.1247 26.6158
55.1425 26.6417
55.1908 26.6417
55.2181 26.6686
55.2431 26.7133
55.2506 26.7753
55.2811 26.8197
55.3136 26.7669
55.3311 26.6314
55.3131 26.5547
55.3414 26.4558
55.39 26.5025
55.4439 26.5236
55.4683 26.5694
55.5111 26.545
55.5931 26.6267
55.676 26.6141
55.7058 26.6617
55.6867 26.7453
55.7108 26.85
55.7786 26.9081
55.8347 26.99
55.8464 27.1561
55.7872 27.2822
55.8264 27.3508
55.8039 27.4
55.7919 27.6014
55.8406 27.6328
55.9242 27.6472
55.9889 27.7911
56.0253 27.7956
56.0656 27.8933
56.1133 27.9294
56.1364 28.0583
56.1672 28.1183
56.1503 28.1665
