CIC_MPM_VERS = 1.0
COMMENT Generated by Spacebel CCSDS library
CREATION_DATE = 2017-02-24T16:24:57.625219
ORIGINATOR = SVG² Control

META_START

USER_DEFINED_PROTOCOL = NONE
USER_DEFINED_CONTENT = REGION OF INTEREST
USER_DEFINED_SIZE = 2
USER_DEFINED_TYPE = REAL
USER_DEFINED_UNIT = [deg]

META_STOP

10.0097 104.018
10.2853 103.908
10.3528 103.845
10.4392 104.012
10.3164 104.085
10.0386 104.04
10.0097 104.018
180.0 180.0
14.4453 106.332
14.4875 106.438
14.5233 106.433
14.599 106.542
14.4669 106.628
14.4425 106.734
14.3125 106.838
14.3639 106.997
14.4431 107.05
14.4011 107.109
14.5597 107.278
14.5986 107.296
14.6069 107.327
14.5456 107.423
14.5578 107.454
14.6936 107.529
14.705 107.546
14.5569 107.535
14.4308 107.478
14.4294 107.416
14.2608 107.384
14.0339 107.368
14.0028 107.385
14.005 107.446
13.93 107.474
13.7962 107.462
13.5428 107.629
13.3817 107.636
13.0056 107.496
12.8825 107.51
12.8022 107.568
12.5 107.583
12.3564 107.549
12.2536 107.441
12.3294 107.319
12.2778 107.167
12.0844 106.979
12.0658 106.782
11.9758 106.73
11.9708 106.477
11.9736 106.42
11.8695 106.471
11.7675 106.424
11.6646 106.459
11.7492 106.19
11.7764 106.039
11.6464 105.967
11.6208 105.821
11.5964 105.818
11.448 105.899
11.3997 105.886
11.2969 105.87
11.1067 106.075
11.0939 106.159
10.9755 106.214
10.9758 106.155
10.9156 106.146
10.7705 106.203
10.9 105.957
10.8336 105.933
10.8517 105.87
11.0072 105.792
11.0214 105.758
10.955 105.467
10.9661 105.43
10.8467 105.355
10.9556 105.109
10.9014 105.044
10.7814 105.066
10.7264 105.1
10.54 104.891
10.52 104.821
10.5342 104.599
10.4225 104.448
10.4553 104.392
10.5667 104.251
10.5522 104.209
10.5708 103.993
10.6931 103.861
10.5408 103.824
10.5194 103.744
10.4964 103.738
10.4908 103.631
10.6214 103.5
10.7311 103.588
10.7406 103.684
10.8661 103.722
10.9292 103.7
11.1569 103.555
11.1642 103.5
11.0517 103.45
10.8897 103.417
10.9289 103.275
10.8733 103.217
10.8936 103.135
11.1744 103.103
11.2828 103.078
11.3061 103.146
11.4436 103.064
11.46 103.126
11.4242 103.17
11.4914 103.142
11.4636 103.106
11.5453 103.034
11.5386 102.994
11.5514 102.956
11.635 102.989
11.6297 103.044
11.6699 102.966
11.7086 102.998
11.7025 103.065
11.7264 103.083
11.7136 102.975
11.7139 102.967
11.5697 102.954
11.6334 102.914
11.7428 102.916
11.9997 102.782
12.3036 102.737
12.4247 102.789
12.6267 102.592
12.665 102.512
12.7669 102.525
13.0119 102.496
13.2672 102.351
13.5717 102.36
13.5678 102.527
13.6069 102.623
13.6525 102.561
13.6814 102.563
13.7636 102.722
13.9344 102.79
14.1047 102.92
14.203 102.958
14.3328 103.229
14.3967 103.508
14.4478 103.659
14.44 103.696
14.3905 103.701
14.3644 103.974
14.3867 104.188
14.3722 104.443
14.3647 104.572
14.4378 104.715
14.4305 104.782
14.4225 104.881
14.3833 105.002
14.2478 105.033
14.2183 105.069
14.2397 105.137
14.3526 105.21
14.2844 105.21
14.1094 105.364
14.1408 105.517
14.1517 105.598
14.1115 105.732
14.0072 105.849
14.0002 105.857
13.9269 105.939
13.92 106.092
14.0503 106.174
14.1867 106.102
14.2247 106.042
14.3433 105.994
14.3603 106.028
14.3756 106.21
14.4464 106.247
14.4933 106.251
14.4453 106.332
180.0 180.0
9.13038e-315 7.72719e-321
