CIC_MPM_VERS = 1.0
COMMENT Generated by Spacebel CCSDS library
CREATION_DATE = 2017-02-24T16:24:57.639718
ORIGINATOR = SVG² Control

META_START

USER_DEFINED_PROTOCOL = NONE
USER_DEFINED_CONTENT = REGION OF INTEREST
USER_DEFINED_SIZE = 2
USER_DEFINED_TYPE = REAL
USER_DEFINED_UNIT = [deg]

META_STOP

13.0816 14.075
13.0847 14.4431
12.97 14.5261
12.8775 14.508
12.8646 14.5201
12.8279 14.5546
12.7636 14.5519
12.7103 14.715
12.6539 14.7072
12.6733 14.7456
12.4411 14.8756
12.1428 14.9017
12.0841 15.0451
12.033 15.0536
11.945 15.0517
11.7814 15.1111
11.6817 15.0628
11.525 15.14
11.4897 15.1055
11.1861 15.0175
10.8894 15.0786
10.8055 15.0567
10.7472 15.0872
10.5192 15.1397
10.2286 15.3878
9.99243 15.6789
9.92694 15.4222
9.98777 15.2328
9.94638 15.0314
9.97166 14.9203
9.92111 14.7764
9.99888 14.4583
9.98166 14.1905
9.81139 14.1086
9.73 14.01
9.63444 13.9603
9.13416 14.4175
8.81111 14.8247
8.81777 14.8528
8.49722 15.1928
8.35166 15.258
7.8775 15.4467
7.77417 15.5036
7.75833 15.58
7.68667 15.5842
7.52643 15.4991
7.42889 15.4292
7.39583 15.4603
7.24611 15.2397
6.77861 15.0592
6.73361 14.9586
6.34666 14.805
6.2625 14.7403
6.12972 14.4881
6.04417 14.4144
5.92 14.485
5.91083 14.5633
5.93055 14.5928
5.83917 14.6217
5.69778 14.6244
5.60417 14.5892
5.42055 14.6011
5.29361 14.5317
5.11428 14.6876
4.85861 14.703
4.62305 14.7328
4.47667 14.8922
4.36222 15.0439
4.17194 15.1028
4.1144 15.1229
4.04694 15.1908
4.02916 15.0439
3.92056 15.0769
3.67389 15.2603
3.10556 15.8694
3.10611 15.9389
2.86417 16.1105
2.82333 16.1128
2.79667 16.0717
2.70611 16.0781
2.70583 16.1152
2.65639 16.0919
2.30028 16.1644
2.2211 16.2064
2.16639 16.09
1.97333 16.0606
1.87389 16.1242
1.72667 16.1625
1.65417 16.0722
1.76111 16.0178
1.78056 15.9328
1.825 15.8719
1.97639 15.4864
1.92055 15.3372
1.99222 15.2728
2.03972 15.1514
2.00833 15.1414
1.98 15.0722
2.03194 14.98
2.00361 14.9539
2.00389 14.8878
2.05333 14.9108
2.1125 14.8614
2.06083 14.8053
2.20399 14.5678
2.16055 14.5239
2.16139 14.3783
2.16028 13.73
2.16407 13.2942
2.26639 13.255
2.28028 13.1319
2.24639 13.0856
2.25611 13
2.23278 12.755
2.27433 12.5757
2.31728 12.3369
2.28028 12.1622
2.31306 11.6247
2.30359 11.3684
2.16861 11.3404
2.16778 10.6736
2.16737 10.0229
2.2425 9.85083
2.34607 9.80855
2.66806 9.845
3.08167 9.96667
3.24083 9.90944
3.41389 9.79527
3.53389 9.64278
3.63055 9.81027
3.59444 9.68166
3.60361 9.62
3.81417 9.54305
3.775 9.60111
3.8375 9.59472
3.86861 9.61777
3.83361 9.66528
3.85472 9.69278
3.82361 9.74361
3.8725 9.70222
3.90722 9.67861
3.95583 9.7675
3.94167 9.62583
3.96028 9.61472
4.09972 9.72416
4.03028 9.63
4.01166 9.5575
4.11 9.47444
4.05917 9.48222
3.97806 9.52889
3.96611 9.4925
4.00444 9.47666
4.01389 9.42111
3.90583 9.46389
3.90861 9.35139
3.94222 9.31
3.9825 9.29666
4.01917 9.31805
3.97833 9.275
3.96056 9.2325
4.01333 9.20333
4.01222 9.11694
4.10889 8.96805
4.21408 8.9868
4.38167 8.905
4.54694 8.93361
4.64083 8.84167
4.58944 8.86639
4.5375 8.86583
4.58361 8.81639
4.55528 8.80805
4.54055 8.78444
4.58 8.72139
4.66639 8.68555
4.68667 8.6425
4.51944 8.72472
4.49444 8.70194
4.51333 8.51694
4.56389 8.5025
4.5725 8.53333
4.62861 8.51056
4.81051 8.59048
4.82694 8.63611
4.89472 8.62194
5.188 8.82401
5.23416 8.82805
5.6075 8.92028
5.71361 8.83361
5.78611 8.88888
5.81982 8.86067
5.85472 8.88
5.91 9.00639
5.94472 9.00333
6.20778 9.295
6.32583 9.36333
6.32778 9.435
6.40444 9.46861
6.44694 9.57666
6.52167 9.61222
6.52278 9.71139
6.80166 9.79555
6.77583 9.87472
7.01917 10.1672
6.90055 10.205
6.87583 10.2564
6.87805 10.5133
7.13416 10.5961
7.05361 10.62
6.94694 10.8542
6.82778 10.8828
6.77805 10.9433
6.77861 11.0192
6.69778 11.0822
6.59111 11.0733
6.44416 11.1169
6.43333 11.1547
6.46028 11.3889
6.59694 11.445
6.60417 11.5147
6.6675 11.5625
6.78527 11.5878
6.82111 11.5547
6.89222 11.5875
7.05083 11.7914
7.07805 11.8867
7.12305 11.8942
7.27055 11.7497
7.40222 11.86
7.57778 12.0436
7.73972 12.0436
7.97472 12.2228
8.39389 12.2472
8.42833 12.2753
8.43027 12.3533
8.51861 12.4217
8.61305 12.3864
8.62888 12.4925
8.60055 12.5689
8.66083 12.6875
8.75944 12.7283
8.76583 12.7942
8.8475 12.8242
9.08555 12.8414
9.23527 12.9089
9.34361 12.9136
9.36008 12.8489
9.50833 13.0528
9.51583 13.1564
9.55527 13.2211
9.67694 13.2514
9.90972 13.2283
9.98499 13.2655
10.0317 13.2439
10.0861 13.2664
10.1111 13.3981
10.1917 13.4705
10.2389 13.4586
10.6825 13.5783
10.7558 13.6375
11.1706 13.8867
11.2833 14.0092
11.2336 14.158
11.2508 14.1958
11.5056 14.6178
11.5758 14.6464
11.6469 14.6411
11.7153 14.5583
11.915 14.6494
12.0356 14.6192
12.1508 14.6742
12.1872 14.6572
12.2322 14.5528
12.3358 14.4908
12.3842 14.1739
12.4439 14.1881
12.4695 14.1835
13.0816 14.075
