CIC_MPM_VERS = 1.0
COMMENT Generated by Spacebel CCSDS library
CREATION_DATE = 2017-02-24T16:24:57.739219
ORIGINATOR = SVG² Control

META_START

USER_DEFINED_PROTOCOL = NONE
USER_DEFINED_CONTENT = REGION OF INTEREST
USER_DEFINED_SIZE = 2
USER_DEFINED_TYPE = REAL
USER_DEFINED_UNIT = [deg]

META_STOP

16.9217 -25.1864
16.925 -25.3125
17.0025 -25.3172
17.05 -25.3606
17.0936 -25.3344
17.1208 -25.2656
17.1917 -25.0917
17.1128 -24.9747
17.0767 -24.9828
16.9217 -25.1864
180.0 180.0
14.9086 -23.4936
14.925 -23.6633
15.0011 -23.7286
15.0717 -23.792
15.1983 -23.7631
15.2717 -23.7711
15.3244 -23.7631
15.3058 -23.6947
15.2739 -23.7061
15.2361 -23.6522
15.0061 -23.4447
14.9086 -23.4936
180.0 180.0
14.8122 -24.3683
14.855 -24.4806
14.9319 -24.5225
15.0014 -24.4681
15.0475 -24.382
15.0114 -24.3136
14.8603 -24.2994
14.8122 -24.3683
180.0 180.0
15.9781 -22.8008
16.0022 -22.9095
16.045 -22.9625
16.2378 -22.9181
16.2011 -22.8483
16.2339 -22.7931
16.1475 -22.6725
16.0558 -22.6839
15.9781 -22.8008
180.0 180.0
9.13038e-315 7.65802e-321
