CIC_MPM_VERS = 1.0
COMMENT Generated by Spacebel CCSDS library
CREATION_DATE = 2017-02-24T16:24:57.797719
ORIGINATOR = SVG² Control

META_START

USER_DEFINED_PROTOCOL = NONE
USER_DEFINED_CONTENT = REGION OF INTEREST
USER_DEFINED_SIZE = 2
USER_DEFINED_TYPE = REAL
USER_DEFINED_UNIT = [deg]

META_STOP

10.955 22.7675
10.9239 22.8812
10.6986 23.0094
10.4592 23.3039
9.86694 23.6692
9.67166 23.6947
9.54611 23.6261
9.28 23.6522
9.17416 23.4928
9.025 23.4486
8.96889 23.4853
8.9575 23.5286
9.00528 23.5653
8.98861 23.583
8.90611 23.5817
8.80139 23.5042
8.71416 23.5178
8.69722 24.2308
8.69111 24.2533
8.58305 24.2692
8.47777 24.1658
8.37583 24.1403
8.31611 24.1772
8.24916 24.3508
8.27139 24.46
8.20805 24.535
8.19278 24.8044
8.16974 24.8551
8.02333 24.97
7.92111 25.0539
7.89305 25.1489
7.87278 25.2255
7.78333 25.2864
7.65 25.2961
7.59278 25.19
7.4975 25.2069
7.42528 25.3311
7.33944 25.3742
6.99833 26.0483
6.85028 26.0944
6.65528 26.3967
6.58917 26.385
6.44944 26.3061
6.3925 26.3014
6.22111 26.5236
6.17361 26.5236
6.11611 26.4508
6.07778 26.4375
6.10972 26.5142
6.01444 26.6122
5.98 26.8086
5.905 26.8294
5.77194 27.1428
5.54889 27.2819
5.43889 27.2378
5.23583 27.2955
5.08361 27.458
5.01714 27.4559
5.07472 27.4194
5.20278 27.0964
5.14611 26.9453
5.03139 26.8725
5.08111 26.6464
5.04472 26.5005
5.23 26.1636
5.24055 26.0883
5.19111 26.0311
5.23167 25.9733
5.16583 25.9053
5.2175 25.8758
5.23639 25.7958
5.3475 25.5208
5.31472 25.3619
5.19111 25.3106
5.0575 25.3236
5.00694 25.2278
4.99805 25.1128
4.94722 25.0758
4.98778 24.9772
4.91805 24.6728
5.07722 24.5256
5.10639 24.4536
5.06528 24.4317
5.11555 24.3942
5.06 24.355
5.03527 24.4019
4.9 24.1519
4.92 24.1056
4.77583 23.7092
4.65889 23.45
4.59194 23.4264
4.62472 23.2722
4.72444 23.1867
4.74305 23.0225
4.82861 22.9792
4.81917 22.8908
4.70694 22.8558
4.72361 22.7928
4.62278 22.7267
4.49305 22.6942
4.47722 22.6014
4.41166 22.5872
4.36916 22.6131
4.15528 22.4681
4.12861 22.3914
4.13416 22.2597
4.23416 21.9258
4.29916 21.6586
4.24583 21.5519
4.28 21.3553
4.33417 21.2828
4.30389 21.1722
4.42666 20.9844
4.44916 20.8386
4.40805 20.6147
4.41472 20.5761
4.51917 20.4564
4.72583 20.3703
4.79222 20.2811
5.04167 19.8658
5.08833 19.8383
5.15028 19.5664
5.12 19.3983
5.02781 19.2841
4.91805 19.0889
4.52639 18.8161
4.42333 18.7767
4.37028 18.7147
4.37055 18.5822
4.33555 18.5419
4.29916 18.5378
4.23111 18.5914
4.0025 18.6489
3.76917 18.595
3.47886 18.626
3.55333 18.5489
3.59889 18.5333
3.64194 18.4814
3.5775 18.3981
3.58306 18.2725
3.49917 18.2339
3.48278 18.1839
3.55083 18.1439
3.56639 18.0494
3.53917 17.9889
3.5775 17.9389
3.53611 17.865
3.63055 17.76
3.64833 17.5794
3.71083 17.4936
3.67972 17.4139
3.61528 17.3561
3.57667 17.0772
3.53528 16.9878
3.56583 16.8767
3.52444 16.8619
3.54528 16.6992
3.48194 16.5889
3.15667 16.4828
2.84944 16.5017
2.2211 16.2064
2.30028 16.1644
2.65639 16.0919
2.70583 16.1152
2.70611 16.0781
2.79667 16.0717
2.82333 16.1128
2.86417 16.1105
3.10611 15.9389
3.10556 15.8694
3.67389 15.2603
3.92056 15.0769
4.02916 15.0439
4.04694 15.1908
4.1144 15.1229
4.17194 15.1028
4.36222 15.0439
4.47667 14.8922
4.62305 14.7328
4.85861 14.703
5.11428 14.6876
5.29361 14.5317
5.42055 14.6011
5.60417 14.5892
5.69778 14.6244
5.83917 14.6217
5.93055 14.5928
5.91083 14.5633
5.92 14.485
6.04417 14.4144
6.12972 14.4881
6.2625 14.7403
6.34666 14.805
6.73361 14.9586
6.77861 15.0592
7.24611 15.2397
7.39583 15.4603
7.42889 15.4292
7.52643 15.4991
7.51833 15.5186
7.52389 15.6892
7.45778 15.7828
7.63722 16.2514
7.67884 16.4045
7.78 16.4036
7.87333 16.5644
7.815 16.5633
7.75667 16.6292
7.67694 16.63
7.54597 16.8174
7.64528 16.9467
7.72805 17.1658
7.87778 17.3914
7.98498 17.7085
7.95833 17.8836
8.01667 18.0461
8.04027 18.5889
8.06722 18.625
8.14583 18.6367
8.21416 18.6867
8.26083 18.8094
8.57694 19.0622
8.67277 19.1258
8.83504 18.8841
8.92055 18.9294
9.01361 19.1094
8.99722 19.3889
9.04694 19.865
9.13527 20.0675
9.10444 20.3289
9.15777 20.4555
9.28055 20.5019
9.29833 20.6678
9.34277 20.6592
9.36416 20.7067
9.59 20.9533
9.68527 20.9969
9.98111 21.2694
9.95861 21.3422
10.0069 21.4083
10.1511 21.4772
10.2428 21.6739
10.3325 21.7189
10.5269 21.7008
10.6419 21.7239
10.7347 22.0039
10.8078 22.015
10.8342 22.0639
10.8189 22.1844
10.8703 22.2019
11.0014 22.4661
10.955 22.7675
