CIC_MPM_VERS = 1.0
COMMENT Generated by Spacebel CCSDS library
CREATION_DATE = 2017-02-24T16:24:57.821718
ORIGINATOR = SVG² Control

META_START

USER_DEFINED_PROTOCOL = NONE
USER_DEFINED_CONTENT = REGION OF INTEREST
USER_DEFINED_SIZE = 2
USER_DEFINED_TYPE = REAL
USER_DEFINED_UNIT = [deg]

META_STOP

23.0004 15.0006
23.4506 16.0008
22.3444 18.3636
21.6052 19.8869
20.8522 21.3947
19.4978 23.9996
18.9664 23.9994
17.3331 23.9996
15.6994 23.9997
15.7561 23.6853
15.7261 23.4792
15.6853 23.3814
15.7106 23.1183
15.5625 22.9378
15.5097 22.9194
15.3858 22.9953
15.2311 22.9847
15.1161 22.9358
15.0944 22.8683
14.9769 22.7533
14.8542 22.6689
14.6914 22.7025
14.6003 22.4161
14.5542 22.3842
14.5231 22.3814
14.4894 22.4419
14.2822 22.4403
14.2522 22.4567
14.2319 22.5553
14.1642 22.5669
14.1208 22.5525
14.1008 22.4769
13.9658 22.2339
13.7792 22.0844
13.7281 22.1386
13.6344 22.1536
13.5847 22.2172
13.3778 22.2953
13.2764 22.2289
13.1533 22.08
13.0875 21.9725
12.8039 21.8283
12.6767 21.9006
12.6397 21.9708
12.65 22.1253
12.7472 22.2233
12.6217 22.4669
12.4653 22.3839
12.1869 22.4978
12.0342 22.4767
12.0836 22.6255
11.6656 22.5528
11.5344 22.6255
11.4017 22.7911
11.4158 22.9308
11.2158 22.9753
10.9239 22.8812
10.955 22.7675
11.0014 22.4661
10.8703 22.2019
10.8189 22.1844
10.8342 22.0639
10.8078 22.015
10.7347 22.0039
10.6419 21.7239
10.5269 21.7008
10.3325 21.7189
10.2428 21.6739
10.1511 21.4772
10.0069 21.4083
9.95861 21.3422
9.98111 21.2694
9.68527 20.9969
9.59 20.9533
9.36416 20.7067
9.34277 20.6592
9.29833 20.6678
9.28055 20.5019
9.15777 20.4555
9.10444 20.3289
9.13527 20.0675
9.04694 19.865
8.99722 19.3889
9.01361 19.1094
8.92055 18.9294
8.83504 18.8841
8.67277 19.1258
8.57694 19.0622
8.26083 18.8094
8.21416 18.6867
8.14583 18.6367
8.06722 18.625
8.04027 18.5889
8.01667 18.0461
7.95833 17.8836
7.98498 17.7085
7.87778 17.3914
7.72805 17.1658
7.64528 16.9467
7.54597 16.8174
7.67694 16.63
7.75667 16.6292
7.815 16.5633
7.87333 16.5644
7.78 16.4036
7.67884 16.4045
7.63722 16.2514
7.45778 15.7828
7.52389 15.6892
7.51833 15.5186
7.52643 15.4991
7.68667 15.5842
7.75833 15.58
7.77417 15.5036
7.8775 15.4467
8.35166 15.258
8.49722 15.1928
8.81777 14.8528
8.81111 14.8247
9.13416 14.4175
9.63444 13.9603
9.73 14.01
9.81139 14.1086
9.98166 14.1905
9.99888 14.4583
9.92111 14.7764
9.97166 14.9203
9.94638 15.0314
9.98777 15.2328
9.92694 15.4222
9.99243 15.6789
10.2286 15.3878
10.5192 15.1397
10.7472 15.0872
10.8055 15.0567
10.8894 15.0786
11.1861 15.0175
11.4897 15.1055
11.525 15.14
11.6817 15.0628
11.7814 15.1111
11.945 15.0517
12.033 15.0536
12.0841 15.0451
12.1428 14.9017
12.4411 14.8756
12.6733 14.7456
12.6539 14.7072
12.7103 14.715
12.7636 14.5519
12.8279 14.5546
12.8646 14.5201
12.8775 14.508
12.97 14.5261
13.0847 14.4431
13.0816 14.075
13.3248 13.9032
13.5248 13.7619
13.7182 13.6252
13.9919 13.5624
14.4281 13.4622
14.4683 13.4755
14.5419 13.6653
14.5725 13.6842
14.6458 13.6608
14.7328 13.7942
14.8481 13.7672
15.0378 13.8592
15.7339 14.3689
16.9003 15.4886
17.3339 15.524
18.6044 15.5925
19.9325 15.7539
20.3531 15.9967
20.7797 15.5686
20.8844 15.5583
20.93 15.5844
20.9553 15.6272
21.4453 15.2844
21.4958 15.2025
21.9989 15.1947
23.0004 15.0006
