CIC_MPM_VERS = 1.0
COMMENT Generated by Spacebel CCSDS library
CREATION_DATE = 2017-02-24T16:24:57.906218
ORIGINATOR = SVG² Control

META_START

USER_DEFINED_PROTOCOL = NONE
USER_DEFINED_CONTENT = REGION OF INTEREST
USER_DEFINED_SIZE = 2
USER_DEFINED_TYPE = REAL
USER_DEFINED_UNIT = [deg]

META_STOP

-47.9877 -74.3465
-47.9366 -74.4996
-47.8558 -74.411
-47.845 -74.3585
-47.8888 -74.2557
-47.8361 -74.3321
-47.8105 -74.2826
-47.8711 -73.8379
-47.9238 -73.8182
-47.9591 -73.8301
-47.97 -73.9315
-47.9322 -73.9265
-47.9877 -74.3465
180.0 180.0
-43.9388 -73.9968
-43.8936 -74.1258
-43.8778 -74.1725
-43.8211 -74.1544
-43.8106 -74.0733
-43.8325 -73.9428
-43.7622 -73.8683
-43.8217 -73.7897
-43.8881 -73.7628
-43.8947 -73.8539
-43.8717 -73.9103
-43.8492 -73.8656
-43.8495 -73.9569
-43.8786 -73.9689
-43.9042 -73.9067
-43.9388 -73.9968
180.0 180.0
-51.6145 -75.3156
-51.5478 -75.3195
-51.4906 -75.2228
-51.4267 -75.2239
-51.282 -75.1672
-51.2656 -75.1303
-51.3711 -75.1486
-51.3103 -75.11
-51.3358 -75.005
-51.4017 -75.0028
-51.4736 -75.11
-51.4258 -75.1592
-51.5428 -75.1339
-51.5797 -75.1561
-51.5533 -75.2131
-51.6047 -75.2008
-51.6145 -75.3156
180.0 180.0
-55.0431 -69.9064
-54.9997 -69.9006
-54.9681 -69.9528
-54.9469 -69.9414
-54.9492 -69.8445
-54.9158 -69.9259
-54.895 -69.927
-54.8781 -69.8275
-54.9417 -69.7406
-54.9189 -69.692
-54.8844 -69.7703
-54.8675 -69.7397
-54.8942 -69.5253
-54.9478 -69.5269
-54.9028 -69.4453
-54.945 -69.1987
-54.9636 -69.1689
-55.0431 -69.9064
180.0 180.0
-48.69 -75.4831
-48.6876 -75.606
-48.6617 -75.6047
-48.6614 -75.5045
-48.6306 -75.447
-48.6222 -75.4689
-48.6375 -75.6147
-48.5911 -75.6683
-48.4483 -75.6239
-48.4314 -75.3464
-48.5045 -75.3417
-48.5947 -75.3153
-48.69 -75.4831
180.0 180.0
-46.1075 -74.9164
-46.0978 -75.0718
-46.0486 -75.102
-46.0083 -74.9856
-45.9886 -74.9603
-45.955 -75.0859
-45.8828 -75.11
-45.8625 -75.0706
-45.9311 -74.8847
-45.9095 -74.8781
-45.8728 -74.9675
-45.8644 -74.9339
-45.885 -74.8842
-45.8059 -74.7453
-45.8047 -74.7175
-45.9186 -74.745
-46.0092 -74.7769
-46.1075 -74.9164
180.0 180.0
-49.295 -74.9206
-49.2738 -74.9581
-49.1636 -75.0675
-49.1717 -75.1978
-49.1314 -75.1189
-49.1547 -75.237
-49.1042 -75.2114
-49.0489 -75.1461
-49.0228 -75.1175
-49.0825 -74.9928
-49.0286 -74.9794
-49.0842 -74.8942
-49.295 -74.9206
180.0 180.0
-55.312 -67.2995
-55.2825 -67.4392
-55.2531 -67.4606
-55.2136 -67.4209
-55.1803 -67.4708
-55.1703 -67.5467
-55.1883 -67.6114
-55.2639 -67.6397
-55.2636 -67.8094
-55.2436 -67.8822
-55.2353 -67.7358
-55.1833 -67.9364
-55.2267 -67.9808
-55.2369 -68.0956
-55.2075 -68.1519
-55.1753 -68.1142
-55.1095 -68.1886
-54.9914 -68.1783
-54.9953 -68.315
-54.9445 -68.3645
-54.9211 -68.3336
-54.9194 -67.4083
-54.9631 -67.1853
-55.1069 -67.0558
-55.1775 -67.0781
-55.3025 -67.2309
-55.312 -67.2995
180.0 180.0
-55.2111 -70.4833
-55.1592 -70.5031
-55.1606 -70.5431
-55.2014 -70.5175
-55.2111 -70.5458
-55.1758 -70.567
-55.1219 -70.55
-55.0611 -70.5756
-55.1292 -70.7028
-55.11 -70.7414
-55.065 -70.7169
-55.0717 -70.7953
-55.0806 -70.9289
-55.0228 -70.9992
-54.9997 -70.9164
-54.977 -71.0108
-54.9586 -71.0056
-54.9319 -70.8536
-54.9695 -70.8639
-54.9778 -70.7953
-54.9386 -70.7914
-54.9725 -70.5819
-54.9583 -70.5978
-54.912 -70.5192
-54.8987 -70.3509
-54.937 -70.3842
-54.9467 -70.4969
-54.995 -70.5108
-55.0172 -70.7128
-55.082 -70.2953
-55.1106 -70.2639
-55.1314 -70.2975
-55.0981 -70.4339
-55.1225 -70.4494
-55.1547 -70.3736
-55.2111 -70.4833
180.0 180.0
-52.6436 -68.6183
-53.3178 -68.6242
-53.9914 -68.6289
-54.5002 -68.6329
-54.5474 -68.6333
-54.6586 -68.6342
-54.7882 -68.6369
-54.7869 -68.6381
-54.802 -68.6422
-54.8075 -68.6372
-54.8845 -68.6385
-54.8868 -68.6291
-54.8891 -68.6422
-54.8017 -68.9083
-54.8867 -68.7447
-54.9145 -68.7631
-54.9503 -69.0561
-54.827 -69.6336
-54.6975 -69.6253
-54.7628 -69.6681
-54.6917 -69.7089
-54.7972 -69.7131
-54.7883 -69.765
-54.7253 -69.7603
-54.72 -69.7872
-54.8031 -69.797
-54.8183 -69.8175
-54.8183 -69.9273
-54.7675 -69.9706
-54.6833 -69.9583
-54.685 -69.9786
-54.7272 -70.0017
-54.8258 -69.9745
-54.8536 -70.0795
-54.7911 -70.1333
-54.8336 -70.1381
-54.8547 -70.182
-54.8547 -70.2756
-54.8325 -70.3214
-54.7888 -70.3193
-54.8333 -70.3572
-54.8075 -70.6675
-54.8414 -70.7511
-54.8233 -70.8281
-54.7895 -70.8345
-54.6558 -70.4867
-54.6331 -70.4545
-54.6253 -70.5403
-54.6656 -70.6245
-54.7556 -70.9131
-54.7061 -70.9103
-54.6897 -70.7781
-54.6767 -70.8175
-54.6717 -70.9397
-54.76 -70.9931
-54.7783 -71.0325
-54.7608 -71.047
-54.6264 -70.9472
-54.5931 -71.0481
-54.6536 -71.0453
-54.6458 -71.0831
-54.6803 -71.2514
-54.6681 -71.3008
-54.6489 -71.2942
-54.6397 -71.2
-54.5784 -71.265
-54.5236 -71.3314
-54.5306 -71.3614
-54.5703 -71.3372
-54.5528 -71.4008
-54.5781 -71.4108
-54.6108 -71.3364
-54.6545 -71.4825
-54.6894 -71.477
-54.6767 -71.5197
-54.5936 -71.4917
-54.652 -71.575
-54.6167 -71.58
-54.582 -71.5917
-54.6561 -71.6428
-54.6539 -71.6739
-54.6283 -71.6844
-54.6011 -71.7181
-54.6575 -71.9064
-54.6489 -71.9628
-54.6183 -71.977
-54.5811 -71.8881
-54.5192 -72.0025
-54.5136 -71.9364
-54.4753 -72.0008
-54.455 -71.9939
-54.4917 -71.8697
-54.5383 -71.8461
-54.5767 -71.6872
-54.5578 -71.6986
-54.5097 -71.7447
-54.5508 -71.6011
-54.5303 -71.6219
-54.4631 -71.7156
-54.4708 -71.8253
-54.4181 -71.8478
-54.3975 -71.7536
-54.4242 -71.735
-54.5031 -71.6181
-54.4975 -71.4958
-54.4797 -71.4947
-54.4661 -71.5811
-54.4211 -71.62
-54.4061 -71.5894
-54.4461 -71.5403
-54.4072 -71.5292
-54.4603 -71.3864
-54.4358 -71.3256
-54.4045 -71.4295
-54.3745 -71.3681
-54.4397 -71.1725
-54.5086 -71.1039
-54.4725 -71.1225
-54.437 -71.1425
-54.4739 -70.9706
-54.342 -70.9506
-54.3286 -70.6692
-54.3395 -70.6158
-54.5564 -70.7792
-54.6 -70.7692
-54.5547 -70.7389
-54.6095 -70.6439
-54.5361 -70.7067
-54.4522 -70.6708
-54.3908 -70.5872
-54.5297 -70.2853
-54.5 -70.2992
-54.5489 -70.1308
-54.3733 -70.5011
-54.3161 -70.5153
-54.2842 -70.567
-54.2656 -70.8325
-54.2369 -70.8781
-54.1803 -70.8956
-54.1156 -70.9325
-54.3764 -70.2183
-54.4283 -70.1428
-54.3864 -70.1489
-54.3842 -70.0722
-54.3686 -70.0678
-54.3503 -70.1683
-54.3278 -70.2006
-54.3047 -70.185
-54.2489 -70.0764
-54.2972 -69.9728
-54.3769 -69.9683
-54.4236 -69.8761
-54.4978 -69.8861
-54.4756 -69.8072
-54.5075 -69.78
-54.5372 -69.8014
-54.5558 -69.7617
-54.4853 -69.7389
-54.315 -69.8856
-54.2858 -69.8661
-54.3239 -69.6844
-54.4394 -69.5589
-54.4233 -69.5231
-54.3761 -69.5706
-54.3395 -69.5456
-54.4406 -69.2553
-54.4658 -69.2278
-54.6189 -69.4136
-54.6868 -69.3764
-54.5664 -69.3039
-54.5292 -69.2495
-54.5283 -69.2167
-54.5808 -69.1778
-54.5517 -69.1484
-54.4928 -69.1764
-54.4553 -69.1581
-54.4764 -69.0083
-54.4244 -69.0025
-54.1931 -69.7661
-54.1011 -70.0425
-53.8536 -70.1725
-53.7811 -70.1864
-53.7425 -70.1461
-53.5206 -69.4
-53.4978 -69.3447
-53.3617 -69.3509
-53.3353 -69.3758
-53.352 -69.8922
-53.4709 -70.1989
-53.45 -70.2833
-53.3681 -70.4467
-53.2806 -70.4808
-53.0403 -70.4575
-52.9472 -70.3578
-53.0397 -70.3417
-53.0169 -70.1897
-52.9869 -70.1367
-52.9111 -70.1
-52.882 -70.1078
-52.8939 -70.2892
-52.8147 -70.2631
-52.7853 -70.2914
-52.7781 -70.4222
-52.7403 -70.3764
-52.7172 -70.17
-52.7758 -70.0736
-52.8253 -70.0072
-52.8317 -69.9414
-52.7617 -69.7409
-52.6436 -69.6158
-52.5403 -69.6239
-52.4661 -69.4525
-52.5006 -69.3664
-52.6503 -69.2203
-52.6844 -69.1519
-52.6428 -68.9522
-52.5442 -68.785
-52.6436 -68.6183
180.0 180.0
-50.8484 -74.2219
-50.8031 -74.2383
-50.7992 -74.3117
-50.8464 -74.3114
-50.8461 -74.3542
-50.7461 -74.4033
-50.7461 -74.4917
-50.7225 -74.5192
-50.64 -74.5744
-50.5778 -74.5086
-50.5286 -74.4211
-50.4845 -74.6678
-50.4239 -74.5625
-50.4203 -74.5314
-50.4706 -74.4936
-50.4547 -74.3764
-50.6786 -74.237
-50.6761 -74.2992
-50.7186 -74.2808
-50.7558 -74.1906
-50.7933 -74.1764
-50.8484 -74.2219
180.0 180.0
-48.7032 -75.2415
-48.4981 -75.3195
-48.4203 -75.2694
-48.3983 -75.3217
-48.3436 -75.3233
-48.4139 -75.447
-48.4258 -75.5178
-48.4086 -75.5558
-48.385 -75.5567
-48.3106 -75.385
-48.2914 -75.3989
-48.3256 -75.5353
-48.292 -75.552
-48.2103 -75.4647
-48.2336 -75.5311
-48.0956 -75.5872
-48.0353 -75.5136
-48.0078 -75.3514
-48.4122 -75.1703
-48.4056 -75.14
-48.4714 -75.0983
-48.5961 -75.072
-48.6967 -75.1956
-48.7032 -75.2415
180.0 180.0
-54.3347 -71.8319
-54.3283 -71.9745
-54.2528 -71.9472
-54.2295 -71.9053
-54.17 -72.0881
-54.1461 -72.0872
-54.1256 -72.125
-54.115 -72.0433
-54.0522 -72.1197
-54.1022 -72.165
-54.0939 -72.2067
-54.0533 -72.2289
-54.0078 -72.1986
-53.9647 -72.2531
-53.9281 -72.255
-53.9361 -72.132
-53.9867 -72.0797
-53.9594 -72.0722
-53.8933 -71.9625
-53.8661 -71.995
-53.8506 -71.9408
-53.9136 -71.8378
-53.9639 -71.8586
-53.9469 -71.8244
-53.905 -71.7578
-53.9167 -71.6597
-53.9441 -71.6713
-54.0003 -71.7939
-54.0003 -71.745
-53.9839 -71.6945
-54.0236 -71.695
-54.0789 -71.735
-54.0814 -71.6531
-54.1603 -71.73
-54.1539 -71.8022
-54.0536 -71.9214
-54.0086 -71.9236
-54.0195 -71.9539
-54.117 -71.9181
-54.2597 -71.7589
-54.2828 -71.8664
-54.3347 -71.8319
180.0 180.0
-51.1119 -74.7208
-51.0844 -74.7531
-51.0139 -74.6767
-50.9928 -74.7694
-51.0781 -74.8058
-51.0509 -74.8886
-50.98 -74.8372
-50.9592 -74.8986
-50.9864 -74.9433
-50.9658 -74.9647
-50.9289 -74.9569
-50.8844 -74.9256
-50.9322 -74.6181
-50.887 -74.5845
-50.8956 -74.6442
-50.8558 -74.6461
-50.8297 -74.6203
-50.7997 -74.6133
-50.7267 -74.6578
-50.7808 -74.487
-50.8303 -74.4595
-50.8256 -74.415
-50.8786 -74.3947
-50.9203 -74.4303
-51.0106 -74.3719
-51.0842 -74.3925
-51.0872 -74.4128
-51.0081 -74.4564
-51.0286 -74.5622
-51.04 -74.632
-51.0883 -74.6222
-51.1119 -74.7208
180.0 180.0
-45.0247 -74.3112
-45.0153 -74.3645
-44.9797 -74.3497
-44.8694 -74.1833
-44.9017 -73.9664
-44.9522 -73.9122
-44.9845 -73.9806
-44.995 -74.1945
-45.0247 -74.3112
180.0 180.0
-51.8018 -74.0228
-51.7175 -74.2206
-51.6889 -74.2389
-51.6703 -74.1403
-51.6011 -74.1522
-51.6131 -74.0806
-51.5511 -74.1039
-51.54 -74.0778
-51.6656 -73.9881
-51.7142 -74.0078
-51.757 -73.9264
-51.7794 -73.9283
-51.8018 -74.0228
180.0 180.0
-54.2281 -70.5139
-54.1831 -70.697
-54.0597 -70.8714
-53.9361 -70.8992
-53.8508 -70.8417
-53.8503 -70.7122
-53.8703 -70.64
-53.8483 -70.6067
-53.8142 -70.6295
-53.7864 -70.6997
-53.705 -70.7111
-53.5633 -70.5417
-53.5583 -70.487
-53.6072 -70.4827
-53.8383 -70.4503
-53.9003 -70.4486
-53.9947 -70.3544
-54.0217 -70.35
-54.0414 -70.3981
-54.0336 -70.4764
-53.9142 -70.6717
-53.9728 -70.6622
-54.137 -70.5325
-54.2281 -70.5139
180.0 180.0
-52.3909 -74.1467
-52.3689 -74.1936
-52.3272 -74.1844
-52.3206 -74.2486
-52.2908 -74.1945
-52.2486 -74.2339
-52.2283 -74.2
-52.2539 -74.1053
-52.1542 -74.272
-52.1675 -74.362
-52.1447 -74.4164
-52.0945 -74.3481
-52.0836 -74.3006
-52.3136 -73.9431
-52.3567 -73.977
-52.3909 -74.1467
180.0 180.0
-43.382 -73.8361
-43.3795 -73.9014
-43.355 -73.9464
-43.3153 -74.2753
-43.2692 -74.3872
-43.2436 -74.4081
-42.9675 -74.2195
-42.9225 -74.237
-42.8947 -74.1825
-42.5861 -74.1481
-42.5003 -74.2142
-42.232 -74.1731
-42.075 -74.0514
-41.8108 -74.0614
-41.7731 -74.0283
-41.8128 -73.9467
-41.7789 -73.9172
-41.8156 -73.8856
-41.8445 -73.9086
-41.8247 -73.9875
-41.8414 -74.0095
-41.8978 -73.8781
-41.8597 -73.8228
-41.9061 -73.767
-41.8561 -73.7797
-41.8097 -73.6881
-41.8397 -73.5056
-41.9367 -73.5786
-42.0583 -73.4486
-42.0842 -73.4508
-42.1097 -73.4989
-42.15 -73.4933
-42.2359 -73.3761
-42.3011 -73.3878
-42.3483 -73.6447
-42.375 -73.6828
-42.4603 -73.6925
-42.5078 -73.6156
-42.5453 -73.7247
-42.5186 -73.7814
-42.4664 -73.7572
-42.475 -73.7975
-42.5211 -73.8217
-42.6584 -73.7431
-42.7928 -73.5067
-42.857 -73.487
-42.8792 -73.4953
-42.8689 -73.7017
-43.047 -73.5214
-43.0383 -73.5797
-43.0981 -73.4936
-43.1247 -73.495
-43.1075 -73.7489
-43.1558 -73.7731
-43.2075 -73.7697
-43.2553 -73.7028
-43.2928 -73.6939
-43.3553 -73.7217
-43.3778 -73.7411
-43.382 -73.8361
180.0 180.0
-44.9431 -73.2567
-44.9182 -73.3016
-44.8464 -73.3981
-44.8158 -73.4042
-44.8047 -73.2128
-44.7628 -73.2953
-44.7984 -73.3697
-44.7208 -73.4425
-44.6445 -73.4647
-44.5961 -73.415
-44.6431 -73.235
-44.5975 -73.2625
-44.5497 -73.2792
-44.5331 -73.2545
-44.575 -73.147
-44.5461 -73.13
-44.5125 -73.2414
-44.4792 -73.2608
-44.4172 -73.2272
-44.4081 -73.1772
-44.485 -73.0378
-44.3861 -73.0922
-44.3684 -72.9895
-44.4206 -72.9286
-44.5175 -72.9764
-44.5192 -72.9564
-44.4442 -72.8942
-44.4595 -72.7884
-44.5322 -72.7189
-44.635 -72.8078
-44.6167 -72.9486
-44.6561 -72.9183
-44.675 -72.8347
-44.71 -72.8411
-44.9106 -73.1322
-44.9431 -73.2567
180.0 180.0
-45.7517 -73.6367
-45.7516 -73.6774
-45.6575 -73.8142
-45.6069 -73.7408
-45.5856 -73.7797
-45.532 -73.785
-45.4489 -73.7128
-45.4586 -73.5958
-45.5061 -73.5795
-45.6383 -73.6147
-45.6225 -73.6764
-45.6578 -73.6645
-45.6839 -73.612
-45.7517 -73.6367
180.0 180.0
-51.4719 -75.0176
-51.4378 -75.0131
-51.3331 -74.7975
-51.3284 -74.8236
-51.3692 -74.9325
-51.3472 -74.9631
-51.3192 -74.9561
-51.1983 -74.7314
-51.2192 -74.5797
-51.2792 -74.5364
-51.2903 -74.572
-51.3378 -74.5756
-51.3589 -74.5431
-51.407 -74.6006
-51.4056 -74.6417
-51.2883 -74.6833
-51.3059 -74.7411
-51.3436 -74.7189
-51.4322 -74.7836
-51.4719 -75.0176
180.0 180.0
-48.6923 -74.6233
-48.6311 -74.8497
-48.61 -74.9747
-48.5922 -75.0117
-48.5011 -75.0303
-48.42 -74.9406
-48.3919 -74.8439
-48.4078 -74.8153
-48.4619 -74.8097
-48.4975 -74.7592
-48.4481 -74.7067
-48.3881 -74.7933
-48.3317 -74.8133
-48.157 -74.7689
-48.1247 -74.7428
-48.155 -74.7008
-48.2972 -74.6806
-48.3781 -74.5856
-48.4061 -74.5814
-48.4164 -74.6683
-48.4558 -74.6083
-48.5697 -74.6006
-48.6214 -74.5447
-48.5786 -74.5203
-48.5958 -74.485
-48.6561 -74.4969
-48.6923 -74.6233
180.0 180.0
-52.1178 -74.9619
-52.088 -75.0216
-52.0472 -74.9747
-51.9986 -75.0656
-51.9525 -75.0125
-51.8247 -74.9728
-51.81 -74.9525
-51.8756 -74.8683
-51.8478 -74.8317
-51.782 -74.8861
-51.7139 -74.8547
-51.6556 -74.9331
-51.6272 -74.9036
-51.6328 -74.8083
-51.777 -74.7656
-52.0908 -74.9264
-52.1178 -74.9619
180.0 180.0
-49.8917 -75.2592
-49.8835 -75.3117
-49.8261 -75.3739
-49.755 -75.352
-49.7483 -75.3772
-49.8389 -75.5364
-49.8028 -75.5797
-49.7722 -75.5917
-49.7386 -75.4989
-49.6747 -75.5997
-49.6269 -75.5645
-49.6153 -75.3786
-49.7594 -75.2458
-49.8914 -75.1731
-49.8753 -75.2308
-49.8289 -75.275
-49.8917 -75.2592
180.0 180.0
-54.1358 -72.8195
-54.1194 -72.9253
-54.0883 -72.9325
-54.0919 -73.0172
-54.0664 -73.0178
-54.0656 -72.8033
-54.0328 -72.89
-54.0328 -72.7597
-53.96 -72.8495
-53.8675 -72.6486
-53.8208 -72.7978
-53.8739 -72.9972
-53.8167 -73.0294
-53.8133 -73.0656
-53.9275 -73.1039
-53.9875 -73.0328
-54.0367 -73.0908
-53.9672 -73.3275
-53.9 -73.2345
-53.8445 -73.3139
-53.8064 -73.255
-53.7658 -73.2642
-53.7469 -73.3094
-53.7286 -73.2489
-53.7072 -73.25
-53.7592 -73.572
-53.7375 -73.565
-53.7106 -73.4847
-53.6683 -73.4875
-53.6633 -73.6011
-53.6414 -73.62
-53.5897 -73.5978
-53.5628 -73.427
-53.5917 -73.3333
-53.6531 -73.2772
-53.67 -72.9586
-53.6406 -72.9517
-53.6564 -73.08
-53.5908 -73.0267
-53.6514 -73.12
-53.637 -73.25
-53.6128 -73.29
-53.5622 -73.2625
-53.5178 -73.3836
-53.4753 -73.4261
-53.4633 -73.4125
-53.5308 -73.0836
-53.4883 -73.1306
-53.4475 -73.1297
-53.4278 -73.1783
-53.3834 -73.0486
-53.4934 -73.0064
-53.4547 -72.9889
-53.4089 -73.0131
-53.4295 -72.9111
-53.5303 -72.9406
-53.5114 -72.8944
-53.5383 -72.8719
-53.6272 -72.9094
-53.6747 -72.8895
-53.6769 -72.8661
-53.5353 -72.8078
-53.4689 -72.8672
-53.48 -72.7914
-53.605 -72.6742
-53.6678 -72.6922
-53.6767 -72.6372
-53.5906 -72.6342
-53.5444 -72.6703
-53.5642 -72.5883
-53.5931 -72.5453
-53.5733 -72.4828
-53.6278 -72.4033
-53.6581 -72.4019
-53.6678 -72.4792
-53.6931 -72.4808
-53.7517 -72.4408
-53.6933 -72.3761
-53.7325 -72.2353
-53.7614 -72.2778
-53.7815 -72.1847
-53.8017 -72.1397
-53.8756 -72.2422
-53.8325 -72.3536
-53.8564 -72.362
-53.9217 -72.3397
-53.895 -72.4145
-53.9269 -72.4106
-53.9572 -72.3695
-53.9686 -72.4161
-53.9947 -72.317
-54.042 -72.325
-54.047 -72.4411
-53.9875 -72.5114
-54.0956 -72.5292
-54.0978 -72.58
-54.0239 -72.6281
-54.1358 -72.8195
180.0 180.0
-49.0733 -75.2397
-49.0679 -75.2736
-48.9508 -75.315
-49.0439 -75.4745
-49.0072 -75.5278
-48.9669 -75.4725
-48.9653 -75.4992
-48.9917 -75.5433
-48.9803 -75.6283
-48.9558 -75.6531
-48.8686 -75.6336
-48.8478 -75.4731
-48.9072 -75.5275
-48.9103 -75.5031
-48.8242 -75.3992
-48.9011 -75.4011
-48.8492 -75.3695
-48.87 -75.3031
-49.0306 -75.2028
-49.0733 -75.2397
180.0 180.0
-52.2417 -73.6947
-52.2242 -73.7244
-52.0617 -73.9525
-51.9786 -74.1069
-51.907 -74.0639
-52.0647 -73.7731
-52.2047 -73.6886
-52.2417 -73.6947
180.0 180.0
-45.2845 -73.7314
-45.2723 -73.793
-45.24 -73.8264
-45.2469 -73.985
-45.1472 -74.1608
-45.172 -74.2042
-45.1653 -74.2333
-45.0961 -74.2458
-45.0372 -74.1906
-44.9922 -73.9008
-45.0028 -73.8467
-45.105 -73.7189
-45.1589 -73.7025
-45.2845 -73.7314
180.0 180.0
-55.7206 -68.0756
-55.687 -68.135
-55.6006 -68.1522
-55.6231 -68.265
-55.5867 -68.2778
-55.5239 -68.2556
-55.477 -68.3761
-55.505 -68.4239
-55.4695 -68.5395
-55.4139 -68.5978
-55.465 -68.665
-55.4681 -68.7292
-55.4253 -68.7864
-55.4953 -68.7658
-55.4922 -68.8858
-55.4286 -68.9703
-55.4003 -68.9406
-55.3417 -68.7692
-55.3614 -68.8978
-55.387 -68.9728
-55.1942 -68.8061
-55.23 -68.9525
-55.2656 -68.9728
-55.2678 -69.0422
-55.1981 -69.1239
-55.2475 -69.1128
-55.2336 -69.1844
-55.1508 -69.2553
-55.1508 -69.3781
-55.2075 -69.2753
-55.225 -69.302
-55.2639 -69.4683
-55.3178 -69.3542
-55.3464 -69.3014
-55.3711 -69.2406
-55.4239 -69.302
-55.4875 -69.1467
-55.5114 -69.1631
-55.4867 -69.3317
-55.3931 -69.3578
-55.4272 -69.3881
-55.4886 -69.4022
-55.5028 -69.4258
-55.417 -69.4358
-55.41 -69.5117
-55.3895 -69.5186
-55.3639 -69.3959
-55.3375 -69.4875
-55.3764 -69.5636
-55.3647 -69.6239
-55.3361 -69.6078
-55.2945 -69.7225
-55.1878 -69.5111
-55.1767 -69.5372
-55.2594 -69.8317
-55.2278 -69.9217
-55.1672 -69.8442
-55.1689 -70.0194
-55.13 -70.0095
-55.0547 -69.7931
-55.0417 -69.5897
-55.1283 -69.5642
-55.1458 -69.5336
-55.045 -69.5456
-55.0228 -69.4347
-55.0553 -69.3378
-55.0228 -69.3861
-54.9886 -69.2895
-54.9833 -68.8261
-54.9308 -68.5164
-54.9699 -68.3914
-55.0083 -68.3378
-55.0617 -68.3283
-55.0733 -68.3681
-55.0375 -68.437
-55.0839 -68.435
-55.1139 -68.515
-55.0739 -68.6003
-55.0945 -68.5975
-55.1122 -68.5689
-55.1445 -68.5797
-55.1217 -68.7607
-55.0233 -69.0272
-55.0381 -69.0583
-55.0628 -69.0592
-55.192 -68.5675
-55.185 -68.3861
-55.265 -68.2106
-55.2908 -68.2425
-55.3125 -68.5881
-55.2681 -68.6934
-55.3639 -68.5975
-55.3264 -68.4825
-55.347 -68.3439
-55.4036 -68.3286
-55.3931 -68.1864
-55.4178 -68.145
-55.4631 -68.1767
-55.4706 -68.0642
-55.5111 -68.0972
-55.5836 -68.0439
-55.5933 -67.9642
-55.657 -68.0333
-55.672 -67.9794
-55.7206 -68.0756
180.0 180.0
-50.0503 -74.6856
-49.9997 -74.6745
-50.0488 -74.7847
-50.0242 -74.8164
-50.0206 -74.8639
-49.9859 -74.8536
-49.9292 -74.7486
-49.9553 -74.6625
-49.9064 -74.7106
-49.9028 -74.7489
-49.9592 -74.8742
-49.9411 -74.9072
-49.882 -74.905
-49.8653 -74.8678
-49.8808 -74.8017
-49.8511 -74.7325
-49.8508 -74.8314
-49.8172 -74.8256
-49.7783 -74.7672
-49.7606 -74.8
-49.8056 -74.86
-49.7831 -74.8869
-49.6831 -74.9203
-49.6936 -74.8422
-49.6489 -74.9003
-49.6142 -74.89
-49.6272 -74.7472
-49.5845 -74.875
-49.5414 -74.8895
-49.4778 -74.7847
-49.5242 -74.7367
-49.4633 -74.7578
-49.3617 -74.6481
-49.3586 -74.6756
-49.4044 -74.7339
-49.51 -74.87
-49.4747 -74.8942
-49.5228 -74.9103
-49.5442 -74.9494
-49.4747 -74.9736
-49.5383 -75.0095
-49.5828 -74.9975
-49.5933 -75.0411
-49.6789 -75.0128
-49.6322 -74.9586
-49.667 -74.9572
-49.7514 -75.0253
-49.76 -74.9628
-49.8092 -74.9864
-49.825 -75.0442
-49.8586 -75.005
-49.8992 -75.0119
-49.8575 -75.1361
-49.7545 -75.2167
-49.7131 -75.2025
-49.64 -75.2956
-49.6125 -75.2936
-49.567 -75.2336
-49.5572 -75.31
-49.4992 -75.2556
-49.5128 -75.3356
-49.4378 -75.3583
-49.4583 -75.4392
-49.3317 -75.4711
-49.2909 -75.4395
-49.2789 -75.3867
-49.4756 -75.1906
-49.28 -75.3233
-49.2594 -75.3083
-49.26 -75.2672
-49.3778 -75.1567
-49.3706 -75.0939
-49.3508 -75.157
-49.2909 -75.1844
-49.327 -75.1039
-49.2789 -75.1106
-49.2661 -75.037
-49.3661 -74.9147
-49.3284 -74.8895
-49.2475 -74.8856
-49.1156 -74.8556
-49.105 -74.8014
-49.0094 -74.9514
-48.9725 -74.8539
-49.0086 -74.8156
-48.9408 -74.8236
-48.9728 -74.9747
-48.9542 -74.985
-48.9025 -75.0239
-48.8472 -74.8719
-48.875 -75.0317
-48.847 -75.0614
-48.7983 -75.0514
-48.8292 -74.9431
-48.7803 -75.007
-48.6959 -74.8364
-48.7514 -74.7992
-48.6881 -74.7778
-48.6892 -74.6897
-48.7092 -74.6567
-48.7278 -74.6217
-48.8511 -74.6653
-48.8542 -74.6267
-48.7508 -74.6058
-48.7058 -74.5567
-48.7169 -74.5333
-48.8708 -74.53
-48.9095 -74.5656
-48.8986 -74.5045
-48.9619 -74.4692
-49.0294 -74.5269
-49.1128 -74.4586
-49.4086 -74.4667
-49.4745 -74.4889
-49.5142 -74.5453
-49.5847 -74.4989
-49.6321 -74.5265
-49.6242 -74.4711
-49.6683 -74.4239
-49.7395 -74.4142
-49.7567 -74.4406
-49.7547 -74.5131
-49.7853 -74.4389
-49.8834 -74.4411
-49.8614 -74.5253
-49.9228 -74.4647
-49.9592 -74.4947
-49.9656 -74.5317
-50.045 -74.6214
-50.0503 -74.6856
180.0 180.0
-50.4336 -75.2086
-50.4308 -75.3212
-50.3967 -75.315
-50.3195 -75.2053
-50.3278 -75.2597
-50.3692 -75.4445
-50.3164 -75.4547
-50.1606 -75.3881
-50.1428 -75.352
-50.1631 -75.2611
-50.1778 -75.2556
-50.1945 -75.3472
-50.2209 -75.3325
-50.2597 -75.1858
-50.2517 -75.1464
-50.1483 -75.1158
-50.1281 -75.2881
-50.0578 -75.3942
-50.0033 -75.3222
-50.0039 -75.29
-50.0633 -75.2731
-50.0236 -75.1725
-50.04 -75.1219
-50.1161 -75.0653
-50.0745 -74.9606
-50.1194 -74.9619
-50.187 -75.072
-50.1647 -74.8636
-50.1214 -74.8561
-50.117 -74.8122
-50.1494 -74.7897
-50.2114 -74.8083
-50.2371 -74.9163
-50.2947 -75.0514
-50.4336 -75.2086
180.0 180.0
-44.804 -74.2896
-44.7739 -74.3522
-44.7403 -74.3817
-44.7125 -74.3178
-44.6967 -74.4103
-44.6397 -74.4122
-44.6025 -74.2631
-44.6078 -73.9953
-44.6381 -73.9197
-44.687 -73.8736
-44.804 -74.2896
180.0 180.0
-45.7574 -74.4852
-45.7325 -74.4995
-45.6428 -74.4489
-45.6106 -74.4914
-45.5925 -74.4497
-45.5525 -74.4689
-45.4683 -74.4336
-45.4442 -74.3992
-45.4847 -74.2858
-45.5492 -74.2442
-45.6045 -74.2208
-45.6778 -74.2328
-45.7574 -74.4852
180.0 180.0
-50.8896 -74.7145
-50.857 -74.9214
-50.8353 -74.9361
-50.7956 -74.9083
-50.7489 -74.9569
-50.7264 -74.9506
-50.7492 -74.8445
-50.7064 -74.9064
-50.6856 -74.867
-50.7095 -74.8278
-50.6645 -74.8272
-50.702 -74.7489
-50.8042 -74.7153
-50.85 -74.725
-50.8144 -74.6722
-50.8661 -74.6714
-50.8896 -74.7145
180.0 180.0
-48.436 -75.0569
-48.0778 -75.2556
-48.0781 -75.1645
-48.1522 -74.9303
-48.2145 -74.8961
-48.1725 -74.8114
-48.22 -74.8056
-48.3619 -74.8372
-48.436 -75.0569
180.0 180.0
-52.7098 -73.9528
-52.602 -73.8464
-52.665 -73.9708
-52.6203 -73.9686
-52.5614 -73.8719
-52.5536 -73.8869
-52.6328 -74.0395
-52.6197 -74.0783
-52.5283 -73.9986
-52.4044 -73.7708
-52.4092 -73.7283
-52.4761 -73.6706
-52.5578 -73.7861
-52.5908 -73.7289
-52.6945 -73.8025
-52.7098 -73.9528
180.0 180.0
-48.0692 -74.87
-48.0403 -75.0161
-48.0003 -75.0239
-47.9889 -75.0972
-48.0405 -75.2461
-47.9792 -75.2372
-47.9344 -75.0675
-47.9486 -74.9547
-47.8936 -74.9575
-47.8078 -74.8345
-47.815 -74.8156
-47.9117 -74.8075
-47.952 -74.852
-48.0364 -74.8056
-48.0692 -74.87
180.0 180.0
-54.3842 -71.1422
-54.3364 -71.1864
-54.3706 -71.1933
-54.3108 -71.3478
-54.2897 -71.3478
-54.242 -71.2192
-54.2122 -71.235
-54.2497 -71.2672
-54.2567 -71.3145
-54.2075 -71.3311
-54.2495 -71.3578
-54.2145 -71.4347
-54.1767 -71.4403
-54.1272 -71.4067
-54.1806 -71.4989
-54.2708 -71.5381
-54.2456 -71.5867
-54.2103 -71.5919
-54.2428 -71.6314
-54.2331 -71.6622
-54.1611 -71.6994
-54.0947 -71.5878
-53.9972 -71.6603
-53.9547 -71.6278
-53.942 -71.5695
-53.9917 -71.515
-53.9439 -71.4792
-54.0142 -71.4242
-54.0703 -71.4064
-54.0345 -71.3739
-53.9695 -71.3925
-54.0137 -71.2818
-54.1694 -71.2397
-54.1667 -71.2147
-54.0864 -71.1764
-54.1544 -71.1697
-54.1539 -71.1389
-54.0889 -71.1306
-54.0625 -71.0819
-54.0931 -71.0164
-54.1458 -71.0167
-54.2295 -70.995
-54.2703 -70.987
-54.3314 -71.0514
-54.3033 -71.1564
-54.3367 -71.0836
-54.3775 -71.1056
-54.3842 -71.1422
180.0 180.0
-50.7931 -75.3279
-50.745 -75.3356
-50.7758 -75.3847
-50.7692 -75.4494
-50.7139 -75.455
-50.6795 -75.4003
-50.6675 -75.5111
-50.6186 -75.4631
-50.5911 -75.36
-50.5108 -75.4617
-50.4672 -75.4167
-50.4972 -75.0958
-50.5503 -75.13
-50.5592 -75.2144
-50.5958 -75.1925
-50.5972 -75.2506
-50.5508 -75.3067
-50.5739 -75.3361
-50.6292 -75.2608
-50.7931 -75.3279
180.0 180.0
-53.3675 -73.102
-53.3522 -73.3183
-53.2889 -73.4194
-53.3289 -73.4797
-53.3181 -73.5878
-53.2928 -73.612
-53.3053 -73.5011
-53.1364 -73.7189
-53.1717 -73.7303
-53.0567 -73.8778
-53.0864 -73.9053
-53.0911 -74.0511
-53.0975 -74.1461
-53.037 -74.2397
-53.0892 -74.2325
-53.102 -74.3075
-52.9703 -74.4522
-52.9372 -74.5744
-52.8797 -74.5894
-52.8275 -74.5964
-52.7667 -74.7395
-52.7197 -74.7017
-52.7293 -74.6646
-52.8683 -74.3795
-52.9208 -74.4064
-52.9575 -74.2128
-52.9456 -74.1792
-52.9925 -74.1342
-52.9611 -74.0853
-52.9922 -73.952
-53.0108 -73.955
-53.0378 -73.8981
-53.0061 -73.8961
-53.1511 -73.6219
-53.1194 -73.6325
-53.0611 -73.6564
-53.0653 -73.6078
-53.1492 -73.5361
-53.1903 -73.5736
-53.2608 -73.5211
-53.2267 -73.4695
-53.1453 -73.5028
-53.1356 -73.4739
-53.1742 -73.3922
-53.2383 -73.3097
-53.2697 -73.3681
-53.342 -73.1025
-53.3675 -73.102
180.0 180.0
-18.348 -70.4033
-18.3289 -70.1783
-18.2561 -69.9658
-18.1286 -69.8417
-17.947 -69.7692
-17.7167 -69.8483
-17.6522 -69.815
-17.6636 -69.6842
-17.5053 -69.4997
-17.6289 -69.4914
-17.7814 -69.3356
-17.9633 -69.3033
-17.9636 -69.2656
-18.0275 -69.1397
-18.0181 -69.0786
-18.0772 -69.075
-18.1378 -69.1481
-18.4664 -69.0272
-18.7431 -69.0008
-18.8828 -68.9328
-18.9675 -68.9525
-19.1778 -68.7408
-19.3989 -68.4622
-19.4372 -68.4375
-19.4445 -68.4808
-19.7008 -68.685
-19.7406 -68.697
-19.8447 -68.5411
-20.0575 -68.5744
-20.0567 -68.6506
-20.1033 -68.7869
-20.1317 -68.7747
-20.1492 -68.7103
-20.2311 -68.7261
-20.3278 -68.6683
-20.3761 -68.7575
-20.4331 -68.7495
-20.5097 -68.6847
-20.6078 -68.4886
-20.6447 -68.4661
-20.7422 -68.5675
-20.9095 -68.5508
-20.9394 -68.5003
-20.9392 -68.4211
-21.2969 -68.1886
-21.6064 -68.1886
-21.7425 -68.1058
-21.9669 -68.0844
-22.0647 -67.9706
-22.2419 -67.9225
-22.2961 -67.9358
-22.4383 -67.8861
-22.8281 -67.8764
-22.8781 -67.7933
-22.9011 -67.5795
-22.8216 -67.1837
-23.0028 -67.0011
-23.3976 -67.1513
-24.0239 -67.34
-24.3964 -68.2525
-24.4578 -68.2894
-24.5058 -68.3922
-24.6264 -68.4439
-24.6067 -68.4911
-24.8053 -68.5717
-24.8736 -68.5453
-24.905 -68.455
-25.1292 -68.3544
-25.1403 -68.3978
-25.1772 -68.5025
-25.355 -68.5756
-25.5056 -68.5953
-25.7783 -68.4847
-26.1739 -68.4042
-26.3175 -68.5706
-26.5206 -68.5797
-26.9153 -68.2872
-27.0447 -68.3203
-27.0883 -68.5253
-27.1697 -68.5883
-27.1033 -68.7389
-27.1206 -68.8111
-27.2375 -68.8786
-27.2881 -68.8658
-27.4172 -68.9392
-27.4589 -69.007
-27.9658 -69.1861
-28.0036 -69.3044
-28.2125 -69.4103
-28.1914 -69.4764
-28.3122 -69.53
-28.4053 -69.657
-28.5728 -69.6664
-28.5933 -69.7045
-29.1081 -69.8003
-29.2819 -70.0272
-29.355 -70.035
-29.4239 -70.0031
-29.6806 -69.9617
-29.7133 -69.9175
-29.8144 -69.9058
-30.0886 -69.9675
-30.1206 -69.8417
-30.1589 -69.8275
-30.3225 -69.8978
-30.3764 -69.9444
-30.3967 -70.0442
-30.3547 -70.1305
-30.3708 -70.1658
-30.4397 -70.1342
-30.7764 -70.3003
-30.9536 -70.33
-31.0392 -70.2581
-31.0319 -70.3136
-31.0744 -70.3492
-31.1542 -70.4203
-31.0931 -70.4455
-31.0981 -70.4714
-31.1881 -70.5333
-31.5667 -70.5872
-31.8089 -70.4689
-31.8783 -70.4164
-31.8972 -70.2783
-31.9689 -70.2319
-32.0481 -70.2731
-32.0392 -70.3317
-32.0517 -70.38
-32.1972 -70.3292
-32.3264 -70.235
-32.4258 -70.2328
-32.4589 -70.1661
-32.5061 -70.1461
-32.6078 -70.1711
-32.7617 -70.1442
-32.8956 -69.9928
-33.03 -70.1017
-33.1725 -70.0989
-33.2703 -70.0231
-33.2989 -69.9769
-33.2436 -69.9355
-33.2375 -69.8986
-33.2861 -69.7983
-33.4056 -69.7792
-33.5644 -69.8703
-33.7242 -69.8483
-33.7692 -69.9042
-33.9608 -69.9003
-33.972 -69.8492
-34.1439 -69.8661
-34.2297 -69.813
-34.2509 -69.8283
-34.275 -70.0239
-34.2984 -70.055
-34.4092 -70.0475
-34.5953 -70.2247
-34.667 -70.2355
-34.7489 -70.3136
-34.7978 -70.2636
-35.0045 -70.3619
-35.1425 -70.3617
-35.1717 -70.3861
-35.2089 -70.5414
-35.2545 -70.5695
-35.2967 -70.5503
-35.3408 -70.4233
-35.3883 -70.4608
-35.515 -70.3961
-35.6436 -70.4203
-35.8083 -70.3378
-35.9636 -70.4097
-36.0467 -70.3695
-36.1356 -70.4267
-36.1486 -70.58
-36.2775 -70.7067
-36.4092 -70.7006
-36.4247 -70.7308
-36.4022 -70.8936
-36.4844 -70.9411
-36.4861 -71.0378
-36.5628 -71.0575
-36.6797 -71.0433
-36.6995 -71.0636
-36.6756 -71.1075
-36.6908 -71.1383
-36.8489 -71.1869
-36.9622 -71.13
-36.9758 -71.2003
-37.1042 -71.0795
-37.3136 -71.1967
-37.4536 -71.1097
-37.4894 -71.1122
-37.6347 -71.1803
-37.7133 -71.1764
-37.9422 -71.0772
-38.4181 -70.9708
-38.5517 -70.8258
-38.6 -70.8353
-38.6389 -70.8767
-38.695 -70.8695
-38.7503 -71.0594
-38.9161 -71.3978
-38.9606 -71.4186
-39.0903 -71.4031
-39.3331 -71.4044
-39.3939 -71.4731
-39.4383 -71.452
-39.5314 -71.5411
-39.5575 -71.4858
-39.5931 -71.4883
-39.6203 -71.5161
-39.5695 -71.6855
-39.6372 -71.7106
-39.8572 -71.6694
-39.9064 -71.6058
-40.1006 -71.6708
-40.0922 -71.7269
-40.0936 -71.8061
-40.1683 -71.8075
-40.2458 -71.7914
-40.3042 -71.7156
-40.2764 -71.7025
-40.3033 -71.6644
-40.4278 -71.7197
-40.4153 -71.7914
-40.5317 -71.8378
-40.7328 -71.9506
-40.9539 -71.8375
-41.1156 -71.8539
-41.3586 -71.8994
-41.5683 -71.8397
-41.6264 -71.9181
-42.1039 -71.735
-42.1781 -71.9142
-42.125 -71.9706
-42.1336 -72.0178
-42.2819 -72.1317
-42.3664 -72.0433
-42.4297 -72.0717
-42.4775 -72.0258
-42.5289 -72.1136
-42.66 -72.1322
-42.8486 -72.1025
-42.9914 -72.1397
-43.055 -72.1064
-43.1047 -72.053
-43.1675 -71.7511
-43.1881 -71.7328
-43.2931 -71.7369
-43.3781 -71.9225
-43.4578 -71.9219
-43.4564 -71.8697
-43.4814 -71.8478
-43.5367 -71.8742
-43.5922 -71.7072
-43.6725 -71.6903
-43.7364 -71.8094
-43.7794 -71.7772
-43.7683 -71.7419
-43.8778 -71.695
-43.9207 -71.6513
-43.9232 -71.6488
-43.9611 -71.66
-43.9674 -71.6684
-44.1053 -71.8525
-44.3125 -71.7942
-44.3653 -71.8539
-44.3978 -71.8336
-44.427 -71.2036
-44.5281 -71.1103
-44.5758 -71.1264
-44.6283 -71.2128
-44.6628 -71.2333
-44.7333 -71.2203
-44.7945 -71.2711
-44.8033 -71.3397
-44.7444 -71.4828
-44.7842 -71.9383
-44.7539 -72.0522
-44.7747 -72.0811
-44.8978 -72.0711
-44.9714 -71.5917
-45.0756 -71.498
-45.1592 -71.4536
-45.2283 -71.33
-45.3058 -71.297
-45.4114 -71.5067
-45.4775 -71.4675
-45.5156 -71.5028
-45.537 -71.7075
-45.5842 -71.7408
-45.7256 -71.7919
-45.8442 -71.7592
-45.8922 -71.6378
-45.9747 -71.6019
-46.12 -71.7717
-46.1403 -71.8978
-46.1656 -71.8725
-46.2244 -71.7611
-46.3413 -71.7519
-46.3437 -71.7517
-46.5307 -71.6726
-46.6792 -71.6694
-46.7842 -71.8092
-46.8061 -71.9333
-46.9439 -71.9611
-47.0008 -71.9047
-47.0489 -71.9955
-47.0739 -71.9853
-47.1375 -71.8644
-47.1828 -71.8525
-47.2297 -71.8778
-47.1997 -72.0172
-47.2436 -72.0272
-47.2715 -72.0178
-47.2762 -72.0163
-47.2997 -72.0425
-47.3014 -72.0443
-47.4094 -72.1564
-47.4261 -72.3136
-47.4645 -72.3578
-47.5072 -72.3056
-47.9092 -72.5353
-47.9439 -72.53
-48.0756 -72.3231
-48.3419 -72.2872
-48.4814 -72.604
-48.4843 -72.6034
-48.7181 -72.5519
-48.7836 -72.553
-48.8763 -72.6726
-48.8964 -72.6986
-48.9439 -72.8033
-48.9647 -72.9517
-49.0656 -73.0756
-49.2214 -73.1772
-49.2608 -73.1319
-49.3036 -73.1342
-49.3114 -73.4647
-49.3797 -73.4497
-49.4406 -73.5389
-49.4964 -73.5297
-49.5319 -73.5817
-49.6133 -73.5103
-49.6786 -73.5369
-49.7825 -73.4444
-49.9192 -73.5617
-50.0067 -73.4672
-50.1167 -73.5358
-50.1447 -73.5286
-50.2344 -73.3519
-50.3183 -73.2827
-50.3241 -73.2778
-50.3541 -73.2671
-50.36 -73.265
-50.5594 -73.2539
-50.7447 -73.1742
-50.7722 -73.13
-50.7495 -73.0181
-50.625 -72.7811
-50.6214 -72.7328
-50.6708 -72.6492
-50.6667 -72.5978
-50.6122 -72.54
-50.6144 -72.3703
-50.6497 -72.2942
-50.7439 -72.3417
-50.8511 -72.2425
-51.0172 -72.2672
-51.0964 -72.392
-51.1461 -72.3856
-51.2325 -72.2478
-51.4758 -72.3397
-51.5461 -72.4383
-51.577 -72.423
-51.5872 -72.3311
-51.6911 -72.2953
-51.845 -71.9717
-51.8867 -71.9406
-51.9603 -71.9628
-51.9968 -71.9102
-51.9972 -70.8578
-51.9964 -69.9986
-52.1436 -69.4614
-52.1433 -69.2336
-52.3292 -68.4344
-52.3754 -68.4292
-52.3847 -68.4401
-52.3247 -68.5086
-52.3022 -68.8381
-52.2081 -69.1481
-52.2064 -69.2611
-52.2542 -69.4383
-52.2881 -69.485
-52.3911 -69.495
-52.4089 -69.5572
-52.4556 -69.5631
-52.5297 -69.6903
-52.4795 -69.8486
-52.5908 -70.1844
-52.6428 -70.2142
-52.6364 -70.3295
-52.7067 -70.5047
-52.6978 -70.5428
-52.6442 -70.507
-52.6544 -70.5742
-52.6922 -70.5819
-52.7289 -70.8286
-52.7372 -70.8556
-52.7783 -70.7706
-52.7928 -70.7431
-52.8931 -70.8764
-52.9122 -70.8158
-52.9619 -70.8042
-53.0667 -70.87
-53.3872 -70.9931
-53.595 -70.9364
-53.7611 -70.9767
-53.8267 -71.0533
-53.8858 -71.3078
-53.8081 -71.7067
-53.7353 -71.8645
-53.6897 -71.8745
-53.7297 -71.935
-53.6742 -72.015
-53.7089 -72.0508
-53.5233 -72.3525
-53.3953 -72.4525
-53.3672 -72.4058
-53.3192 -72.4228
-53.2433 -72.2853
-53.2567 -72.1103
-53.3303 -72.077
-53.39 -72.0958
-53.4364 -72.2389
-53.4439 -72.1797
-53.3856 -72.0053
-53.2706 -72.0231
-53.2233 -71.9956
-53.2217 -71.8645
-53.2453 -71.8356
-53.4425 -71.7872
-53.4728 -71.8297
-53.5314 -72.0047
-53.5631 -72.0072
-53.5697 -71.9858
-53.5131 -71.7972
-53.4614 -71.7547
-53.2172 -71.7431
-53.2072 -71.6842
-53.1692 -71.5972
-53.1295 -71.3897
-53.0939 -71.3217
-52.8631 -71.1156
-52.8081 -71.1706
-52.7828 -71.3706
-52.7325 -71.3942
-52.8217 -71.4342
-52.9639 -71.8292
-53.1233 -72.0156
-53.1306 -72.1161
-53.0439 -72.2347
-53.0603 -72.4989
-53.0864 -72.5553
-53.0806 -72.3539
-53.1422 -72.3231
-53.1381 -72.2856
-53.1839 -72.1886
-53.2028 -72.2025
-53.1967 -72.32
-53.2275 -72.3458
-53.1878 -72.48
-53.2189 -72.5361
-53.2422 -72.4364
-53.2875 -72.445
-53.2706 -72.5333
-53.3081 -72.5058
-53.3642 -72.5136
-53.372 -72.6242
-53.405 -72.495
-53.4972 -72.3978
-53.5414 -72.39
-53.5219 -72.575
-53.3917 -72.7592
-53.4408 -72.7933
-53.3864 -72.8133
-53.2719 -73.1481
-53.1531 -73.3011
-53.1645 -72.9411
-53.2411 -72.755
-53.2975 -72.7539
-53.282 -72.7095
-53.1783 -72.7933
-53.1858 -72.7236
-53.1411 -72.757
-53.1525 -72.6517
-53.1045 -72.7203
-53.1483 -72.8567
-53.1017 -72.9403
-53.0236 -72.8708
-53.0339 -72.9245
-52.8317 -72.9706
-52.7103 -72.6792
-52.765 -72.6039
-52.8522 -72.7233
-52.8733 -72.7075
-52.7986 -72.5917
-52.8072 -72.4792
-52.8586 -72.4322
-52.6975 -72.2456
-52.6295 -71.9678
-52.6856 -71.8775
-52.6889 -71.7186
-52.6334 -71.4753
-52.5606 -71.5345
-52.5128 -72.1311
-52.5347 -72.3359
-52.6289 -72.3997
-52.6553 -72.432
-52.5828 -72.5475
-52.5328 -72.4672
-52.5392 -72.4003
-52.51 -72.3847
-52.5061 -72.425
-52.5586 -72.5733
-52.5078 -72.8581
-52.5775 -72.8722
-52.6975 -72.9772
-52.7222 -72.9628
-52.5881 -72.817
-52.6408 -72.6758
-52.6642 -72.6783
-52.741 -72.7974
-52.8017 -72.9453
-52.8475 -73.0175
-52.9922 -72.9486
-53.0695 -72.987
-53.1011 -73.14
-53.075 -73.1761
-53.0211 -73.1781
-53.0361 -73.1989
-53.0967 -73.182
-53.1053 -73.2083
-53.0067 -73.4511
-52.9869 -73.4481
-52.9953 -73.35
-52.9592 -73.3681
-52.9606 -73.2422
-52.8989 -73.2131
-52.8856 -73.2025
-52.8133 -73.5392
-52.7872 -73.5508
-52.7794 -73.3981
-52.8095 -73.3914
-52.78 -73.2233
-52.7608 -73.3022
-52.7192 -73.3042
-52.7106 -73.2467
-52.6497 -73.2211
-52.6428 -73.1503
-52.5339 -73.1161
-52.4972 -73.0836
-52.4972 -73.1395
-52.4292 -73.1986
-52.4961 -73.2322
-52.5067 -73.1764
-52.5747 -73.1664
-52.6731 -73.2692
-52.6708 -73.3042
-52.6445 -73.3397
-52.5883 -73.3014
-52.5481 -73.3889
-52.5575 -73.407
-52.6158 -73.3836
-52.6397 -73.4022
-52.6528 -73.5028
-52.7258 -73.5958
-52.7267 -73.6708
-52.6917 -73.6825
-52.6358 -73.5686
-52.6408 -73.6764
-52.5964 -73.6825
-52.5389 -73.5478
-52.5283 -73.6139
-52.5139 -73.6156
-52.4711 -73.5056
-52.4481 -73.6047
-52.4217 -73.6672
-52.3786 -73.6586
-52.3722 -73.5836
-52.2025 -73.5811
-52.1947 -73.6342
-52.0647 -73.7408
-52.0247 -73.7233
-52.0256 -73.6908
-52.1956 -73.5361
-52.1792 -73.487
-52.1511 -73.4969
-52.1361 -73.4808
-52.2239 -73.3161
-52.1945 -73.2308
-52.1144 -73.2119
-52.0897 -73.0978
-52.0753 -72.977
-52.1481 -72.987
-52.1628 -73.0495
-52.2394 -73.0772
-52.1875 -72.987
-52.2642 -72.862
-52.2397 -72.8322
-52.0658 -72.7458
-52.0525 -72.7672
-52.0883 -72.8222
-52.1728 -72.8517
-52.2008 -72.8917
-52.1172 -72.9481
-51.952 -72.8506
-51.942 -72.7895
-51.9975 -72.6886
-52.0428 -72.7189
-52.0697 -72.6967
-52.1078 -72.6061
-52.2103 -72.532
-52.347 -72.6111
-52.4417 -72.9089
-52.4586 -72.8997
-52.407 -72.7017
-52.457 -72.5436
-52.4272 -72.5036
-52.4103 -72.6308
-52.3956 -72.635
-52.3133 -72.4878
-52.1925 -72.4717
-52.0303 -72.6603
-51.9478 -72.6542
-51.9472 -72.4867
-51.9111 -72.4564
-51.8517 -72.5139
-51.7847 -72.4728
-51.5808 -72.7189
-51.5656 -72.8464
-51.4708 -73.0717
-51.4158 -73.0822
-51.4622 -73.2436
-51.5036 -73.2564
-51.5133 -73.0453
-51.5378 -73.0356
-51.575 -73.0878
-51.6036 -73.0975
-51.5334 -72.9817
-51.6203 -72.7589
-51.6961 -72.7064
-51.7286 -72.557
-51.7592 -72.5556
-51.835 -72.6433
-51.762 -72.9908
-51.7286 -72.9792
-51.6989 -73.1664
-51.6092 -73.2433
-51.6217 -73.2936
-51.6525 -73.2314
-51.705 -73.2328
-51.7242 -73.1847
-51.7158 -73.0903
-51.7481 -73.0306
-51.7928 -72.9958
-51.7695 -73.0606
-51.8242 -73.0411
-51.8462 -73.0746
-51.8733 -73.2014
-51.8917 -73.1758
-51.8192 -72.977
-51.8281 -72.9494
-51.8722 -72.9328
-51.9495 -73.1481
-52.0945 -73.1844
-52.082 -73.2464
-51.7083 -73.3295
-51.6554 -73.3839
-52.0453 -73.3003
-52.165 -73.2903
-52.1681 -73.33
-52.0367 -73.5692
-51.8733 -73.6264
-51.8228 -73.6428
-51.8167 -73.5956
-52.025 -73.4306
-52.0161 -73.397
-51.942 -73.4633
-51.9003 -73.455
-51.7861 -73.5695
-51.7492 -73.5897
-51.7111 -73.487
-51.6861 -73.4714
-51.7209 -73.5478
-51.6867 -73.6578
-51.7878 -73.7103
-51.6725 -73.8094
-51.6542 -73.7364
-51.6308 -73.8617
-51.5931 -73.8989
-51.5411 -73.8156
-51.5225 -73.9158
-51.4286 -73.927
-51.37 -73.8942
-51.4006 -73.8053
-51.5947 -73.6286
-51.4469 -73.6622
-51.3339 -73.727
-51.2906 -73.7106
-51.2744 -73.7408
-51.2114 -73.7767
-51.2111 -73.7253
-51.2783 -73.6864
-51.1892 -73.6753
-51.1856 -73.7233
-51.1361 -73.6986
-51.1264 -73.7758
-51.1708 -73.7581
-51.2406 -73.9145
-51.1486 -73.9833
-51.1164 -74.0234
-51.1817 -74.0167
-51.2136 -74.0428
-51.1775 -74.1381
-51.067 -74.1517
-51.0236 -74.1183
-50.9553 -74.0792
-51.0475 -74.1967
-51.0328 -74.2386
-50.9456 -74.2503
-50.9183 -74.2422
-50.8792 -74.1733
-50.8728 -73.9006
-50.9631 -73.807
-50.9317 -73.7861
-50.8272 -73.8719
-50.795 -73.8256
-50.8322 -73.7522
-50.8197 -73.7389
-50.6925 -73.7836
-50.6592 -73.7478
-50.6472 -73.62
-50.7167 -73.5353
-50.665 -73.4742
-50.6164 -73.6558
-50.5636 -73.7233
-50.5339 -73.7189
-50.4908 -73.6053
-50.4381 -73.5856
-50.3989 -73.58
-50.4795 -73.6428
-50.5108 -73.7425
-50.5492 -73.7761
-50.7594 -73.8192
-50.7939 -73.8739
-50.8275 -74.0486
-50.7642 -74.1217
-50.7281 -74.0592
-50.7031 -74.072
-50.7189 -74.1158
-50.7381 -74.1484
-50.6097 -74.2328
-50.5528 -74.1978
-50.54 -74.257
-50.4744 -74.2833
-50.4675 -74.2045
-50.5856 -74.1389
-50.5861 -74.1039
-50.5136 -74.1403
-50.4825 -74.14
-50.5353 -74.0131
-50.5433 -73.8808
-50.4914 -74.0192
-50.4525 -74.0111
-50.4733 -74.0767
-50.4247 -74.1219
-50.3706 -74.0333
-50.3956 -74.1081
-50.4272 -74.2992
-50.3961 -74.3242
-50.3606 -74.3014
-50.2736 -74.2728
-50.2628 -74.3092
-50.3642 -74.3547
-50.365 -74.4134
-50.3008 -74.5358
-50.2481 -74.4778
-50.2034 -74.6939
-50.167 -74.6897
-50.122 -74.6297
-50.0989 -74.5447
-50.1417 -74.5122
-50.0933 -74.4898
-50.0883 -74.3458
-50.1364 -74.2928
-50.1717 -74.3261
-50.1708 -74.2675
-50.2606 -74.1947
-50.2286 -74.0894
-50.29 -73.955
-50.2836 -73.8617
-50.2233 -74.0314
-50.2056 -73.9989
-50.2081 -74.1634
-50.1767 -74.2111
-50.1245 -74.2131
-50.0697 -74.2933
-49.9814 -74.3681
-49.9347 -74.2592
-49.9686 -74.1925
-50.0425 -73.9128
-49.9978 -74.0067
-49.9642 -73.9969
-49.9225 -73.8789
-49.8619 -73.9139
-49.9683 -74.0275
-49.9561 -74.1136
-49.9011 -74.1764
-49.9014 -74.2753
-49.8653 -74.3261
-49.7945 -74.3439
-49.7453 -74.1395
-49.7319 -74.3092
-49.6272 -74.3256
-49.6086 -74.3006
-49.5375 -74.0878
-49.5603 -74.0247
-49.6184 -74.0231
-49.5567 -73.9856
-49.5636 -73.935
-49.7867 -73.7169
-49.7258 -73.6886
-49.636 -73.8302
-49.5242 -73.8803
-49.4942 -74.1017
-49.4667 -74.11
-49.2678 -74.0767
-49.262 -74.0414
-49.3489 -73.9097
-49.3133 -73.9453
-49.2314 -74.0067
-49.1631 -73.9742
-49.0778 -74.0314
-49.0236 -73.9164
-49.0572 -73.8272
-49.0322 -73.8283
-49.0081 -73.9108
-49.0303 -74.0675
-49.1528 -74.0395
-49.2381 -74.1142
-49.2047 -74.1675
-49.2153 -74.1931
-49.2506 -74.1528
-49.3192 -74.1503
-49.5292 -74.2106
-49.5333 -74.2481
-49.4158 -74.3992
-49.3728 -74.4258
-49.3233 -74.3917
-49.137 -74.412
-49.0781 -74.4022
-49.082 -74.4531
-49.0334 -74.4669
-48.9633 -74.3961
-48.9036 -74.4283
-48.8503 -74.4494
-48.7961 -74.4414
-48.7245 -74.3722
-48.7391 -74.0558
-48.7067 -74.1708
-48.7098 -74.3024
-48.6747 -74.3736
-48.6045 -74.3939
-48.4753 -74.2
-48.5067 -74.1325
-48.5981 -74.0111
-48.597 -73.9814
-48.5678 -73.9728
-48.5336 -74.0272
-48.4397 -74.0267
-48.4036 -73.8928
-48.4003 -74.035
-48.3471 -74.1846
-48.3333 -74.1792
-48.2977 -74.1109
-48.3328 -74.2736
-48.2878 -74.2619
-48.2475 -74.3036
-48.1722 -74.4489
-48.0864 -74.5114
-48.0278 -74.4689
-48.0844 -74.5786
-48.077 -74.647
-48.0409 -74.6622
-47.9986 -74.6297
-47.9564 -74.5231
-48.0244 -74.3475
-48.2328 -74.2189
-48.2181 -74.1586
-48.1208 -74.2556
-48 -74.3244
-47.9944 -74.2744
-48.0467 -73.8578
-48.102 -73.8736
-48.0572 -73.8244
-48.0433 -73.7578
-48.1222 -73.7997
-48.0911 -73.7325
-48.1425 -73.5911
-48.2108 -73.6047
-48.2458 -73.5533
-48.1767 -73.4986
-48.1822 -73.4272
-48.2231 -73.3528
-48.1517 -73.2833
-48.1409 -73.3092
-48.1678 -73.38
-48.1247 -73.4845
-47.9878 -73.6442
-47.9531 -73.6461
-47.9003 -73.6486
-47.9061 -73.5739
-47.9833 -73.4958
-48.0078 -73.2281
-47.9764 -73.2781
-47.9681 -73.4686
-47.9311 -73.5272
-47.8839 -73.507
-47.8903 -73.5597
-47.8547 -73.62
-47.8078 -73.552
-47.7758 -73.7172
-47.707 -73.7406
-47.6247 -73.6575
-47.6253 -73.7025
-47.5614 -73.6808
-47.5467 -73.7417
-47.6433 -73.7289
-47.7314 -73.7884
-47.7761 -73.7656
-47.8045 -73.797
-47.8453 -73.9347
-47.8292 -74.0372
-47.7722 -74.0675
-47.7853 -74.3897
-47.7475 -74.3992
-47.7909 -74.5347
-47.7431 -74.7114
-47.7047 -74.7392
-47.6461 -74.6422
-47.6672 -74.58
-47.61 -74.6342
-47.5664 -74.5978
-47.5511 -74.5286
-47.6067 -74.5008
-47.5547 -74.4808
-47.5667 -74.4183
-47.6164 -74.4075
-47.5928 -74.3719
-47.6506 -74.3539
-47.667 -74.4283
-47.7003 -74.4753
-47.6711 -74.3319
-47.7217 -74.3075
-47.7367 -74.2578
-47.6839 -74.2995
-47.6494 -74.2614
-47.6275 -74.2475
-47.6336 -74.0978
-47.6145 -74.0417
-47.5917 -74.1406
-47.5586 -74.0997
-47.6008 -74.312
-47.5675 -74.3297
-47.5406 -74.39
-47.4767 -74.4547
-47.4536 -74.3872
-47.42 -74.4647
-47.4617 -74.4864
-47.4253 -74.5275
-47.2183 -74.3172
-47.227 -74.2231
-47.2139 -74.17
-47.3475 -74.1056
-47.2228 -74.1356
-47.192 -74.1081
-47.1831 -74.0153
-47.2489 -73.9856
-47.2525 -73.9606
-47.1681 -73.9872
-47.1589 -74.0533
-47.0361 -73.9344
-47.0189 -73.9467
-46.9847 -74.1403
-46.8903 -74.2103
-46.8342 -74.1264
-46.8694 -74.2489
-46.812 -74.2753
-46.78 -74.2775
-46.7289 -74.5842
-46.7695 -74.4953
-46.8022 -74.5236
-46.7892 -74.6517
-46.8511 -74.6664
-46.8642 -74.4347
-46.9031 -74.4808
-46.8803 -74.6895
-46.8447 -74.7167
-46.7767 -74.9447
-46.6584 -75.0761
-46.6231 -75.0764
-46.4992 -74.9347
-46.4456 -74.9542
-46.5742 -75.0817
-46.6419 -75.3036
-46.6325 -75.4164
-46.6792 -75.5353
-46.7711 -75.6567
-46.7806 -75.6219
-46.6992 -75.5439
-46.705 -75.4381
-46.7281 -75.4142
-46.7786 -75.4747
-46.7828 -75.3836
-46.8267 -75.392
-46.8603 -75.4342
-46.8728 -75.3425
-46.9058 -75.3542
-46.9567 -75.4969
-46.9397 -75.572
-46.7914 -75.7125
-46.7117 -75.7156
-46.57 -75.6422
-46.5689 -75.5556
-46.5142 -75.5367
-46.4742 -75.3739
-46.4344 -75.3975
-46.3672 -75.2525
-46.4089 -75.2189
-46.2953 -75.1925
-46.3558 -75.0881
-46.3033 -75.1422
-46.2517 -75.1181
-46.2147 -75.0894
-46.2139 -75.0372
-46.2783 -74.9264
-46.2272 -74.9606
-46.1478 -74.9042
-46.1497 -74.8725
-46.2169 -74.7808
-46.177 -74.7572
-46.1528 -74.8142
-46.1006 -74.8186
-46.0406 -74.7717
-46.0333 -74.697
-45.9234 -74.7236
-45.8247 -74.6725
-45.8245 -74.5667
-45.8561 -74.5336
-45.9083 -74.5495
-45.9195 -74.4683
-45.9556 -74.4533
-46.0131 -74.4847
-46.0247 -74.4542
-45.9728 -74.4181
-45.8075 -74.4569
-45.7972 -74.3392
-45.8306 -74.322
-45.8067 -74.2478
-45.8059 -74.1408
-45.8572 -74.1095
-45.8883 -74.2069
-45.9208 -74.0736
-45.9425 -74.0564
-45.9842 -74.0775
-46.015 -74.1683
-46.0208 -74.0856
-46.0731 -74.0956
-46.1311 -74.1528
-46.0817 -74.0636
-45.9931 -74.0675
-45.9845 -74.0444
-46.0403 -73.975
-46.0825 -73.9708
-46.1367 -74.0064
-46.2031 -74.1283
-46.2508 -74.3453
-46.2145 -74.4245
-46.1647 -74.4811
-46.2008 -74.4797
-46.2645 -74.3244
-46.1972 -74.0439
-46.2342 -74.0675
-46.2883 -74.0128
-46.3445 -73.88
-46.3258 -73.8547
-46.205 -74.0192
-46.1436 -73.9647
-46.1411 -73.8828
-46.2486 -73.7611
-46.355 -73.7872
-46.5653 -73.9906
-46.6053 -73.8861
-46.585 -73.8369
-46.4811 -73.7658
-46.4186 -73.7431
-46.325 -73.6178
-46.3039 -73.4892
-46.2736 -73.572
-46.1772 -73.5253
-46.0322 -73.3425
-46.0347 -73.4325
-46.1903 -73.5642
-46.2533 -73.5997
-46.3186 -73.6767
-46.3106 -73.6983
-46.0839 -73.62
-46.04 -73.6542
-45.8842 -73.5845
-45.8772 -73.5211
-45.8453 -73.5645
-45.8064 -73.5389
-45.6861 -73.3639
-45.6842 -73.2056
-45.6619 -73.1839
-45.6253 -73.3397
-45.7781 -73.5656
-45.7736 -73.5878
-45.455 -73.5156
-45.4108 -73.4325
-45.4531 -73.4064
-45.3795 -73.4
-45.37 -73.3656
-45.3964 -73.3236
-45.3367 -73.3172
-45.3036 -73.2036
-45.45 -73.0114
-45.4709 -72.8595
-45.4225 -72.8275
-45.3947 -72.8456
-45.4103 -72.96
-45.3445 -73.0839
-45.2458 -73.2728
-45.2947 -73.34
-45.2853 -73.447
-45.2575 -73.4628
-45.1978 -73.4467
-45.1853 -73.3359
-45.1361 -73.3011
-45.0653 -73.3806
-44.9975 -73.3981
-44.9639 -73.3664
-44.9572 -73.1953
-44.7533 -72.7661
-44.7584 -72.7289
-44.5422 -72.6781
-44.5067 -72.5958
-44.4664 -72.6142
-44.342 -72.5881
-44.5003 -72.6925
-44.5022 -72.7247
-44.4228 -72.8231
-44.3081 -72.9386
-44.2567 -73.1764
-44.2367 -73.192
-44.1664 -73.1081
-44.1425 -73.13
-44.1884 -73.1645
-44.1986 -73.2219
-44.1734 -73.2853
-44.1245 -73.2856
-44.1031 -73.2575
-44.1325 -73.2239
-44.0756 -73.2195
-44.0608 -73.1825
-44.0883 -73.1544
-44.0897 -73.11
-44.032 -73.1406
-43.7722 -73.0017
-43.8056 -72.8197
-43.7467 -72.8719
-43.7547 -72.9067
-43.7367 -73.0117
-43.7061 -73.0556
-43.6222 -72.9719
-43.6178 -72.9325
-43.5842 -72.9164
-43.5839 -73.0378
-43.4397 -73.1164
-43.3056 -73.077
-43.2292 -72.9042
-43.1025 -72.9283
-43.0094 -72.8439
-43.0158 -72.8094
-43.0625 -72.7814
-43.0814 -72.7325
-42.9097 -72.7431
-42.855 -72.8264
-42.7947 -72.8533
-42.5745 -72.8608
-42.4939 -72.8081
-42.5003 -72.6886
-42.5667 -72.5525
-42.5311 -72.5495
-42.4775 -72.6861
-42.28 -72.8478
-42.1828 -72.6064
-42.2058 -72.5633
-42.4558 -72.4531
-42.4394 -72.4203
-42.2744 -72.4742
-42.2428 -72.4147
-42.1228 -72.4908
-41.9711 -72.4628
-41.9642 -72.5272
-42.0383 -72.6
-42.012 -72.745
-41.9159 -72.8861
-41.7261 -72.6508
-41.7345 -72.5756
-41.6814 -72.3922
-41.622 -72.3408
-41.3889 -72.2986
-41.3675 -72.3222
-41.38 -72.3492
-41.497 -72.3517
-41.6595 -72.4089
-41.7095 -72.612
-41.6761 -72.6789
-41.5481 -72.7547
-41.5011 -72.9042
-41.5125 -73.0497
-41.5869 -73.1078
-41.7017 -73.0614
-41.7925 -73.2036
-41.7736 -73.3445
-41.7984 -73.4203
-41.7506 -73.7533
-41.6725 -73.7233
-41.6028 -73.5514
-41.5158 -73.4942
-41.6033 -73.5989
-41.5681 -73.8017
-41.3042 -73.8706
-41.1836 -73.9506
-40.9639 -73.9936
-40.8895 -73.8986
-40.8639 -73.9481
-40.8132 -73.9113
-40.722 -73.8658
-40.6264 -73.8578
-40.6184 -73.8275
-40.5011 -73.7453
-40.2506 -73.7481
-40.1047 -73.6583
-39.9786 -73.7147
-39.9389 -73.6722
-39.9286 -73.6011
-39.8342 -73.4575
-39.8378 -73.4245
-39.8897 -73.4022
-39.9022 -73.3806
-39.6858 -73.4022
-39.5628 -73.2875
-39.3369 -73.2178
-39.1578 -73.2536
-38.6917 -73.4331
-38.5167 -73.5231
-38.2645 -73.5222
-38.2136 -73.4747
-38.0556 -73.4542
-37.9544 -73.495
-37.7261 -73.6697
-37.5895 -73.6822
-37.5011 -73.5972
-37.4295 -73.602
-37.3414 -73.6795
-37.2086 -73.6436
-37.1453 -73.5917
-37.2075 -73.5092
-37.2308 -73.3478
-37.1822 -73.2206
-37.1314 -73.1881
-36.8245 -73.1456
-36.765 -73.1986
-36.7319 -73.1236
-36.6045 -73.1206
-36.6131 -73.0917
-36.7056 -73.0878
-36.7206 -73.0189
-36.702 -72.9828
-36.6164 -72.9614
-36.5595 -72.9936
-36.5175 -72.9772
-36.5325 -72.9364
-36.4206 -72.88
-35.972 -72.7953
-35.7967 -72.5892
-35.7317 -72.585
-35.6 -72.6528
-35.5572 -72.6361
-35.477 -72.5075
-35.2339 -72.3922
-35.1272 -72.235
-35.092 -72.2128
-34.8903 -72.187
-34.8447 -72.1519
-34.6395 -72.0556
-34.4178 -72.0531
-34.352 -71.985
-34.1486 -72.0192
-34.0642 -71.9508
-33.7731 -71.8058
-33.717 -71.6764
-33.5345 -71.6236
-33.4175 -71.7122
-33.3156 -71.6689
-33.0906 -71.7536
-33.0181 -71.6442
-33.0242 -71.5925
-32.9995 -71.5636
-32.7736 -71.5392
-32.6992 -71.4606
-32.6286 -71.4425
-32.5189 -71.4745
-32.3825 -71.4064
-32.2 -71.5414
-31.7775 -71.5097
-31.6119 -71.5653
-31.2456 -71.6397
-31.0778 -71.6542
-30.9047 -71.682
-30.47 -71.6992
-30.2406 -71.6308
-30.2933 -71.5492
-30.2758 -71.5086
-30.165 -71.4461
-30.1819 -71.4028
-30.1039 -71.3739
-29.9825 -71.4039
-29.9219 -71.2892
-29.8403 -71.2844
-29.7933 -71.3242
-29.6075 -71.2922
-29.5511 -71.3356
-29.4214 -71.3089
-29.2994 -71.3597
-29.2264 -71.477
-29.1894 -71.4931
-29.0347 -71.4895
-28.97 -71.5217
-28.8647 -71.4992
-28.677 -71.2986
-28.6208 -71.2867
-28.5717 -71.3122
-28.3522 -71.1636
-28.1542 -71.1567
-27.66 -71.0353
-27.6772 -71.005
-27.622 -70.9109
-27.4847 -70.892
-27.3597 -70.9547
-27.2933 -70.9314
-27.1792 -70.9667
-27.1139 -70.9364
-27.1297 -70.8764
-26.9869 -70.7847
-26.9425 -70.8075
-26.5525 -70.692
-26.5044 -70.7083
-26.3092 -70.6314
-26.2825 -70.6747
-25.9878 -70.6308
-25.8056 -70.7331
-25.632 -70.6428
-25.5231 -70.6467
-25.4658 -70.5311
-25.3892 -70.5131
-25.39 -70.4756
-25.3581 -70.4478
-25.1931 -70.4361
-25.0947 -70.5031
-24.9886 -70.4647
-24.8422 -70.5472
-24.6853 -70.5697
-24.5267 -70.5825
-24.2169 -70.517
-23.8608 -70.5189
-23.8462 -70.4935
-23.7858 -70.5
-23.7189 -70.4367
-23.5853 -70.3903
-23.48 -70.4325
-23.4517 -70.5092
-23.5211 -70.547
-23.4997 -70.6231
-23.21 -70.5908
-23.1625 -70.5514
-23.0669 -70.575
-23.0111 -70.5031
-23.0844 -70.4756
-23.0608 -70.3886
-23.0056 -70.3359
-22.8622 -70.2892
-22.3783 -70.2408
-21.8825 -70.1714
-21.4242 -70.0533
-21.3367 -70.0956
-21.2908 -70.0656
-21.0108 -70.1703
-20.9195 -70.1322
-20.7419 -70.2025
-20.4608 -70.1725
-20.2803 -70.1342
-20.1961 -70.1522
-19.7039 -70.1542
-19.5867 -70.2303
-19.5661 -70.1972
-19.4011 -70.2253
-18.9178 -70.3195
-18.4214 -70.3175
-18.348 -70.4033
180.0 180.0
9.13038e-315 8.64615e-321
