CIC_MPM_VERS = 1.0
COMMENT Generated by Spacebel CCSDS library
CREATION_DATE = 2017-02-24T16:24:57.985718
ORIGINATOR = SVG² Control

META_START

USER_DEFINED_PROTOCOL = NONE
USER_DEFINED_CONTENT = REGION OF INTEREST
USER_DEFINED_SIZE = 2
USER_DEFINED_TYPE = REAL
USER_DEFINED_UNIT = [deg]

META_STOP

31.4539 121.834
31.5311 121.546
31.7125 121.271
31.8007 121.204
31.8192 121.298
31.7769 121.425
31.7361 121.478
31.6792 121.49
31.5467 121.852
31.5186 121.875
31.4539 121.834
180.0 180.0
29.9344 122.296
30.0136 122.082
29.9936 122.008
30.0665 121.97
30.1392 121.962
30.1519 122.089
30.0231 122.323
29.9344 122.296
180.0 180.0
18.1689 109.567
18.2517 109.564
18.208 109.474
18.2414 109.494
18.2822 109.447
18.303 109.223
18.2808 109.17
18.3547 109.135
18.4269 108.882
18.4864 108.783
18.5008 108.689
18.5633 108.671
18.6944 108.695
18.7917 108.668
18.8333 108.622
18.9294 108.654
19.0967 108.617
19.1494 108.683
19.265 108.628
19.3811 108.69
19.3831 108.753
19.5344 108.956
19.6928 109.204
19.7269 109.23
19.7097 109.305
19.7828 109.304
19.7517 109.212
19.7228 109.166
19.7975 109.162
19.9169 109.287
19.8533 109.514
19.9553 109.553
19.9831 109.58
20.0072 109.707
19.9503 109.8
19.9881 109.817
19.9264 109.839
19.9922 109.935
19.9447 109.979
19.9078 109.989
19.9775 110.041
19.9989 110.118
20.0606 110.152
20.0553 110.342
20.035 110.381
20.0747 110.381
19.9714 110.579
19.9205 110.607
19.9894 110.608
20.0355 110.568
20.1067 110.595
20.1578 110.678
20.0169 110.769
19.9989 110.9
20.0014 110.931
19.7428 110.995
19.64 111.031
19.6333 110.967
19.5361 110.868
19.5497 110.827
19.5964 110.818
19.4508 110.758
19.2461 110.625
19.1564 110.584
19.1678 110.48
19.1261 110.51
19.1383 110.548
19.0655 110.566
18.98 110.512
18.8522 110.46
18.8267 110.432
18.7928 110.489
18.8755 110.497
18.7844 110.534
18.7292 110.433
18.6647 110.414
18.7036 110.396
18.5642 110.142
18.5061 110.035
18.4889 110.08
18.3853 110.051
18.3817 109.97
18.4308 109.991
18.3811 109.829
18.4022 109.753
18.255 109.727
18.1989 109.707
18.2383 109.676
18.2078 109.603
18.1689 109.567
180.0 180.0
49.9885 119.097
50.0094 119.202
50.1067 119.329
50.3367 119.36
50.3728 119.135
50.4033 119.147
50.4739 119.26
50.5936 119.286
50.7419 119.502
50.9455 119.574
51.1603 119.777
51.2069 119.755
51.243 119.813
51.4344 119.985
51.4753 119.974
51.6608 120.096
51.7441 120.278
51.9025 120.566
51.9136 120.652
51.9825 120.712
52.0428 120.692
52.1492 120.779
52.2675 120.706
52.3258 120.629
52.5355 120.72
52.6367 120.44
52.5789 120.18
52.5894 120.073
52.6278 120.028
52.7678 120.028
52.893 120.325
53.0708 120.55
53.2769 120.857
53.3153 121.419
53.4564 122.181
53.4875 122.95
53.5539 123.253
53.4817 123.855
53.3403 124.104
53.3611 124.24
53.1917 124.48
53.1786 124.677
53.1311 124.712
53.0878 124.878
53.155 124.881
53.1936 125.045
53.193 125.165
53.038 125.506
53.0547 125.607
52.9833 125.725
52.9464 125.723
52.9178 125.652
52.8833 125.643
52.8989 125.844
52.7739 125.954
52.7842 126.06
52.7444 126.08
52.7261 126.037
52.6822 126.066
52.6464 125.977
52.5819 125.988
52.5619 126.022
52.5903 126.075
52.533 126.195
52.4639 126.197
52.4586 126.267
52.3775 126.345
52.3122 126.316
52.2844 126.432
52.2211 126.31
52.1847 126.342
52.1361 126.545
52.0722 126.536
52.0144 126.446
51.9317 126.469
51.6539 126.726
51.5844 126.669
51.5536 126.718
51.5369 126.802
51.5011 126.824
51.4386 126.784
51.383 126.912
51.3514 126.915
51.3303 126.821
51.2797 126.808
51.2436 126.843
51.2386 126.893
51.2614 126.9
51.2947 126.857
51.3211 126.908
51.3208 126.966
51.3028 126.977
51.205 126.902
51.0594 126.93
50.7453 127.288
50.6855 127.277
50.5814 127.366
50.46 127.289
50.4175 127.351
50.3189 127.33
50.2112 127.589
50.1455 127.578
50.0486 127.49
49.985 127.485
49.9192 127.531
49.835 127.504
49.7892 127.529
49.7522 127.666
49.6708 127.687
49.5908 127.821
49.5378 128.318
49.5853 128.497
49.5764 128.763
49.5586 128.802
49.4872 128.744
49.4675 128.752
49.4414 128.992
49.3642 129.05
49.3464 129.12
49.3894 129.191
49.3391 129.338
49.3536 129.367
49.4133 129.368
49.4317 129.412
49.39 129.524
49.3047 129.533
49.2705 129.587
49.2758 129.704
49.243 129.734
49.1922 129.732
49.0817 129.912
49.0367 129.906
48.8642 130.221
48.8767 130.633
48.8647 130.671
48.6136 130.523
48.4767 130.626
48.4939 130.744
48.4789 130.764
48.423 130.736
48.3019 130.83
48.1222 130.663
48.0494 130.677
47.9044 130.885
47.8005 130.945
47.7303 130.935
47.6883 130.988
47.6758 131.102
47.7364 131.394
47.7239 131.523
47.6614 131.56
47.7314 132.269
47.7111 132.529
47.7678 132.583
47.9355 132.659
47.9558 132.707
47.9419 132.809
48.0086 132.884
48.1133 133.208
48.0686 133.485
48.0989 133.541
48.1725 133.594
48.355 134.229
48.3894 134.418
48.3475 134.491
48.3638 134.571
48.3139 134.601
48.2678 134.741
48.2267 134.684
48.1039 134.665
48.0625 134.584
47.9944 134.557
47.7347 134.772
47.5717 134.674
47.4314 134.492
47.4208 134.314
47.2667 134.156
47.1272 134.223
47.0928 134.212
47.0778 134.135
46.975 134.062
46.86 134.039
46.8122 134.011
46.7647 134.045
46.6667 134.019
46.4819 133.848
46.4394 133.85
46.4139 133.913
46.3767 133.929
46.3378 133.864
46.2619 133.903
46.1933 133.827
46.2153 133.801
46.143 133.687
46.065 133.724
45.9342 133.661
45.8264 133.477
45.6269 133.472
45.5042 133.19
45.3 133.103
45.1525 133.128
45.0614 133.033
45.0203 132.939
45.0551 132.837
45.2457 132.018
45.2608 131.953
45.3389 131.895
45.3408 131.845
45.213 131.754
45.2128 131.667
45.1689 131.633
45.1219 131.655
44.9672 131.467
44.9747 131.35
44.9139 131.225
44.9289 131.131
44.8461 130.954
44.7839 130.998
44.6925 131.095
44.0519 131.298
44.0275 131.247
43.623 131.206
43.5367 131.189
43.46 131.301
43.3922 131.311
43.3633 131.274
43.2761 131.267
43.1967 131.191
43.1458 131.218
43.0417 131.108
42.9744 131.105
42.9369 131.137
42.9108 131.123
42.8514 130.895
42.8761 130.818
42.718 130.405
42.68 130.459
42.6844 130.532
42.6197 130.605
42.5794 130.618
42.538 130.566
42.4206 130.604
42.523 130.529
42.6022 130.515
42.6072 130.482
42.5469 130.465
42.5744 130.426
42.71 130.25
42.8842 130.259
42.9119 130.101
42.9622 130.136
42.9805 130.099
42.9578 130.042
42.9658 129.862
42.7047 129.751
42.6469 129.775
42.6408 129.743
42.478 129.729
42.4383 129.701
42.4058 129.57
42.3644 129.547
42.4467 129.357
42.2864 129.209
42.235 129.176
42.223 129.213
42.1394 129.114
42.0844 128.963
42.0244 128.926
42.03 128.63
42.0039 128.454
42.0286 128.423
42.0392 128.282
42.0033 128.059
41.9105 128.061
41.7208 128.15
41.593 128.297
41.5303 128.282
41.3861 128.161
41.3894 128.044
41.4469 127.937
41.4133 127.709
41.4297 127.557
41.4728 127.473
41.4711 127.287
41.5219 127.211
41.5328 127.109
41.5453 127.106
41.5875 127.179
41.6514 127.045
41.7244 127.045
41.7964 126.928
41.6922 126.787
41.7405 126.71
41.715 126.697
41.6694 126.677
41.6203 126.571
41.4969 126.554
41.4319 126.501
41.3575 126.527
41.3572 126.456
40.9975 126.076
40.9378 126.042
40.8969 125.9
40.8591 125.698
40.8105 125.647
40.77 125.684
40.7558 125.604
40.785 125.58
40.6208 125.406
40.6454 125.329
40.648 125.321
40.6399 125.291
40.5279 125.032
40.51 125.009
40.468 125.043
40.4537 124.963
40.4528 124.958
40.4758 124.891
40.2614 124.592
40.0943 124.372
40.0011 124.359
39.8678 124.182
39.81 123.985
39.8378 123.687
39.9028 123.65
39.7775 123.596
39.7855 123.481
39.7375 123.46
39.7303 123.409
39.7716 123.415
39.783 123.389
39.7789 123.354
39.805 123.271
39.7458 123.262
39.7489 123.21
39.7319 123.204
39.7217 123.256
39.6911 123.256
39.6775 123.011
39.6353 122.996
39.62 122.948
39.5756 122.805
39.5219 122.639
39.4494 122.553
39.4117 122.399
39.195 122.116
39.1405 122.156
39.0936 122.043
39.0589 122.055
39.0642 121.997
39.033 121.963
39.0344 121.847
39.0222 121.826
38.9747 121.894
38.9478 121.874
38.9464 121.838
39.0056 121.782
39.0291 121.717
38.9961 121.737
39.0125 121.665
38.9311 121.592
38.9019 121.698
38.7692 121.238
38.7178 121.177
38.7386 121.132
38.8511 121.116
38.8953 121.15
38.9089 121.085
38.945 121.13
38.9336 121.226
38.9747 121.342
39.0105 121.326
39.0478 121.376
39.0147 121.468
39.0858 121.675
39.1219 121.689
39.1944 121.595
39.2872 121.7
39.3878 121.911
39.4175 121.92
39.3816 121.842
39.4011 121.709
39.3689 121.714
39.36 121.529
39.39 121.485
39.5131 121.434
39.5153 121.228
39.5383 121.229
39.595 121.31
39.6217 121.536
39.6847 121.543
39.6844 121.504
39.7561 121.461
39.8642 121.545
39.9147 121.771
40.0064 121.884
40.0189 121.829
40.3692 122.206
40.4222 122.205
40.4303 122.25
40.5172 122.298
40.6072 122.155
40.7003 122.158
40.6819 122.123
40.7311 122.066
40.8011 121.875
40.9216 121.826
40.9855 121.871
40.9647 121.816
40.8536 121.77
40.8336 121.615
40.8744 121.533
40.9319 121.365
40.9186 121.217
40.9008 121.153
40.8125 120.967
40.7344 120.94
40.7089 121.033
40.6631 120.828
40.5969 120.798
40.4058 120.554
40.3692 120.535
40.3528 120.593
40.3047 120.495
40.2433 120.502
40.1975 120.45
40.1244 120.208
39.9153 119.62
39.7242 119.348
39.5897 119.287
39.5908 119.236
39.5655 119.242
39.3997 119.253
39.1519 118.965
39.1247 118.891
39.1856 118.955
39.1428 118.748
39.1894 118.605
39.1156 118.501
39.0405 118.313
39.1683 118.182
39.2242 118.052
39.1955 117.88
39.0975 117.711
38.9783 117.751
38.9906 117.701
38.7392 117.56
38.6081 117.548
38.4214 117.647
38.2889 117.787
38.1408 118.137
38.1164 118.441
38.0678 118.539
38.15 118.761
38.1564 118.83
38.0567 118.856
38.0553 118.929
37.905 119.026
37.7828 119.032
37.7217 119.094
37.5922 118.969
37.3814 118.938
37.2708 118.971
37.1247 119.381
37.1514 119.767
37.2236 119.87
37.2694 119.894
37.3594 119.854
37.4319 120.059
37.6086 120.312
37.6558 120.32
37.6803 120.214
37.6853 120.349
37.7858 120.61
37.825 120.889
37.7569 120.96
37.69 121.147
37.6006 121.134
37.5775 121.169
37.578 121.272
37.5841 121.384
37.5536 121.383
37.4247 121.571
37.4383 121.673
37.4658 121.628
37.4569 121.953
37.4214 121.948
37.4267 121.997
37.4783 121.981
37.5572 122.123
37.5136 122.155
37.488 122.124
37.4183 122.181
37.4564 122.238
37.4111 122.309
37.4072 122.677
37.3425 122.563
37.2961 122.579
37.3028 122.55
37.1861 122.619
37.1511 122.503
37.1105 122.442
37.0258 122.4
36.9964 122.411
37.0167 122.54
36.9353 122.509
36.9167 122.401
36.8611 122.43
36.8225 122.313
36.845 122.188
36.8853 122.179
36.8972 122.262
36.9225 122.191
36.9764 122.174
37.0083 122.153
36.8925 122.036
36.9358 122.037
37.0005 121.964
36.985 121.918
36.9267 121.935
36.8136 121.62
36.7336 121.625
36.7511 121.517
36.7767 121.494
36.8197 121.584
36.8455 121.598
36.8197 121.446
36.785 121.469
36.7514 121.446
36.7036 121.281
36.5822 121.003
36.6486 120.841
36.6069 120.743
36.55 120.736
36.5361 120.78
36.6042 120.847
36.5489 120.924
36.398 120.893
36.3806 120.849
36.4603 120.819
36.4536 120.75
36.3714 120.681
36.3214 120.719
36.3217 120.641
36.1469 120.7
36.1275 120.681
36.0405 120.352
36.0608 120.288
36.1914 120.355
36.2683 120.302
36.2464 120.278
36.18 120.298
36.1928 120.241
36.2144 120.085
36.1125 120.088
35.9775 120.19
36.0078 120.29
35.9642 120.292
35.9356 120.175
35.8569 120.044
35.7614 120.022
35.7153 119.987
35.7566 119.932
35.7383 119.903
35.6211 119.901
35.6061 119.853
35.6567 119.827
35.5739 119.745
35.6186 119.729
35.5769 119.645
35.365 119.538
35.3158 119.427
35.0983 119.357
35.0517 119.21
34.8514 119.163
34.7075 119.201
34.76 119.236
34.7461 119.438
34.7033 119.479
34.6747 119.459
34.5658 119.599
34.5541 119.617
34.4553 119.927
34.3008 120.259
33.9919 120.376
33.7175 120.508
33.6381 120.489
33.545 120.567
33.3169 120.669
33.2694 120.749
33.2317 120.734
33.1614 120.789
33.0197 120.827
33.0092 120.9
32.8055 120.899
32.7861 120.845
32.6369 120.839
32.4467 121.308
32.363 121.41
32.2444 121.423
32.2358 121.358
32.1655 121.394
32.0972 121.571
31.9139 121.83
31.6989 121.896
31.6761 121.872
31.6831 121.805
31.7581 121.577
31.8714 121.283
31.8314 120.977
32.0192 120.811
32.0933 120.624
32.0919 120.471
31.9342 120.224
31.9392 120.158
31.985 120.015
32.1325 119.906
32.2072 119.923
32.3064 119.827
32.3544 119.617
32.3031 119.681
32.2447 119.664
32.2042 119.627
32.1847 119.629
32.2367 119.692
32.1933 119.79
32.1194 119.77
32.0669 119.872
31.9939 119.881
31.9456 119.996
31.9025 120.223
31.9708 120.436
32.0211 120.436
31.9925 120.69
31.9664 120.736
31.8661 120.787
31.8175 120.719
31.7919 120.766
31.7514 120.978
31.6172 121.23
31.5019 121.309
31.3286 121.64
31.2656 121.716
30.975 121.885
30.9008 121.884
30.8522 121.848
30.8436 121.559
30.7958 121.43
30.7058 121.342
30.5722 120.996
30.5119 120.948
30.4153 120.937
30.4014 120.899
30.3708 120.912
30.3356 120.754
30.3856 120.698
30.3981 120.614
30.3675 120.383
30.2931 120.344
30.2903 120.245
30.1947 120.146
30.2664 120.249
30.2161 120.334
30.2319 120.384
30.2861 120.405
30.3125 120.482
30.2961 120.529
30.1583 120.581
30.1022 120.629
30.0803 120.768
30.1003 120.67
30.1453 120.635
30.115 120.711
30.303 121.179
30.3011 121.298
30.2372 121.421
29.9631 121.678
29.9603 121.793
29.8822 121.931
29.8875 122.061
29.8889 122.127
29.8683 122.109
29.81 121.952
29.5592 121.673
29.5058 121.511
29.5497 121.496
29.5205 121.445
29.4169 121.44
29.4514 121.497
29.5333 121.722
29.4669 121.747
29.4781 121.8
29.5217 121.819
29.5447 121.821
29.5425 121.741
29.5661 121.739
29.635 121.912
29.5853 121.98
29.5447 121.939
29.4339 121.97
29.4111 121.902
29.3189 121.905
29.2511 121.951
29.2161 121.959
29.1608 121.843
29.2006 121.8
29.3272 121.835
29.3367 121.771
29.1919 121.738
29.1889 121.655
29.2214 121.64
29.3017 121.656
29.2983 121.618
29.2028 121.627
29.2975 121.579
29.2747 121.523
29.2347 121.531
29.1564 121.41
29.1339 121.44
29.1064 121.63
29.0528 121.612
29.0503 121.58
29.0436 121.65
29.0139 121.669
28.9653 121.683
28.9144 121.683
28.9253 121.582
28.9364 121.55
28.8219 121.665
28.7192 121.601
28.6961 121.491
28.8122 121.165
28.7353 121.291
28.6931 121.3
28.6686 121.26
28.6917 121.372
28.6661 121.488
28.4728 121.566
28.3583 121.586
28.3381 121.656
28.2842 121.625
28.2514 121.571
28.3092 121.567
28.3394 121.457
28.2953 121.395
28.2561 121.419
28.22 121.36
28.1578 121.366
28.1433 121.324
28.33 121.205
28.3597 121.261
28.3828 121.162
28.2878 121.098
28.2958 121.066
28.2444 121.115
28.2061 121.104
28.1347 120.997
27.9961 120.958
27.9825 120.921
28.0272 120.735
28.078 120.639
28.1096 120.561
27.9361 120.852
27.8717 120.84
27.7208 120.71
27.7522 120.632
27.6983 120.671
27.5983 120.636
27.5875 120.574
27.5058 120.604
27.4769 120.685
27.3689 120.634
27.3986 120.543
27.2292 120.525
27.1756 120.467
27.225 120.44
27.1694 120.42
27.2467 120.361
27.2405 120.298
27.2664 120.29
27.2897 120.319
27.3186 120.267
27.2608 120.227
27.2753 120.186
27.2111 120.186
27.2344 120.352
27.1828 120.377
27.1303 120.41
27.0942 120.382
27.1286 120.245
27.0586 120.275
27.0667 120.238
27.0236 120.249
26.9883 120.251
26.9764 120.144
26.9528 120.239
26.9105 120.214
26.9258 120.139
26.8772 120.1
26.8997 120.034
26.8372 120.02
26.7114 120.149
26.695 120.101
26.6455 120.119
26.6372 120.068
26.5197 119.885
26.5247 119.834
26.5625 119.834
26.755 120.056
26.7875 120.058
26.7897 119.921
26.685 119.891
26.6497 119.857
26.7214 119.794
26.7867 119.835
26.8397 119.79
26.7378 119.76
26.7583 119.732
26.8122 119.687
26.7603 119.676
26.7117 119.732
26.6947 119.701
26.7964 119.617
26.7878 119.571
26.7075 119.553
26.6903 119.604
26.645 119.597
26.6611 119.559
26.645 119.534
26.5675 119.605
26.6094 119.726
26.4869 119.803
26.4289 119.808
26.4067 119.759
26.4347 119.748
26.4739 119.577
26.4303 119.569
26.4453 119.641
26.3386 119.658
26.323 119.743
26.4203 119.824
26.3736 119.844
26.3636 119.922
26.2911 119.756
26.2542 119.634
26.2194 119.664
26.2008 119.625
26.1386 119.595
25.9761 119.444
26.1136 119.148
26.0828 119.197
25.9592 119.24
25.9369 119.365
25.9719 119.465
26.0414 119.516
26.0419 119.58
25.8778 119.706
25.9056 119.668
25.8755 119.564
25.7892 119.609
25.6775 119.582
25.6803 119.451
25.5547 119.503
25.5736 119.533
25.5367 119.565
25.413 119.647
25.3722 119.634
25.34 119.577
25.4431 119.586
25.4564 119.539
25.3658 119.538
25.3719 119.48
25.4747 119.505
25.4436 119.436
25.5011 119.45
25.5306 119.349
25.5858 119.379
25.6069 119.309
25.4933 119.249
25.4297 119.128
25.3192 119.169
25.3533 119.196
25.3167 119.219
25.2822 119.185
25.2564 119.215
25.3247 119.243
25.3222 119.287
25.2456 119.35
25.2286 119.267
25.1939 119.288
25.1672 119.263
25.1775 119.154
25.2436 119.128
25.1686 119.109
25.1183 119.146
25.1244 119.063
25.2247 119.064
25.2217 119.003
25.2372 118.978
25.2717 119.03
25.2439 118.872
25.2197 118.872
25.1914 118.955
25.1661 118.972
25.1011 118.932
25.1042 118.864
25.0717 118.851
24.9994 118.956
25.0433 119.001
24.9269 118.985
24.9536 118.962
24.9425 118.897
24.9108 118.899
24.8817 118.948
24.8817 118.84
24.8569 118.766
24.8539 118.692
24.895 118.729
24.9472 118.669
24.9205 118.639
24.8817 118.67
24.858 118.654
24.8817 118.572
24.7689 118.627
24.8003 118.713
24.7403 118.757
24.6692 118.672
24.6619 118.635
24.575 118.658
24.5114 118.55
24.5725 118.572
24.6286 118.43
24.6622 118.436
24.6956 118.419
24.6086 118.413
24.5808 118.362
24.5922 118.283
24.5333 118.235
24.553 118.195
24.5922 118.181
24.6122 118.215
24.6586 118.156
24.58 118.092
24.6158 118.044
24.5636 118.05
24.5567 118.006
24.5125 118.054
24.4578 118.007
24.4825 117.884
24.4621 117.792
24.3947 117.874
24.4039 118.033
24.3167 118.013
24.3428 118.095
24.2561 118.123
24.1522 117.967
24.1947 117.966
24.0275 117.891
24.0353 117.859
23.9408 117.764
24.0228 117.786
24.0233 117.705
23.8636 117.615
23.7806 117.626
23.7172 117.567
23.8575 117.595
23.9067 117.561
23.9333 117.403
23.9061 117.418
23.9 117.476
23.8617 117.483
23.7683 117.433
23.7553 117.309
23.7917 117.293
23.7211 117.262
23.6303 117.268
23.6111 117.219
23.6742 117.237
23.6839 117.223
23.5583 117.099
23.5764 117.069
23.6575 117.031
23.6172 116.928
23.6533 116.908
23.5486 116.879
23.3853 116.799
23.3531 116.677
23.4158 116.521
23.3303 116.564
23.3175 116.744
23.2392 116.776
23.2439 116.716
23.1706 116.615
23.2225 116.595
23.2417 116.546
23.2178 116.506
23.2053 116.588
23.1242 116.523
23.0092 116.538
22.9358 116.476
22.9303 116.348
22.9914 116.269
22.9536 116.268
22.8414 116.116
22.8442 116.069
22.9008 116.106
22.8955 116.067
22.8525 116.05
22.7489 115.785
22.7953 115.796
22.8833 115.67
22.9253 115.734
22.8583 115.554
22.9322 115.45
22.9186 115.408
22.8706 115.501
22.8425 115.485
22.8614 115.608
22.7794 115.524
22.7325 115.519
22.7408 115.592
22.6481 115.555
22.705 115.344
22.7414 115.345
22.7464 115.398
22.7842 115.394
22.7806 115.228
22.7975 115.229
22.8397 115.32
22.903 115.313
22.8708 115.275
22.8011 115.128
22.7747 115.045
22.6953 115.012
22.6942 114.951
22.7544 114.933
22.7403 114.894
22.6675 114.955
22.5331 114.872
22.5964 114.731
22.7272 114.725
22.77 114.796
22.7489 114.602
22.6506 114.501
22.6389 114.584
22.5811 114.502
22.548 114.502
22.5597 114.548
22.5005 114.614
22.4498 114.5
22.5592 114.462
22.608 114.357
22.5493 114.224
22.5489 114.221
22.5112 114.032
22.5105 114.031
22.5194 113.96
22.4628 113.862
22.7556 113.751
22.7492 113.653
22.8286 113.649
22.9164 113.597
23.0167 113.58
22.9825 113.545
23.0222 113.522
23.1047 113.617
23.1208 113.811
23.1525 113.68
23.0519 113.51
23.0842 113.446
23.0742 113.4
23.0528 113.478
23.0036 113.496
22.9139 113.475
22.9075 113.212
22.8833 113.359
22.7658 113.484
22.7581 113.376
22.6522 113.522
22.5378 113.566
22.4175 113.531
22.3872 113.541
22.3611 113.608
22.2106 113.561
22.2114 113.559
22.2119 113.557
22.2125 113.555
22.2131 113.553
22.2136 113.551
22.2142 113.549
22.2144 113.547
22.2144 113.545
22.2142 113.543
22.2136 113.541
22.2131 113.539
22.2122 113.538
22.2117 113.536
22.2106 113.535
22.2089 113.534
22.2075 113.533
22.2058 113.533
22.2039 113.532
22.2019 113.531
22.2 113.532
22.1978 113.532
22.1956 113.532
22.1933 113.532
22.1911 113.531
22.1894 113.531
22.1878 113.53
22.1858 113.53
22.1839 113.529
22.1819 113.529
22.1815 113.529
22.1739 113.44
22.5714 113.165
22.4783 113.16
22.4528 113.199
22.1719 113.385
22.1756 113.299
22.0375 113.224
22.0558 113.184
22.0881 113.113
22.2106 113.11
22.2036 113.082
22.0828 112.986
21.9475 113.017
21.8686 112.939
21.8617 112.885
21.965 112.827
21.9347 112.746
21.7897 112.629
21.765 112.559
21.8419 112.416
21.9003 112.413
21.9617 112.493
21.9403 112.4
21.9825 112.373
21.7958 112.399
21.7175 112.334
21.7153 112.231
21.8372 112.192
21.7886 112.064
21.8153 112.004
21.8458 112.031
21.8214 111.967
21.9203 111.893
21.8503 111.893
21.7658 111.999
21.7186 111.915
21.6744 111.842
21.6914 111.833
21.7036 111.868
21.7597 111.721
21.6972 111.777
21.6464 111.771
21.6058 111.689
21.5233 111.642
21.5328 111.593
21.5158 111.464
21.5967 111.43
21.5736 111.404
21.5342 111.434
21.5211 111.401
21.4842 111.346
21.4356 111.25
21.4994 111.29
21.5158 111.155
21.4814 111.185
21.4672 111.138
21.5008 111.124
21.5342 111.025
21.4478 111.009
21.3831 110.873
21.4028 110.793
21.3569 110.714
21.2544 110.649
21.323 110.639
21.3597 110.652
21.4125 110.758
21.4053 110.694
21.333 110.613
21.2275 110.632
21.1933 110.421
21.2769 110.438
21.3069 110.421
21.3969 110.436
21.3831 110.396
21.4308 110.373
21.3289 110.395
21.3372 110.328
21.2306 110.41
21.0231 110.217
21.0636 110.193
20.8414 110.162
20.8439 110.277
20.8339 110.366
20.7314 110.401
20.7094 110.377
20.7467 110.351
20.6553 110.3
20.6003 110.389
20.5722 110.473
20.4733 110.529
20.3586 110.464
20.3014 110.373
20.24 110.117
20.2989 110.033
20.235 109.918
20.3414 109.92
20.3769 109.876
20.4275 109.899
20.3472 109.983
20.415 110.011
20.4467 109.994
20.4422 109.921
20.5158 109.821
20.5547 109.846
20.6311 109.781
20.6261 109.749
20.6678 109.746
20.7055 109.835
20.715 109.768
20.8447 109.751
20.8067 109.73
20.8778 109.663
21.1403 109.677
21.1847 109.729
21.1592 109.75
21.1986 109.76
21.348 109.764
21.348 109.839
21.453 109.951
21.4833 109.879
21.4564 109.819
21.4675 109.796
21.5508 109.798
21.5728 109.742
21.485 109.77
21.4681 109.734
21.5167 109.652
21.6206 109.671
21.5886 109.616
21.6553 109.573
21.7439 109.586
21.6953 109.494
21.6331 109.527
21.5697 109.574
21.4528 109.433
21.455 109.377
21.4375 109.292
21.3981 109.135
21.4514 109.035
21.5214 109.15
21.58 109.143
21.6114 109.062
21.6025 108.977
21.6228 108.908
21.7539 108.866
21.8142 108.86
21.81 108.781
21.7614 108.848
21.7069 108.83
21.7503 108.796
21.6933 108.828
21.6564 108.837
21.6117 108.74
21.6575 108.742
21.7014 108.684
21.7453 108.642
21.8075 108.665
21.7514 108.629
21.7372 108.594
21.8011 108.565
21.8844 108.637
21.9205 108.563
21.851 108.475
21.8919 108.465
21.7675 108.493
21.6703 108.521
21.6903 108.562
21.6111 108.526
21.5708 108.467
21.5558 108.393
21.595 108.386
21.5922 108.435
21.6672 108.471
21.6705 108.4
21.6989 108.333
21.575 108.306
21.4969 108.21
21.5436 108.236
21.6389 108.228
21.5897 108.196
21.5426 107.986
21.5889 107.917
21.6671 107.783
21.625 107.704
21.5978 107.486
21.6417 107.487
21.6581 107.454
21.6178 107.403
21.605 107.363
21.7311 107.301
21.7119 107.212
21.835 107.013
21.9144 107.048
21.9386 107.023
22.0153 106.747
21.9658 106.692
21.9858 106.675
22.0572 106.695
22.3286 106.654
22.3375 106.578
22.3642 106.561
22.6069 106.607
22.6155 106.635
22.5728 106.68
22.8003 106.822
22.8755 106.679
22.8561 106.643
22.9022 106.606
22.8533 106.337
22.8719 106.252
22.953 106.227
22.9833 106.146
22.9103 105.872
23.0239 105.762
23.0644 105.57
23.1603 105.554
23.1872 105.518
23.3758 105.323
23.2605 105.241
23.2303 105.064
23.0997 104.823
22.9367 104.861
22.815 104.724
22.8217 104.591
22.6867 104.362
22.7378 104.262
22.8319 104.256
22.7922 104.103
22.6911 104.035
22.5472 104.017
22.4988 103.965
22.5811 103.857
22.784 103.653
22.698 103.563
22.6472 103.585
22.6033 103.549
22.7819 103.381
22.7931 103.327
22.6692 103.275
22.6244 103.18
22.538 103.163
22.4928 103.069
22.4453 103.071
22.4356 103.031
22.4819 102.929
22.5978 102.868
22.6908 102.684
22.6975 102.56
22.765 102.521
22.7714 102.469
22.6708 102.382
22.6328 102.415
22.4842 102.264
22.413 102.251
22.4283 102.18
22.3959 102.141
22.4375 102.106
22.4486 101.995
22.3842 101.895
22.3903 101.866
22.4669 101.823
22.5008 101.769
22.4703 101.689
22.3053 101.635
22.2792 101.57
22.0289 101.614
21.825 101.785
21.7244 101.753
21.6306 101.829
21.5842 101.8
21.3136 101.741
21.2455 101.851
21.1428 101.785
21.1481 101.717
21.1822 101.605
21.235 101.605
21.1803 101.282
21.2564 101.234
21.3761 101.265
21.4128 101.194
21.5586 101.209
21.5709 101.152
21.7697 101.122
21.6851 100.89
21.51 100.72
21.4514 100.56
21.4869 100.459
21.5364 100.389
21.4326 100.213
21.4683 100.162
21.5833 100.106
21.6392 100.149
21.6853 100.136
21.7094 99.9864
21.7689 99.9683
22.0505 99.9682
22.0228 99.8475
22.0753 99.7491
22.0419 99.6941
22.0764 99.6844
22.0919 99.6127
22.1358 99.4655
22.0931 99.3594
22.1144 99.2325
22.1653 99.1633
22.3172 99.245
22.4067 99.2969
22.51 99.3847
22.7447 99.328
22.7803 99.3872
22.9497 99.4455
22.9153 99.5466
22.938 99.5664
23.0869 99.5083
23.135 99.3564
23.1025 99.1894
23.1317 99.055
23.1675 99.0589
23.188 98.8813
23.3181 98.9377
23.3336 98.8769
23.3647 98.9186
23.4172 98.9147
23.4836 98.88
23.4847 98.8214
23.5542 98.8066
23.6133 98.8858
23.6919 98.8344
23.8122 98.6847
23.9344 98.693
23.9986 98.7516
24.1203 98.9072
24.1607 98.8894
24.1219 98.7614
24.0781 98.5958
24.1258 98.2203
24.0817 98.0405
23.8517 97.65
23.9506 97.5364
23.9828 97.5769
24.1636 97.7494
24.225 97.7275
24.2575 97.76
24.2903 97.7416
24.3061 97.6647
24.3378 97.6655
24.3528 97.7166
24.3855 97.7014
24.4414 97.5305
24.6694 97.5686
24.743 97.5525
24.7897 97.625
24.8397 97.7905
24.8631 97.7972
24.9189 97.7366
25.0825 97.723
25.2683 97.8464
25.2586 97.873
25.2108 97.9064
25.2142 97.9411
25.3144 98.0694
25.6244 98.1714
25.5517 98.3266
25.5964 98.3858
25.6567 98.3916
25.8486 98.5352
25.8011 98.6319
25.8264 98.6658
25.8967 98.7153
25.9539 98.6552
26.1231 98.568
26.1375 98.6028
26.0983 98.6644
26.1347 98.71
26.2 98.7283
26.2605 98.6658
26.6428 98.7786
26.8642 98.7397
27.07 98.7602
27.1039 98.7058
27.3631 98.7339
27.3883 98.7
27.5825 98.7047
27.6194 98.668
27.6022 98.5897
27.6669 98.5511
27.6864 98.428
27.6328 98.4261
27.5464 98.3975
27.5283 98.3469
27.55 98.3094
27.8836 98.1669
27.9044 98.2072
27.9305 98.1958
27.9692 98.1308
28.1203 98.1572
28.1605 98.1308
28.2186 98.0097
28.2783 98.0189
28.3814 97.8989
28.3492 97.7969
28.5211 97.7008
28.4842 97.6313
28.5469 97.575
28.54 97.5486
28.2925 97.465
28.2925 97.4105
28.2227 97.3495
28.2403 97.2983
28.3178 97.2336
28.3814 97.1058
28.3322 96.9989
28.3755 96.7791
28.4264 96.7408
28.4672 96.5905
28.3511 96.4019
28.4153 96.2647
28.4858 96.3683
28.5569 96.3453
28.5939 96.4347
28.6922 96.4966
28.7578 96.6164
28.8011 96.6116
28.8964 96.5339
29.07 96.5047
29.0325 96.3439
28.9408 96.2503
28.8997 96.1727
28.9433 96.1486
28.9953 96.1822
29.083 96.1227
29.1831 96.353
29.2553 96.3952
29.2906 96.3625
29.2414 96.2894
29.2575 96.2311
29.3697 96.1669
29.4655 96.0639
29.2444 95.5791
29.1347 95.543
29.1408 95.4961
29.0761 95.4794
29.0414 95.4391
29.0447 95.3453
29.1005 95.2236
29.1586 94.9472
29.1675 94.8005
29.2806 94.7336
29.3275 94.6319
29.285 94.5961
29.1442 94.2852
28.9678 94.1336
28.97 94.0344
28.8644 94.0491
28.6969 93.738
28.6836 93.558
28.6283 93.2255
28.4489 93.1694
28.3719 93.118
28.178 92.8239
28.2017 92.8025
28.1178 92.6803
28.063 92.6622
28.0364 92.7291
27.9555 92.6994
27.8047 92.3794
27.8444 92.3583
27.798 92.3353
27.7983 92.3061
27.8633 92.2791
27.8714 92.2566
27.8158 92.2539
27.7281 91.9705
27.7651 91.6596
27.8889 91.6669
27.948 91.6583
28.0525 91.338
28.0967 91.315
27.9711 91.1089
27.9778 91.0158
28.0506 90.8969
28.0797 90.3825
28.2355 90.3961
28.2578 90.3661
28.3233 89.9964
28.2489 89.8316
28.14 89.5861
27.8717 89.36
27.795 89.2255
27.5675 89.1258
27.4736 88.9711
27.321 88.9179
27.438 88.7833
27.49 88.7797
27.8425 88.8813
28.0164 88.8272
28.1131 88.6116
28.0292 88.5341
27.9492 88.1361
27.9047 88.1205
27.8681 88.1424
27.9147 87.8539
27.8372 87.7972
27.805 87.7205
27.8458 87.5461
27.8092 87.3936
27.8605 87.4041
27.823 87.1927
27.9653 87.0303
27.9506 86.933
28.0178 86.8741
28.0267 86.7641
28.0803 86.758
28.1111 86.7041
28.1058 86.5719
27.955 86.535
27.9081 86.445
28.0161 86.2197
28.1183 86.2153
28.1639 86.1836
28.0781 86.0925
27.9261 86.1316
27.8828 86.0144
27.9158 85.973
27.9897 85.978
28.0333 85.9189
28.0969 85.9164
28.2061 85.7808
28.3405 85.7058
28.2511 85.62
28.2894 85.5383
28.2722 85.2839
28.3164 85.1033
28.4467 85.1019
28.53 85.1819
28.6033 85.19
28.6411 85.06
28.54 84.9397
28.5519 84.8233
28.9294 84.2314
29.0422 84.2561
29.0628 84.1997
29.2139 84.1764
29.2792 84.0236
29.2289 83.7205
29.1619 83.6772
29.1658 83.6025
29.4967 83.3461
29.4744 83.2844
29.58 83.2575
29.6331 83.165
29.5853 83.0853
29.6725 82.9922
29.6689 82.8552
29.9428 82.5577
30.0797 82.1658
30.3422 82.1005
30.4197 81.6155
30.3305 81.5419
30.3808 81.4114
30.2831 81.3964
30.1453 81.3566
30.1306 81.2908
30.0836 81.3019
30.0103 81.2236
30.0247 81.1097
30.2047 81.0274
30.4764 80.6014
30.4644 80.5389
30.5647 80.3219
30.565 80.2036
30.6219 80.2278
30.6758 80.1875
30.7297 80.2564
30.7475 80.2355
30.7919 80.0841
30.9167 79.9097
30.9897 79.7489
30.9414 79.5903
31.2442 79.2402
31.3408 79.2175
31.4392 79.0869
31.4114 79.0186
31.3256 78.9986
31.36 78.9419
31.2989 78.8939
31.2867 78.8183
31.3158 78.7647
31.4575 78.7828
31.4808 78.725
31.5317 78.7264
31.5553 78.7816
31.6158 78.8411
31.685 78.7425
31.7853 78.6933
31.9589 78.7694
32.0353 78.6805
32.2094 78.5447
32.2361 78.475
32.3005 78.4833
32.5439 78.3958
32.5661 78.4205
32.5705 78.5955
32.6394 78.743
32.6228 78.7722
32.4789 78.7803
32.3661 78.9239
32.3764 79.0991
32.4847 79.1475
32.5155 79.2536
32.4944 79.3069
32.5469 79.3741
32.6769 79.5164
32.7499 79.5272
32.803 79.4636
32.8589 79.4611
32.9058 79.4183
32.9833 79.3541
33.1617 79.4064
33.1897 79.3647
33.2197 79.1036
33.2872 79.0794
33.3186 78.9922
33.4086 78.9374
33.608 78.9108
33.6336 78.918
33.6261 79.0314
33.7544 79.0194
33.9366 78.9075
33.9703 78.9089
34.0155 79.0272
34.0169 79.4133
34.1139 79.5222
34.1903 79.5116
34.1994 79.5722
34.4105 79.5316
34.4328 79.5455
34.4117 79.6836
34.4428 79.7542
34.4686 79.7605
34.5197 79.7227
34.5528 79.7616
34.5744 79.8439
34.6628 79.8875
34.6589 80.0452
34.7361 80.0883
34.8939 80.2016
35.0869 80.1908
35.1936 80.2922
35.3253 80.2839
35.4253 80.3866
35.5064 80.3872
35.5228 80.3494
35.5033 80.2977
35.5578 80.238
35.5589 80.2016
35.4458 80.1361
35.4061 80.0705
35.4375 80.0219
35.5958 79.9641
35.6175 79.9191
35.5683 79.8669
35.6508 79.6936
35.7592 79.6344
35.8017 79.6658
35.8678 79.5869
35.855 79.4739
35.8789 79.4402
35.9289 79.4572
35.9633 79.4327
35.9861 79.3433
35.8925 78.9344
35.9258 78.8094
35.8819 78.7005
35.7914 78.57
35.6391 78.2019
35.5433 78.1369
35.5742 77.9725
35.5017 77.9402
35.4808 77.8314
35.4611 77.7011
35.4841 77.5211
35.5955 76.92
35.7608 76.5883
35.8919 76.5847
35.9128 76.5641
35.8736 76.5258
35.8133 76.2222
35.828 76.1578
35.9728 76.1275
36.0005 76.0905
36.0017 76.0078
36.0314 75.9514
36.1191 75.92
36.1775 76.0044
36.4586 76.005
36.6286 75.8989
36.7428 75.7239
36.7708 75.5541
36.7255 75.4727
36.7478 75.4311
36.9175 75.3925
37.0014 75.1313
36.9661 74.9277
36.9117 74.8952
37.0111 74.8389
37.0628 74.6908
37.0265 74.5677
37.1391 74.4005
37.1753 74.3922
37.243 74.5372
37.2347 74.6511
37.2661 74.6694
37.3011 74.7633
37.2192 74.8169
37.2403 74.8988
37.3219 75.0966
37.3836 75.1111
37.4067 75.1875
37.563 74.9494
37.6472 74.9028
37.7786 74.9902
37.8472 74.9028
37.9389 74.9205
38.0178 74.9136
38.0686 74.8205
38.3061 74.7944
38.3842 74.8627
38.4705 74.8566
38.6005 74.553
38.6744 74.3547
38.61 74.0744
38.5475 74.083
38.5336 73.9741
38.588 73.8472
38.6612 73.7952
38.8642 73.7053
38.9125 73.7233
38.9453 73.8441
38.9761 73.8514
39.2205 73.6239
39.438 73.6547
39.4589 73.6716
39.459 73.6724
39.475 73.848
39.5978 73.9561
39.7625 73.8416
39.8258 73.8503
40.0461 73.9944
40.1139 74.198
40.0928 74.3222
40.168 74.483
40.3367 74.7241
40.3247 74.8777
40.3683 74.8722
40.4175 74.8111
40.5036 74.8447
40.5214 74.8691
40.4478 75.0589
40.4825 75.2775
40.6439 75.5633
40.64 75.5944
40.445 75.6966
40.3983 75.6614
40.3092 75.6897
40.3014 75.9038
40.3889 76.0452
40.3755 76.1866
40.4522 76.2697
40.4514 76.29
40.3542 76.328
40.3992 76.4422
40.6086 76.6394
40.7403 76.6475
40.8625 76.7936
40.9408 76.7819
41.0111 76.8675
41.05 77.0216
40.9861 77.5058
41.0855 78.1602
41.2755 78.3736
41.3664 78.3655
41.4639 78.5311
41.483 78.64
41.5319 78.6708
41.7858 79.2961
41.8403 79.5705
41.9028 79.8014
42 79.8522
42.0342 79.9772
42.0291 80.2047
42.0597 80.2764
42.1824 80.2855
42.2317 80.2891
42.6325 80.158
42.8161 80.2589
42.8803 80.565
42.9086 80.5778
42.9928 80.3903
43.0253 80.3766
43.1391 80.6383
43.1083 80.7705
43.1305 80.81
43.2644 80.78
43.293 80.7647
43.3194 80.6686
43.3489 80.6666
43.4047 80.7225
43.4658 80.7397
43.9922 80.4389
44.0639 80.4247
44.1128 80.368
44.3758 80.3761
44.4503 80.3489
44.6022 80.4072
44.6519 80.3747
44.7072 80.5166
44.7461 80.4847
44.8244 80.2622
44.7936 80.0222
44.8655 79.8758
44.8961 79.865
45.0247 80.0766
45.1478 80.7872
45.1311 80.8694
45.3297 81.6222
45.3508 81.7325
45.3058 81.7977
45.2147 81.8041
45.1575 81.948
45.2358 82.2708
45.233 82.3253
45.1275 82.4816
45.1233 82.5494
45.1747 82.6011
45.3455 82.6586
45.4303 82.6494
45.4639 82.5891
45.4955 82.3622
45.5294 82.3197
45.5905 82.3244
45.9886 82.5369
46.173 82.5733
46.5464 82.7911
46.7636 82.8739
46.9603 83.0147
47.1992 83.0314
47.2203 83.0614
47.2236 83.1625
47.0611 83.565
46.9783 84.033
46.995 84.6614
46.9555 84.7508
46.9258 84.7816
46.8369 84.7352
46.8264 84.785
46.8642 84.9636
47.0397 85.2194
47.058 85.5158
47.1847 85.5814
47.2119 85.6866
47.365 85.7055
47.4994 85.6091
47.8019 85.5739
47.9433 85.5364
47.9727 85.5518
48.4022 85.7778
48.4369 86.0216
48.4253 86.2308
48.4953 86.3441
48.5361 86.5961
48.6164 86.645
48.7144 86.7744
48.8466 86.8214
48.9105 86.7461
48.9722 86.7305
49.105 86.8616
49.1111 87.2597
49.0957 87.3453
49.0775 87.4466
49.1718 87.84
49.0022 87.8994
48.9519 87.873
48.9275 87.7814
48.8816 87.7594
48.773 87.9055
48.7472 88.0391
48.7064 88.0886
48.6333 88.0208
48.6075 87.9694
48.5769 87.9733
48.3628 88.5741
48.2178 88.6052
48.1103 88.8339
48.1153 88.9333
47.9955 89.0775
47.9805 89.2258
48.0414 89.5305
48.0297 89.5908
47.913 89.6683
47.8283 89.7819
47.8364 89.9389
47.8919 89.9766
47.8894 90.0675
47.8653 90.0916
47.7975 90.0833
47.7375 90.1341
47.6744 90.3569
47.6433 90.3575
47.543 90.4078
47.5003 90.4658
47.3219 90.49
46.9997 90.7611
46.9886 90.8572
46.883 90.9589
46.8289 90.9438
46.7422 91.0344
46.5733 91.0722
46.3155 90.923
46.1778 90.9725
46.0417 91.0297
46.0083 91.0211
45.7355 90.7194
45.495 90.6747
45.3947 90.7944
45.2042 90.8816
45.193 90.9394
45.2239 91.0119
45.2128 91.1416
45.1511 91.2305
45.1186 91.383
45.158 91.4536
45.0686 91.6811
45.0794 92.0925
45.0128 92.3597
45.0103 93.0953
44.9622 93.5308
44.7003 94.1272
44.5875 94.318
44.5205 94.3648
44.453 94.5994
44.3492 94.7244
44.2569 95.0205
44.2964 95.4111
44.2783 95.4233
44.1778 95.3503
44.0208 95.3361
43.9928 95.54
43.4414 95.8455
43.2791 95.8813
42.9069 96.3569
42.7311 96.383
42.7975 97.1716
42.6289 98.5303
42.5708 99.4986
42.6483 100.035
42.6411 100.255
42.6911 100.315
42.678 100.836
42.5097 101.815
42.2333 102.077
42.1511 102.442
42.1614 102.713
41.8872 103.416
41.8025 103.849
41.8033 104.061
41.8772 104.527
41.6639 104.524
41.6519 104.93
41.5814 105.012
41.75 105.227
41.8314 105.468
42.0775 106.122
42.2955 106.782
42.3133 107.003
42.36 107.262
42.4105 107.277
42.4661 107.472
42.4103 107.571
42.4422 108.528
42.4 108.845
42.4583 109
42.43 109.314
42.4533 109.438
42.4739 109.545
42.5583 109.696
42.6414 109.928
42.6455 110.107
42.6736 110.134
42.7778 110.44
42.8461 110.472
43.0033 110.674
43.0789 110.725
43.3169 110.99
43.4894 111.436
43.4972 111.586
43.6725 111.784
43.6922 111.958
43.7631 111.978
43.9389 111.879
44.1508 111.585
44.3328 111.426
44.4128 111.427
44.5778 111.561
44.6791 111.568
45.0005 111.785
45.0916 111.981
45.0805 112.427
44.9264 112.607
44.7978 113.126
44.7453 113.638
44.9228 113.917
44.938 114.074
45.2117 114.462
45.3894 114.545
45.4422 114.736
45.3828 114.938
45.4586 115.702
45.6855 116.031
45.6933 116.15
45.7894 116.272
45.8233 116.281
45.8878 116.234
46.0889 116.363
46.2958 116.586
46.3936 116.842
46.3594 117.093
46.3644 117.371
46.5783 117.421
46.6119 117.599
46.5511 117.633
46.5139 117.717
46.5344 117.844
46.6103 117.916
46.7369 118.31
46.6908 118.554
46.6839 118.773
46.7655 118.844
46.7697 118.887
46.7205 118.918
46.7503 118.991
46.6778 119.062
46.6144 119.363
46.6275 119.64
46.5978 119.691
46.6286 119.779
46.7103 119.928
46.9089 119.925
46.9939 119.801
47.1555 119.735
47.248 119.614
47.33 119.479
47.4244 119.309
47.4739 119.346
47.5339 119.149
47.665 119.125
47.7728 118.767
47.9953 118.558
48.0072 117.955
48.0119 117.808
47.9747 117.764
47.7633 117.512
47.6605 117.39
47.6692 117.328
47.8136 117.111
47.888 116.875
47.8391 116.47
47.8786 116.258
47.8219 116.116
47.6919 115.973
47.6919 115.919
47.9194 115.592
48.1358 115.54
48.2525 115.836
48.5205 115.811
48.8158 116.084
48.8633 116.056
49.775 116.673
49.8282 116.709
49.6419 117.21
49.5314 117.755
49.5078 117.873
49.5422 117.885
49.778 118.365
49.8164 118.385
49.8305 118.475
49.9178 118.565
49.9847 118.91
49.9885 119.097
180.0 180.0
9.13038e-315 8.65109e-321
