CIC_MPM_VERS = 1.0
COMMENT Generated by Spacebel CCSDS library
CREATION_DATE = 2017-02-24T16:24:58.019219
ORIGINATOR = SVG² Control

META_START

USER_DEFINED_PROTOCOL = NONE
USER_DEFINED_CONTENT = REGION OF INTEREST
USER_DEFINED_SIZE = 2
USER_DEFINED_TYPE = REAL
USER_DEFINED_UNIT = [deg]

META_STOP

11.8526 -71.3248
11.8128 -71.4036
11.665 -71.9772
11.1525 -72.265
11.165 -72.3414
11.1211 -72.4931
10.9372 -72.5844
10.5231 -72.8472
9.98888 -72.9789
9.83694 -72.9625
9.58166 -73.0958
9.18972 -73.3839
9.16694 -73.3719
9.17372 -73.3184
9.3025 -73.0014
9.26083 -72.9811
9.1425 -72.9736
9.09833 -72.9269
9.14027 -72.8453
9.11305 -72.7722
8.64111 -72.6644
8.36305 -72.3842
8.14639 -72.3356
8.04944 -72.3336
8.04194 -72.4025
7.99 -72.4203
7.49194 -72.4717
7.40611 -72.3992
7.38277 -72.1833
7.19861 -72.1456
7.06167 -72.0656
6.98527 -71.8808
7.04472 -71.553
6.99528 -71.1322
7.00278 -70.9631
7.085 -70.8242
7.09028 -70.5695
7.01528 -70.5131
6.93972 -70.3075
6.97583 -70.1192
6.11861 -69.4297
6.15305 -69.3314
6.08389 -69.257
6.1 -69.195
6.19916 -69.0942
6.19861 -68.9711
6.13416 -68.6442
6.19055 -68.4542
6.16694 -68.3136
6.22333 -68.1522
6.20667 -68.0011
6.30833 -67.8356
6.26611 -67.5736
6.19311 -67.4548
6.11861 -67.4919
5.98722 -67.4144
5.7875 -67.6222
5.67 -67.6517
5.53917 -67.6133
5.43055 -67.7317
5.30778 -67.8497
5.11222 -67.8289
5.05 -67.7931
4.52528 -67.8753
4.46528 -67.813
4.2275 -67.8056
4.0875 -67.7292
3.95861 -67.6906
3.73778 -67.5958
3.72278 -67.4889
3.47889 -67.3744
3.45194 -67.3039
3.3975 -67.2908
3.25917 -67.3842
3.24194 -67.4467
2.86833 -67.8434
2.79245 -67.8463
2.83889 -67.757
2.79556 -67.6072
2.68333 -67.5678
2.66639 -67.4939
2.43889 -67.2814
2.3925 -67.1925
2.33694 -67.1742
2.27528 -67.2169
2.14806 -67.1725
2.09944 -67.1119
1.98778 -67.1339
1.69583 -66.9917
1.22554 -66.8734
1.1725 -67.0756
1.19389 -67.0842
1.62528 -67.0725
1.84944 -67.192
2.11111 -67.3353
2.14389 -67.4244
2.1 -67.5172
1.80694 -67.7833
1.7425 -67.952
1.77389 -68.0153
1.93361 -68.0897
2.01444 -68.195
1.83222 -68.2758
1.72417 -68.1533
1.72863 -69.3778
1.76028 -69.4592
1.73167 -69.7389
1.71534 -69.8432
1.06222 -69.8422
1.08972 -69.7208
1.06028 -69.7103
1.06222 -69.4467
1.02722 -69.4261
1.04111 -69.2756
0.951944 -69.1933
0.906667 -69.2028
0.870555 -69.1422
0.731944 -69.1825
0.651111 -69.1258
0.63 -69.1375
0.618277 -69.2094
0.653055 -69.3189
0.740278 -69.4644
0.726389 -69.5111
0.645555 -69.6114
0.678889 -69.6783
0.581667 -69.9406
0.590833 -70.0442
0.504444 -70.0464
-0.1575 -70.058
-0.309444 -69.9283
-0.504445 -69.6203
-0.636667 -69.5731
-0.733889 -69.6181
-0.845 -69.5656
-0.966111 -69.4683
-1.02417 -69.4422
-1.17445 -69.3808
-1.36667 -69.3839
-1.42917 -69.4375
-1.53778 -69.4553
-2.20833 -69.5761
-2.87695 -69.6958
-3.54944 -69.8161
-4.22423 -69.9466
-3.86111 -70.2489
-3.78833 -70.3719
-3.86111 -70.5161
-3.8259 -70.6208
-3.77972 -70.7244
-2.7275 -70.0497
-2.66111 -70.0717
-2.69945 -70.1255
-2.55222 -70.2369
-2.57833 -70.327
-2.55556 -70.3383
-2.53167 -70.3
-2.49555 -70.3075
-2.51111 -70.4205
-2.42639 -70.5272
-2.4325 -70.5522
-2.49472 -70.5408
-2.48111 -70.5878
-2.42083 -70.5997
-2.29611 -70.7586
-2.22361 -70.9714
-2.30028 -70.9883
-2.30306 -71.0939
-2.35306 -71.1139
-2.39139 -71.3556
-2.35306 -71.3578
-2.27695 -71.4303
-2.3525 -71.4606
-2.23583 -71.515
-2.22167 -71.6794
-2.14972 -71.6886
-2.1675 -71.7314
-2.38444 -71.8986
-2.35722 -72.0086
-2.38722 -72.048
-2.47639 -72.1039
-2.44056 -72.13
-2.45833 -72.2089
-2.50639 -72.2089
-2.47972 -72.3367
-2.43444 -72.3544
-2.40778 -72.5958
-2.49417 -72.6461
-2.44056 -72.6925
-2.475 -72.7167
-2.43444 -72.7447
-2.48778 -72.8058
-2.50306 -72.892
-2.39556 -72.9444
-2.42222 -73.0228
-2.36528 -73.0361
-2.36333 -73.0831
-2.24333 -73.1339
-2.22445 -73.0883
-2.14083 -73.0575
-1.91806 -73.0933
-1.80306 -73.1992
-1.87222 -73.3094
-1.74833 -73.5075
-1.59639 -73.4464
-1.50389 -73.5172
-1.37083 -73.5564
-1.23861 -73.7389
-1.29417 -73.7556
-1.26056 -73.8442
-1.17083 -73.8503
-1.16889 -73.9383
-1.03528 -74.0206
-1.07361 -74.0778
-1.01889 -74.2369
-0.902222 -74.2936
-0.89 -74.2425
-0.859167 -74.2389
-0.813334 -74.3092
-0.568056 -74.3761
-0.383611 -74.6078
-0.410278 -74.6383
-0.346667 -74.6639
-0.367778 -74.7067
-0.266389 -74.7308
-0.200556 -74.7867
-0.227222 -74.8761
-0.0388889 -75.1508
-0.0375 -75.2122
-0.119722 -75.245
-0.119124 -75.2852
-0.06 -75.4344
0.0558333 -75.5978
0.0288889 -75.6281
0.0563889 -75.7753
0.34 -76.0478
0.321667 -76.1061
0.379167 -76.1158
0.418889 -76.303
0.373611 -76.3317
0.396944 -76.4083
0.248333 -76.4089
0.280555 -76.7214
0.2325 -76.7331
0.242222 -76.8803
0.359167 -77.0808
0.334722 -77.1967
0.384722 -77.3797
0.424444 -77.4272
0.627222 -77.4444
0.663611 -77.4764
0.656111 -77.5417
0.745 -77.6583
0.815246 -77.6559
0.845833 -77.7147
0.805489 -77.8094
0.829722 -77.89
0.881664 -77.9164
1.06722 -78.3519
1.19778 -78.4733
1.19861 -78.5603
1.26929 -78.5959
1.26444 -78.6342
1.43793 -78.8099
1.43964 -78.8116
1.555 -78.8617
1.6 -79.035
1.63389 -79.0517
1.75639 -78.9692
1.83667 -78.8514
1.80778 -78.6311
1.76472 -78.6211
1.76889 -78.5842
1.92222 -78.5475
1.94694 -78.5958
2.01028 -78.59
2.03028 -78.6239
1.99194 -78.6606
2.2 -78.6872
2.43 -78.5389
2.43444 -78.4747
2.50139 -78.46
2.5075 -78.4222
2.43861 -78.3539
2.53611 -78.2128
2.48694 -78.1258
2.55028 -78.0603
2.52139 -77.9931
2.55944 -77.9486
2.59028 -77.977
2.63028 -77.8939
2.58778 -77.9083
2.55889 -77.862
2.57139 -77.7831
2.60472 -77.7408
2.74833 -77.8131
2.80833 -77.7769
2.84583 -77.6389
2.87528 -77.6436
2.86 -77.7072
2.91806 -77.7056
2.89111 -77.6447
2.98111 -77.62
2.99333 -77.6914
3.0475 -77.6972
3.05333 -77.5592
3.12639 -77.515
3.21667 -77.5056
3.25861 -77.4189
3.30306 -77.407
3.32889 -77.4719
3.36361 -77.4425
3.335 -77.3517
3.49917 -77.3158
3.47 -77.2639
3.52694 -77.2708
3.56889 -77.2817
3.61361 -77.2022
3.66361 -77.1461
3.71639 -77.13
3.70028 -77.192
3.75194 -77.1964
3.76639 -77.1256
3.80306 -77.1564
3.81972 -77.1261
3.91778 -77.0289
3.92333 -77.1228
3.89639 -77.1117
3.83639 -77.2511
3.86083 -77.2914
3.93278 -77.3094
3.97722 -77.2933
3.98389 -77.2411
4.06028 -77.1872
4.06917 -77.2833
3.96444 -77.3356
3.92889 -77.3481
3.93472 -77.3742
4.12222 -77.4356
4.17416 -77.43
4.22166 -77.3539
4.19056 -77.3136
4.25444 -77.2395
4.32805 -77.3775
4.44528 -77.3458
4.64805 -77.317
4.66722 -77.2917
4.70333 -77.2567
4.99416 -77.3636
5.37167 -77.3822
5.48555 -77.45
5.50556 -77.485
5.48889 -77.5475
5.58278 -77.5067
5.62472 -77.4181
5.61305 -77.3322
5.70667 -77.2517
5.78278 -77.2436
6.15778 -77.4753
6.2925 -77.4803
6.235 -77.4103
6.34 -77.3745
6.38889 -77.4067
6.39139 -77.3558
6.49993 -77.3575
6.565 -77.3397
6.70889 -77.4906
6.66278 -77.5328
6.80611 -77.5753
6.87556 -77.6645
6.84555 -77.692
6.93889 -77.6936
6.9625 -77.655
7.05222 -77.6783
7.1575 -77.8195
7.22772 -77.8891
7.48 -77.8111
7.4875 -77.745
7.54805 -77.7206
7.62555 -77.7586
7.71 -77.755
7.72416 -77.7353
7.67777 -77.6622
7.54944 -77.6064
7.52528 -77.5739
7.62278 -77.4386
7.72083 -77.325
7.78611 -77.3719
7.90778 -77.2919
7.94583 -77.1467
8.10222 -77.2217
8.28694 -77.3639
8.39639 -77.3739
8.47055 -77.4203
8.47972 -77.4786
8.67617 -77.3661
8.47111 -77.2489
8.36361 -77.1097
8.25222 -76.9833
8.16083 -76.947
8.12583 -76.9453
8.10833 -76.9042
8.13389 -76.8386
8.03194 -76.87
8.025 -76.9186
7.94305 -76.9264
7.90639 -76.8297
7.91639 -76.7595
8.02083 -76.7347
8.2425 -76.7672
8.485 -76.8239
8.53416 -76.9453
8.61722 -76.8944
8.70778 -76.6494
8.74333 -76.6425
8.87139 -76.4344
8.90555 -76.432
8.98166 -76.2789
9.00166 -76.2592
9.05305 -76.2633
9.11583 -76.1945
9.23861 -76.1722
9.27222 -76.1089
9.31139 -76.1139
9.43 -75.9322
9.42444 -75.6625
9.47222 -75.62
9.57694 -75.5864
9.69333 -75.6219
9.70111 -75.7195
9.80333 -75.642
10.2369 -75.5317
10.2414 -75.5594
10.1944 -75.6503
10.3055 -75.5133
10.4122 -75.5478
10.4822 -75.4878
10.5667 -75.5258
10.7417 -75.2772
10.7056 -75.257
10.7231 -75.2272
10.7842 -75.2761
11.0111 -74.9672
11.123 -74.8645
10.9867 -74.3417
10.9664 -74.4092
10.9742 -74.4931
10.9047 -74.5178
10.8719 -74.5311
10.8869 -74.5875
10.7883 -74.6067
10.8055 -74.5453
10.758 -74.5411
10.765 -74.4969
10.8392 -74.5053
10.8222 -74.4725
10.7383 -74.455
10.743 -74.3906
10.9333 -74.2922
11.2108 -74.2294
11.3097 -74.1889
11.3532 -74.033
11.2661 -73.6789
11.2794 -73.3453
11.3344 -73.227
11.5028 -73.035
11.7522 -72.6056
11.8319 -72.3606
11.9053 -72.2403
12.1036 -72.1397
12.2228 -72.1745
12.2483 -72.1442
12.26 -71.9689
12.2106 -71.9925
12.1578 -71.9931
12.1958 -71.9111
12.2067 -71.8658
12.2797 -71.89
12.2769 -71.9603
12.3589 -71.8286
12.333 -71.8394
12.3133 -71.8097
12.3964 -71.6833
12.4389 -71.655
12.4153 -71.7389
12.4583 -71.6933
12.4461 -71.5289
12.3069 -71.2267
12.0961 -71.1139
12.0386 -71.1181
11.8526 -71.3248
