CIC_MPM_VERS = 1.0
COMMENT Generated by Spacebel CCSDS library
CREATION_DATE = 2017-02-24T16:24:58.154218
ORIGINATOR = SVG² Control

META_START

USER_DEFINED_PROTOCOL = NONE
USER_DEFINED_CONTENT = REGION OF INTEREST
USER_DEFINED_SIZE = 2
USER_DEFINED_TYPE = REAL
USER_DEFINED_UNIT = [deg]

META_STOP

3.47886 18.626
3.21056 18.6422
3.13194 18.6117
3.07568 18.5393
2.73139 18.4028
2.61263 18.342
2.42722 18.22
2.22944 18.0933
1.65528 18.0783
1.44555 18.0386
0.953333 17.8789
0.447778 17.9669
0.352615 17.9487
0.148611 17.8036
-0.174167 17.71
-0.316365 17.7368
-0.443611 17.7369
-0.670833 17.6355
-1.01528 17.3069
-1.15389 16.9681
-1.31639 16.8072
-1.76667 16.5839
-1.98111 16.4144
-2.15889 16.2069
-2.24583 16.1839
-2.8225 16.1958
-3.06167 16.1889
-3.32222 16.2278
-3.75694 15.9833
-3.91972 15.9111
-3.96917 15.8433
-4.03722 15.5694
-4.0968 15.5169
-4.20097 15.4871
-4.22564 15.48
-4.24889 15.4733
-4.29361 15.4286
-4.30676 15.2729
-4.42 15.1519
-4.79167 14.8461
-4.885 14.7189
-4.91 14.655
-4.84083 14.4958
-4.88765 14.419
-4.59944 14.3833
-4.55778 14.3647
-4.45639 14.4767
-4.42695 14.4875
-4.34139 14.3992
-4.27417 14.4153
-4.46528 13.9911
-4.495 13.965
-4.48472 13.8803
-4.42611 13.8286
-4.44167 13.7392
-4.72333 13.7006
-4.80389 13.4942
-4.88306 13.4103
-4.78667 13.3756
-4.68361 13.1947
-4.58917 13.1453
-4.5725 13.1008
-4.63307 13.0911
-4.48528 12.9222
-4.41528 12.8958
-4.38889 12.7808
-4.52167 12.6644
-4.55944 12.65
-4.6025 12.4128
-4.79361 12.2922
-4.75889 12.2064
-4.89583 12.1664
-5.02062 12.0101
-4.98778 11.98
-4.64694 11.7569
-4.59278 11.7994
-4.5125 11.7492
-4.19222 11.3817
-4.08583 11.3364
-3.94363 11.1582
-3.9229 11.1415
-3.67861 11.2447
-3.585 11.4392
-3.52139 11.4783
-3.51722 11.5605
-3.69639 11.6947
-3.69917 11.8847
-3.62667 11.925
-3.57944 11.8422
-3.55139 11.8414
-3.32222 11.975
-3.29139 11.958
-3.16694 11.6997
-3.03778 11.7319
-3.04722 11.7661
-3.00889 11.8017
-2.81861 11.6325
-2.86722 11.5647
-2.85695 11.5433
-2.79389 11.5461
-2.71583 11.6119
-2.61333 11.6475
-2.33333 11.5742
-2.35667 11.6811
-2.43667 11.7353
-2.39639 11.7717
-2.33333 11.9642
-2.39139 12.0217
-2.32722 12.4781
-2.09306 12.5172
-2.02445 12.448
-1.87722 12.4528
-1.92389 12.4953
-1.90528 12.5247
-1.8725 12.5205
-1.82445 12.655
-1.95444 12.8453
-2.14694 12.9044
-2.19083 12.9728
-2.29556 13.0111
-2.34778 13.0194
-2.43528 13.4869
-2.18611 13.7258
-2.15111 13.7272
-2.09306 13.7705
-2.35778 13.9303
-2.42306 13.8644
-2.47639 13.8789
-2.495 14.0878
-2.45444 14.1283
-2.34222 14.255
-2.22861 14.1583
-2.19028 14.2255
-1.96611 14.2644
-1.89167 14.4297
-1.81278 14.4214
-1.68056 14.4667
-1.61083 14.3839
-1.57861 14.4339
-1.39028 14.5017
-1.33194 14.4442
-1.21278 14.4819
-1.03345 14.4164
-0.609167 14.5186
-0.518611 14.4567
-0.433333 14.3067
-0.4525 14.1775
-0.357778 14.1608
-0.276111 14.1208
-0.253056 13.8869
-0.1675 13.8522
0.0333333 13.95
0.0425 13.9133
0.222778 13.8886
0.362778 13.9697
0.428055 14.0664
0.485 14.0722
0.546389 14.1028
0.553611 14.2792
0.846111 14.4725
1.09028 14.3653
1.11111 14.3128
1.32639 14.2739
1.36379 14.2352
1.39528 14.1594
1.37528 14.0739
1.43889 13.9036
1.43389 13.7983
1.37194 13.7789
1.33194 13.6014
1.27194 13.5219
1.29639 13.3783
1.23417 13.3055
1.22313 13.1859
1.25389 13.1522
1.29972 13.2255
1.39556 13.2464
1.56861 13.1375
1.70306 13.1419
1.77611 13.1739
1.90444 13.1611
2.06694 13.2883
2.16407 13.2942
2.16028 13.73
2.16139 14.3783
2.16055 14.5239
2.20399 14.5678
2.06083 14.8053
2.1125 14.8614
2.05333 14.9108
2.00389 14.8878
2.00361 14.9539
2.03194 14.98
1.98 15.0722
2.00833 15.1414
2.03972 15.1514
1.99222 15.2728
1.92055 15.3372
1.97639 15.4864
1.825 15.8719
1.78056 15.9328
1.76111 16.0178
1.65417 16.0722
1.72667 16.1625
1.87389 16.1242
1.97333 16.0606
2.16639 16.09
2.2211 16.2064
2.84944 16.5017
3.15667 16.4828
3.48194 16.5889
3.54528 16.6992
3.52444 16.8619
3.56583 16.8767
3.53528 16.9878
3.57667 17.0772
3.61528 17.3561
3.67972 17.4139
3.71083 17.4936
3.64833 17.5794
3.63055 17.76
3.53611 17.865
3.5775 17.9389
3.53917 17.9889
3.56639 18.0494
3.55083 18.1439
3.48278 18.1839
3.49917 18.2339
3.58306 18.2725
3.5775 18.3981
3.64194 18.4814
3.59889 18.5333
3.55333 18.5489
3.47886 18.626
