CIC_MPM_VERS = 1.0
COMMENT Generated by Spacebel CCSDS library
CREATION_DATE = 2017-02-24T16:24:58.415219
ORIGINATOR = SVG² Control

META_START

USER_DEFINED_PROTOCOL = NONE
USER_DEFINED_CONTENT = REGION OF INTEREST
USER_DEFINED_SIZE = 2
USER_DEFINED_TYPE = REAL
USER_DEFINED_UNIT = [deg]

META_STOP

11.0843 -85.7113
11.1517 -85.6503
11.2136 -85.6144
11.0914 -85.2842
10.9553 -84.9406
10.9408 -84.9028
11.078 -84.6744
10.9594 -84.4444
10.9933 -84.3556
10.9267 -84.3217
10.878 -84.2247
10.7858 -84.1978
10.7561 -83.9822
10.7097 -83.9244
10.7889 -83.6772
10.8794 -83.6617
10.9243 -83.6453
10.8522 -83.6239
10.7244 -83.5911
10.6164 -83.525
10.3936 -83.4089
10.205 -83.2611
10.0161 -83.1106
10.0011 -83.0231
9.79694 -82.8942
9.64944 -82.7431
9.56979 -82.5652
9.48972 -82.6155
9.55889 -82.7275
9.60833 -82.8433
9.55633 -82.8753
9.49819 -82.8332
9.47166 -82.9347
9.39833 -82.9342
9.06207 -82.9295
9.04583 -82.8558
8.94027 -82.7192
8.88722 -82.7486
8.78472 -82.885
8.74527 -82.9153
8.57583 -82.827
8.47388 -82.8306
8.33694 -83.0317
8.27472 -82.9667
8.25472 -82.9308
8.02671 -82.8967
8.24194 -82.985
8.35 -83.1395
8.385 -83.1403
8.43916 -83.0953
8.59666 -83.1806
8.58389 -83.1308
8.62611 -83.1645
8.66805 -83.3225
8.73611 -83.377
8.69305 -83.4756
8.53639 -83.3014
8.38416 -83.2772
8.37139 -83.3075
8.4425 -83.4817
8.44666 -83.5795
8.6125 -83.7358
8.77972 -83.6106
8.78583 -83.65
8.83528 -83.5828
8.96476 -83.6034
9.11666 -83.7033
9.26 -83.8795
9.37194 -84.1058
9.39361 -84.1753
9.41861 -84.1672
9.47 -84.2492
9.51889 -84.5231
9.64722 -84.6703
9.76444 -84.6292
9.9525 -84.7367
10.0025 -84.8795
10.1308 -85.0697
10.1667 -85.0886
10.1683 -85.1925
10.2786 -85.2853
10.1228 -85.2289
10.045 -85.1722
9.97889 -85.1069
9.92722 -84.9228
9.83111 -84.9283
9.82444 -84.8653
9.70194 -84.9931
9.58639 -85.0917
9.55305 -85.1136
9.74778 -85.2547
9.83166 -85.3439
9.88305 -85.5914
9.89916 -85.6645
10.0003 -85.7153
10.2142 -85.8378
10.3494 -85.8736
10.445 -85.7756
10.5072 -85.8114
10.615 -85.6345
10.6386 -85.6542
10.7625 -85.6614
10.8058 -85.7006
10.883 -85.8986
10.9439 -85.8775
10.9539 -85.7069
11.0361 -85.7328
11.0314 -85.675
11.0751 -85.6916
11.0843 -85.7113
