CIC_MPM_VERS = 1.0
COMMENT Generated by Spacebel CCSDS library
CREATION_DATE = 2017-02-24T16:24:58.526719
ORIGINATOR = SVG² Control

META_START

USER_DEFINED_PROTOCOL = NONE
USER_DEFINED_CONTENT = REGION OF INTEREST
USER_DEFINED_SIZE = 2
USER_DEFINED_TYPE = REAL
USER_DEFINED_UNIT = [deg]

META_STOP

44.9655 14.6608
44.9839 14.6147
45.035 14.6283
45.03 14.4958
45.0783 14.4289
45.2042 14.545
45.2461 14.5492
45.2139 14.5944
45.0125 14.7839
44.973 14.8067
44.9655 14.6608
180.0 180.0
44.6166 14.5036
44.6383 14.4431
44.9219 14.298
44.9067 14.3928
44.9925 14.3756
45.115 14.2736
45.1728 14.3117
45.1653 14.3578
45.0525 14.3769
44.9778 14.4717
44.728 14.4625
44.6166 14.5036
180.0 180.0
42.8913 17.6555
42.9272 17.6981
42.9039 17.7864
42.9203 17.8214
42.9036 17.8425
42.8597 17.8453
42.8192 17.8828
42.8111 17.9225
42.7614 17.9989
42.7508 18.1003
42.6183 18.2686
42.6267 18.3625
42.6064 18.4119
42.5645 18.4553
42.4869 18.4603
42.4494 18.5103
42.3983 18.5261
42.5794 18.2147
42.6078 18.2275
42.7475 17.9064
42.8086 17.8108
42.8239 17.7214
42.795 17.7353
42.9305 17.3342
43.0347 17.0469
42.9614 17.4214
42.8478 17.7169
42.8913 17.6555
180.0 180.0
46.4752 16.6092
46.3186 16.8764
46.2461 16.9392
46.2066 17.0642
46.1183 17.2097
45.9744 17.3206
45.95 17.3586
45.9547 17.4261
45.9405 17.5767
45.8089 17.7994
45.7667 18.0825
45.7844 18.1892
45.7603 18.279
45.8017 18.5594
45.8761 18.6292
45.9211 18.6992
45.8867 18.803
45.8967 18.8281
45.8472 18.8592
45.8119 18.9244
45.7825 18.9333
45.7781 18.9586
45.7361 18.9561
45.7133 18.9092
45.6672 18.9689
45.6167 18.9081
45.5703 18.9019
45.5378 18.9483
45.5608 19.0244
45.5422 19.0344
45.5122 19.1006
45.4878 19.0831
45.4908 18.9997
45.4517 18.9944
45.4103 19.0358
45.3964 18.9814
45.3758 18.9825
45.3486 19.0386
45.3478 19.0853
45.3081 19.1008
45.2906 19.1289
45.2686 19.195
45.2739 19.2539
45.2472 19.2603
45.2356 19.4178
45.1844 19.4239
45.175 19.4111
45.1758 19.3286
45.1997 19.3189
45.2036 19.2986
45.1803 19.2617
45.2086 19.2231
45.2122 19.1636
45.1736 19.1808
45.1458 19.1606
45.1292 19.1381
45.1261 19.0817
45.0967 19.1042
45.0361 19.1153
44.9839 19.1053
44.9822 19.1428
44.9511 19.1453
44.9094 19.0761
44.9325 19.0367
44.9167 19.0136
44.9003 19.0047
44.8606 19.0381
44.8631 18.8408
44.9158 18.7678
44.9447 18.7633
44.9494 18.8008
44.9969 18.7939
44.9994 18.7311
45.0219 18.7314
45.0617 18.6692
45.0772 18.6869
45.0942 18.6756
45.0878 18.66
45.0578 18.6553
45.0625 18.6122
45.0947 18.6386
45.0842 18.6097
45.0944 18.5731
45.0689 18.5747
45.0956 18.535
45.0761 18.5494
45.0472 18.5272
45.065 18.4739
45.1064 18.4297
45.1031 18.3231
45.1386 18.2517
45.1297 18.2164
45.0847 18.2053
45.0831 18.1194
45.1044 18.0694
45.1392 18.07
45.1289 18.0322
45.1522 18.0017
45.1128 17.9639
45.1089 17.9339
45.08 17.9328
45.0492 17.8517
45.1367 17.6703
45.1089 17.5961
45.1108 17.5558
45.1317 17.5497
45.1111 17.5281
45.1108 17.4833
45.1364 17.4944
45.1281 17.4508
45.1592 17.4494
45.1419 17.4228
45.1406 17.3722
45.1869 17.2672
45.1483 17.2403
45.1483 17.1769
45.1881 17.0706
45.2267 17.0356
45.2161 17.0083
45.2392 17.0106
45.2269 16.9903
45.2494 16.9722
45.2336 16.9686
45.2344 16.9322
45.2656 16.9397
45.2739 16.9136
45.1872 16.8239
45.2306 16.595
45.2244 16.5258
45.1856 16.4761
45.1444 16.4594
45.1183 16.395
45.0903 16.4
45.0058 16.3536
45.0006 16.2925
45.0344 16.2097
45.0856 16.16
45.095 16.1206
45.1281 16.1119
45.1594 16.0519
45.215 16.0231
45.2158 15.9517
45.2286 15.9367
45.2119 15.8342
45.1619 15.7811
45.1203 15.7844
45.0736 15.7647
44.9953 15.7875
44.9192 15.7697
44.8553 15.7983
44.8169 15.7364
44.7761 15.7675
44.7144 15.8547
44.7 15.9569
44.5539 16.0425
44.5047 16.1214
44.3939 16.1592
44.3358 16.225
44.3058 16.1839
44.2147 16.1783
44.1994 16.1431
44.1967 16.2494
44.1572 16.3022
44.0817 16.3547
44.0319 16.4389
44.0136 16.5372
43.8506 16.7014
43.7861 16.7228
43.7192 16.8408
43.5861 16.9764
43.5136 17.0983
43.4597 17.2617
43.4444 17.2719
43.4144 17.2561
43.2808 17.2981
43.2303 17.3944
43.1611 17.4533
43.0769 17.6303
42.9822 17.6842
42.9633 17.6767
42.944 17.5796
42.9853 17.4769
43.0597 17.4247
43.0878 17.3542
43.2914 17.0167
43.403 16.8844
43.4472 16.6231
43.508 16.528
43.5103 16.3942
43.5319 16.473
43.5511 16.3536
43.4811 16.0394
43.5886 15.9236
43.6306 15.9172
43.6472 15.9508
43.6955 15.9036
43.8247 15.6567
43.9972 15.375
44.2386 15.1405
44.2603 15.1133
44.2828 15.133
44.2455 15.1794
44.258 15.2061
44.3 15.1919
44.2467 15.2842
44.295 15.2958
44.3308 15.2714
44.2603 15.4664
44.2694 15.5261
44.3644 15.2767
44.5961 14.9758
44.7716 14.8861
44.8819 14.8908
44.9628 14.9208
45.1117 14.8425
45.2258 14.6117
45.3111 14.4828
45.3544 14.3294
45.2425 14.2592
45.1233 14.2167
45.0558 14.1433
44.9886 14.1706
44.9447 14.0711
45.0255 14.0561
44.9319 14.0425
44.8253 13.975
44.8111 13.88
44.8692 13.8322
45.0983 13.6283
45.1275 13.6233
45.2394 13.5953
45.3003 13.5758
45.4908 13.4964
45.5071 13.5697
45.4644 13.6153
45.4444 13.6914
45.4781 13.8586
45.4533 13.9069
45.46 13.9867
45.48 13.9972
45.5078 13.9783
45.5222 13.9894
45.4744 14.1314
45.5056 14.2383
45.4842 14.3206
45.4861 14.3928
45.5297 14.4858
45.5981 14.5097
45.6311 14.5544
45.665 14.565
45.6753 14.6014
45.62 14.6136
45.5742 14.6853
45.5367 14.6869
45.5328 14.7031
45.5014 14.7972
45.4658 14.8178
45.4764 14.9072
45.5244 14.9292
45.4894 15.0211
45.4861 15.0847
45.4256 15.1686
45.4394 15.1881
45.4311 15.2242
45.4617 15.2722
45.4564 15.3353
45.4822 15.3233
45.5103 15.3361
45.5378 15.3039
45.6081 15.2831
45.6492 15.3481
45.6467 15.3919
45.675 15.3472
45.7028 15.3681
45.7144 15.3586
45.6975 15.3358
45.7194 15.3086
45.6908 15.3028
45.6947 15.2833
45.7311 15.2919
45.7614 15.3225
45.8158 15.4447
45.8022 15.4822
45.8358 15.4994
45.8264 15.5383
45.8486 15.6094
45.8233 15.6567
45.8442 15.6978
45.8619 15.6794
45.9028 15.6906
45.9347 15.7236
46.02 15.7
46.0472 15.7183
46.0869 15.6294
46.1425 15.5997
46.2167 15.6519
46.2267 15.6767
46.2125 15.7811
46.2583 15.8217
46.2981 16.0172
46.3311 16.0811
46.3797 16.0783
46.4061 16.1447
46.3847 16.1925
46.3889 16.2631
46.3744 16.2939
46.3858 16.3039
46.4119 16.2689
46.4983 16.2514
46.5317 16.3007
46.5408 16.3978
46.4694 16.5772
46.4752 16.6092
180.0 180.0
9.13038e-315 8.76967e-321
