CIC_MPM_VERS = 1.0
COMMENT Generated by Spacebel CCSDS library
CREATION_DATE = 2017-02-24T16:24:58.537718
ORIGINATOR = SVG² Control

META_START

USER_DEFINED_PROTOCOL = NONE
USER_DEFINED_CONTENT = REGION OF INTEREST
USER_DEFINED_SIZE = 2
USER_DEFINED_TYPE = REAL
USER_DEFINED_UNIT = [deg]

META_STOP

21.4383 -82.852
21.4603 -83.0664
21.5994 -83.1803
21.5778 -82.9789
21.5622 -82.9553
21.5908 -82.9344
21.7772 -83.0836
21.8378 -83.0756
21.9239 -82.9606
21.9286 -82.8336
21.8881 -82.6975
21.7619 -82.6342
21.7614 -82.6067
21.5897 -82.5433
21.5208 -82.632
21.4383 -82.852
180.0 180.0
21.9194 -84.9239
21.8842 -84.8981
21.9028 -84.8508
22.0461 -84.4969
22.0122 -84.4547
22.0436 -84.3861
22.0189 -84.2861
22.2008 -84.4444
22.4717 -84.3056
22.5119 -84.215
22.5792 -84.1822
22.6489 -84.0858
22.6728 -84.0253
22.6972 -84.0706
22.7155 -84.0253
22.6822 -83.9939
22.8267 -83.5872
22.9003 -83.4425
22.8675 -83.3944
22.9583 -83.3105
23.0014 -83.2169
22.9839 -83.1764
22.9564 -83.1886
22.9264 -83.1686
22.9794 -83.1644
23.0156 -83.0086
22.9692 -82.9844
22.9808 -82.9306
23.0194 -82.9264
23.0486 -82.59
23.1864 -82.2344
23.1583 -81.62
23.1406 -81.5533
23.1036 -81.5272
23.0461 -81.553
23.048 -81.5075
23.0997 -81.4828
23.1817 -81.202
23.1197 -81.2856
23.0925 -81.2197
23.0325 -81.1764
23.0256 -81.1228
23.0969 -81.0797
23.1086 -80.9928
23.0592 -80.9725
23.0847 -80.6703
23.1083 -80.6211
23.1514 -80.6356
23.1467 -80.5881
23.0917 -80.6217
22.9911 -80.5447
22.9053 -80.2789
22.9367 -80.1547
22.9611 -80.1389
22.9289 -80.0775
22.9583 -80.0406
22.8494 -79.9122
22.875 -79.8467
22.8358 -79.8639
22.8036 -79.8544
22.7694 -79.7247
22.7594 -79.6542
22.6517 -79.6258
22.3833 -79.2331
22.395 -78.7906
22.315 -78.7386
22.3431 -78.7147
22.3861 -78.7358
22.3144 -78.5592
22.2514 -78.4506
22.2225 -78.3636
22.1667 -78.3122
22.0811 -78.0605
21.8661 -77.8881
21.8792 -77.8658
21.9675 -77.8564
21.8044 -77.7564
21.7647 -77.4833
21.75 -77.4444
21.7103 -77.455
21.6575 -77.4328
21.6342 -77.3464
21.6558 -77.3353
21.8025 -77.4483
21.8472 -77.5681
21.8886 -77.6117
21.9258 -77.57
21.9072 -77.5253
21.8467 -77.4953
21.6264 -77.1358
21.5933 -77.1219
21.5508 -77.1583
21.6125 -77.2647
21.6197 -77.36
21.5769 -77.3156
21.5683 -77.2525
21.4908 -77.2697
21.4542 -77.2106
21.4797 -77.1564
21.5961 -77.1067
21.6017 -77.0817
21.4383 -76.9164
21.3933 -76.8114
21.356 -76.837
21.3561 -76.8822
21.315 -76.9019
21.3025 -76.8728
21.3529 -76.829
21.385 -76.8011
21.3531 -76.6583
21.3208 -76.6358
21.2869 -76.7119
21.2556 -76.64
21.2917 -76.655
21.3014 -76.6155
21.2839 -76.5453
21.2308 -76.5494
21.2131 -76.6064
21.2006 -76.4953
21.2228 -76.4567
21.2403 -76.5292
21.2778 -76.5208
21.2539 -76.3264
21.1592 -76.1319
21.0931 -76.1236
21.1236 -75.7131
21.0608 -75.6086
21.0069 -75.5797
20.8925 -75.6783
20.9139 -75.7289
20.8542 -75.7208
20.8772 -75.6417
20.8181 -75.5478
20.7919 -75.5608
20.8339 -75.7422
20.7553 -75.7792
20.7 -75.7408
20.7255 -75.6803
20.7744 -75.6289
20.6986 -75.5336
20.6889 -75.4494
20.7247 -75.4736
20.7333 -75.3958
20.7122 -75.3439
20.6656 -75.3378
20.6683 -75.257
20.7044 -75.3314
20.723 -75.2364
20.6864 -75.0633
20.6661 -74.9003
20.63 -74.8642
20.618 -74.7511
20.5133 -74.6669
20.4661 -74.5842
20.3517 -74.5011
20.295 -74.35
20.3158 -74.2289
20.2211 -74.1319
20.1997 -74.1319
20.0636 -74.267
20.0361 -74.8114
19.8964 -75.0747
19.8878 -75.1586
19.9331 -75.1305
19.9681 -75.14
20.0106 -75.0775
20.0564 -75.0928
19.9747 -75.1586
19.9175 -75.1922
19.8764 -75.3497
19.8883 -75.5864
19.9675 -75.8997
19.9678 -76.1006
19.9908 -76.2489
19.938 -76.567
19.9319 -76.8647
19.8764 -77.005
19.9056 -77.2814
19.8853 -77.3375
19.8528 -77.3933
19.8219 -77.6811
19.8478 -77.7353
19.9108 -77.7128
20.0555 -77.5736
20.2944 -77.2428
20.2758 -77.2167
20.365 -77.1158
20.47 -77.0783
20.5555 -77.2392
20.6322 -77.1953
20.7139 -77.3236
20.6964 -77.7692
20.7303 -77.8608
20.6975 -78.0314
20.8589 -78.2486
20.9458 -78.3319
21.0158 -78.4608
21.0344 -78.4978
21.3569 -78.5589
21.4842 -78.6033
21.5486 -78.6669
21.5683 -78.7489
21.5803 -78.688
21.6347 -78.7405
21.5589 -79.3036
21.7028 -79.7578
21.7055 -79.8211
21.6683 -79.8411
21.7539 -79.897
21.7189 -80.0047
21.8058 -80.0572
21.8978 -80.2814
22.0431 -80.4444
22.0639 -80.4508
22.09 -80.4011
22.1889 -80.4822
22.1758 -80.5353
22.0753 -80.4631
22.0511 -80.4878
22.0881 -81.0958
22.1642 -81.1389
22.2611 -81.1619
22.2803 -81.1855
22.265 -81.2136
22.0931 -81.1925
22.1047 -81.2172
22.1533 -81.2381
22.0861 -81.3192
22.1153 -81.3864
22.153 -81.3819
22.1783 -81.4064
22.2136 -81.8497
22.2542 -81.8739
22.3669 -82.1381
22.3983 -82.1631
22.4317 -82.1239
22.4539 -81.7039
22.4914 -81.6489
22.5761 -81.6447
22.6792 -81.8789
22.6872 -82.5072
22.7006 -82.7639
22.5522 -82.91
22.4797 -83.0736
22.3567 -83.1403
22.3267 -83.1825
22.3217 -83.2833
22.1939 -83.4022
22.1742 -83.4769
22.2425 -83.5695
22.1694 -83.6542
22.1714 -83.9053
22.1303 -83.9661
22.0555 -84.0072
22.018 -83.9825
21.9444 -83.9908
21.913 -84.0314
21.9397 -84.1078
21.8767 -84.3061
21.7814 -84.4364
21.7658 -84.5158
21.8055 -84.5131
21.8703 -84.4708
21.9172 -84.4769
21.9344 -84.495
21.8969 -84.695
21.8158 -84.8156
21.8408 -84.9369
21.86 -84.9533
21.9194 -84.9239
180.0 180.0
9.13038e-315 8.78943e-321
