CIC_MPM_VERS = 1.0
COMMENT Generated by Spacebel CCSDS library
CREATION_DATE = 2017-02-24T16:24:58.851718
ORIGINATOR = SVG² Control

META_START

USER_DEFINED_PROTOCOL = NONE
USER_DEFINED_CONTENT = REGION OF INTEREST
USER_DEFINED_SIZE = 2
USER_DEFINED_TYPE = REAL
USER_DEFINED_UNIT = [deg]

META_STOP

34.5633 33.0311
34.5636 32.9414
34.6522 32.91
34.6453 32.7294
34.7022 32.4919
34.7508 32.4041
34.838 32.3905
34.893 32.323
35.0744 32.2692
35.0841 32.3047
35.0397 32.3692
35.0453 32.4281
35.1825 32.6186
35.1808 32.7219
35.1422 32.8305
35.1742 32.9019
35.3028 32.9403
35.3905 32.9197
35.3333 33.3469
35.3503 33.6316
35.4611 34.0219
35.6105 34.3567
35.6716 34.5817
35.6192 34.5131
35.4431 34.1864
35.2292 33.9039
35.1617 33.9025
34.9594 34.0833
34.9847 33.9694
34.9389 33.8553
34.9669 33.8103
34.968 33.6853
34.9356 33.6461
34.8233 33.6086
34.7147 33.2803
34.6822 33.0667
34.6375 33.0097
34.5633 33.0311
