CIC_MPM_VERS = 1.0
COMMENT Generated by Spacebel CCSDS library
CREATION_DATE = 2017-02-24T16:24:58.852219
ORIGINATOR = SVG² Control

META_START

USER_DEFINED_PROTOCOL = NONE
USER_DEFINED_CONTENT = REGION OF INTEREST
USER_DEFINED_SIZE = 2
USER_DEFINED_TYPE = REAL
USER_DEFINED_UNIT = [deg]

META_STOP

50.3242 12.0935
50.2617 12.26
50.1861 12.2806
50.1697 12.3297
50.2791 12.3647
50.3514 12.4864
50.4464 12.785
50.4233 12.9039
50.423 12.9944
50.5028 13.0336
50.5036 13.1911
50.5797 13.2394
50.5811 13.3208
50.6414 13.38
50.6033 13.47
50.7111 13.5667
50.7258 13.8619
50.7905 13.9078
50.8069 14.0467
50.8947 14.3936
50.9325 14.4036
50.9967 14.2608
51.0314 14.4722
50.9772 14.5989
50.9161 14.5697
50.9242 14.6508
50.8542 14.6253
50.8189 14.8017
50.866 14.8288
50.8672 15.0053
50.9536 15.0192
51.0069 14.9908
51.0083 15.0511
51.0189 15.1728
50.97 15.2775
50.9214 15.2708
50.8583 15.3106
50.7858 15.493
50.7478 15.8183
50.67 15.8706
50.6833 15.9208
50.6797 15.9972
50.6025 16.0097
50.6191 16.0625
50.6367 16.2214
50.6705 16.2375
50.6578 16.3478
50.5758 16.4492
50.5189 16.3967
50.5042 16.3108
50.4197 16.2106
50.3036 16.4586
50.1383 16.5905
50.0997 16.7253
50.1869 16.8214
50.2347 17.028
50.4105 16.8675
50.4394 16.8903
50.4242 17.0042
50.3367 17.2469
50.3225 17.3539
50.2764 17.3528
50.2747 17.6656
50.3219 17.6961
50.3125 17.7333
50.2055 17.7625
50.1583 17.5978
50.1353 17.6255
50.1022 17.75
50.0136 17.7989
49.9767 17.8878
50.0105 18.0072
50.0586 18.0472
50.0297 18.0911
49.9928 18.1603
49.9197 18.4472
49.9133 18.5467
49.7225 18.6328
49.6722 18.8117
49.5178 18.8533
49.5158 18.8447
49.5189 18.8144
49.5161 18.7986
49.505 18.7794
49.4914 18.7631
49.4831 18.7447
49.4853 18.7306
49.4967 18.705
49.4958 18.6817
49.5042 18.6556
49.5033 18.6481
49.4942 18.6303
49.4922 18.6231
49.4917 18.6053
49.4975 18.5864
49.4978 18.5811
49.4939 18.5622
49.4869 18.5514
49.4817 18.5483
49.4636 18.5483
49.4575 18.5461
49.4503 18.5353
49.4442 18.5172
49.4347 18.4964
49.4231 18.4825
49.4131 18.4756
49.4072 18.4692
49.3928 18.4436
49.3906 18.4369
49.3908 18.4281
49.3961 18.4144
49.3969 18.4058
49.3942 18.4047
49.3892 18.4064
49.3783 18.4172
49.3742 18.4203
49.3711 18.4203
49.3611 18.4083
49.3358 18.3869
49.3303 18.3794
49.3256 18.3661
49.3231 18.3508
49.3178 18.3333
49.3075 18.3178
49.3039 18.3072
49.3019 18.2814
49.2944 18.2522
49.29 18.2197
49.2881 18.2128
49.2842 18.2081
49.2417 18.1747
49.2342 18.185
49.2294 18.1881
49.2264 18.1881
49.2211 18.185
49.2103 18.1742
49.1964 18.1664
49.1653 18.1589
49.145 18.1453
49.1397 18.145
49.13 18.1508
49.1244 18.1514
49.1156 18.1478
49.1028 18.1303
49.0828 18.1219
49.0694 18.0997
49.0419 18.0753
49.0358 18.0653
49.0256 18.0303
49.0247 18.0175
49.0289 17.99
49.0275 17.9675
49.0228 17.94
49.0169 17.9283
48.985 17.9111
48.9697 17.9122
48.9636 17.9106
48.9528 17.9
48.9475 17.8975
48.9344 17.8964
48.9269 17.8903
48.9244 17.8842
48.9281 17.8508
48.9278 17.8136
48.9264 17.8064
48.9228 17.8011
48.9133 17.7933
48.9067 17.7822
48.9006 17.7758
48.8842 17.7675
48.8797 17.7631
48.8758 17.7547
48.8714 17.7361
48.8561 17.7122
48.8578 17.6942
48.8567 17.6861
48.8511 17.6736
48.8519 17.6456
48.8464 17.6331
48.8408 17.6067
48.8339 17.5972
48.8297 17.5733
48.8178 17.55
48.8153 17.5294
48.8175 17.5225
48.8328 17.5092
48.8461 17.4933
48.8525 17.4767
48.8519 17.4592
48.8436 17.4453
48.8336 17.4333
48.8267 17.4186
48.8228 17.4039
48.8228 17.3903
48.8275 17.3764
48.8481 17.3436
48.8525 17.3069
48.8708 17.2528
48.8731 17.2303
48.8697 17.2056
48.8692 17.1889
48.8492 17.1628
48.8422 17.1461
48.8378 17.1264
48.8331 17.1139
48.8269 17.1081
48.8031 17.1
48.7928 17.0922
48.7864 17.0686
48.7769 17.0553
48.7711 17.0439
48.765 17.0383
48.7581 17.0347
48.75 17.0267
48.7219 17.0106
48.7167 17.0047
48.7089 17.0031
48.6981 17.0056
48.6947 17.0036
48.6878 16.9936
48.6814 16.9881
48.64 16.9758
48.6344 16.9703
48.6281 16.9528
48.6165 16.9449
48.7303 16.8866
48.7239 16.7739
48.7878 16.6558
48.8108 16.5275
48.7339 16.3706
48.7603 16.0606
48.8283 15.9542
48.8775 15.7853
48.9858 15.3406
48.9447 15.1597
49.0014 15.1522
49.0158 14.9942
48.7667 14.9611
48.7814 14.8125
48.5814 14.7003
48.6483 14.4586
48.5756 14.3811
48.6158 14.0417
48.6769 14.0453
48.7871 13.8146
48.8816 13.7408
48.8964 13.6619
48.9689 13.5844
48.9778 13.5161
48.945 13.5017
49.0075 13.4014
49.0503 13.3953
49.1194 13.2036
49.1775 13.1511
49.2983 13.0269
49.3403 12.9353
49.328 12.8786
49.4339 12.6617
49.6372 12.525
49.7003 12.4419
49.76 12.4031
49.8328 12.4994
49.9203 12.5425
49.943 12.4744
49.975 12.4928
49.9844 12.4289
50.0964 12.2289
50.1742 12.205
50.2497 12.0969
50.2783 12.1358
50.3242 12.0935
