CIC_MPM_VERS = 1.0
COMMENT Generated by Spacebel CCSDS library
CREATION_DATE = 2017-02-24T16:24:58.853718
ORIGINATOR = SVG² Control

META_START

USER_DEFINED_PROTOCOL = NONE
USER_DEFINED_CONTENT = REGION OF INTEREST
USER_DEFINED_SIZE = 2
USER_DEFINED_TYPE = REAL
USER_DEFINED_UNIT = [deg]

META_STOP

54.8581 9.95639
54.8808 9.87583
54.8992 9.89778
54.9564 9.76056
54.94 9.84222
54.9764 9.83611
55.045 9.63472
55.0586 9.63944
55.0844 9.75417
54.9506 10.03
54.8808 10.0731
54.8581 9.95639
180.0 180.0
54.7256 10.7036
54.8339 10.6033
54.8806 10.7267
54.905 10.6811
55.1203 10.8964
55.1478 10.9589
54.8861 10.8117
54.7389 10.7383
54.7256 10.7036
180.0 180.0
54.6189 11.4614
54.7442 11.0897
54.7828 10.995
54.813 11.0211
54.8061 11.0789
54.8225 11.1075
54.8847 11.015
54.935 11.0578
54.9569 11.2314
54.808 11.5889
54.8403 11.5667
54.9061 11.6439
54.8275 11.7822
54.7461 11.8617
54.7075 11.8053
54.6894 11.8583
54.6458 11.7986
54.6189 11.4614
180.0 180.0
56.6742 8.65528
56.7372 8.56389
56.7905 8.54528
56.8097 8.66111
56.8839 8.64667
56.9736 8.92833
56.8683 8.89778
56.8869 8.85833
56.8244 8.84555
56.7869 8.86417
56.6936 8.77
56.6742 8.65528
180.0 180.0
55.6111 10.6103
55.4967 10.7444
55.4516 10.6667
55.3883 10.7633
55.2939 10.8347
55.3019 10.7817
55.1405 10.7881
55.1019 10.758
55.0672 10.7403
55.0283 10.5097
55.0853 10.0703
55.1269 10.1544
55.1864 10.1083
55.1911 9.99806
55.2267 9.90833
55.3244 9.87333
55.375 9.78194
55.3953 9.84278
55.4944 9.67833
55.545 9.80583
55.5058 9.88333
55.6166 10.2989
55.5269 10.5358
55.53 10.4769
55.4936 10.4908
55.4644 10.4222
55.4386 10.4256
55.4828 10.6003
55.6111 10.6103
180.0 180.0
55.0011 15.0767
55.0255 14.8953
55.0961 14.6858
55.215 14.6989
55.3003 14.7764
55.2158 14.9367
55.1442 15.1342
55.0892 15.15
55.0011 15.0767
180.0 180.0
55.9158 11.7411
55.9144 11.6742
55.8953 11.6683
55.8355 11.7305
55.8144 11.7256
55.8111 11.6644
55.7755 11.6239
55.793 11.7364
55.7183 11.7703
55.6617 11.7944
55.718 11.8372
55.8461 11.9567
55.9017 11.918
55.9297 11.9203
55.9011 11.9928
55.8225 12.0283
55.7244 12.0508
55.6742 11.9292
55.6953 11.9994
55.6533 12.0572
55.7111 12.0939
55.8139 12.0647
55.9594 12.0075
55.9361 11.8761
55.963 11.8536
56.0753 12.1117
56.1286 12.3017
56.0861 12.5189
56.0339 12.6181
55.9539 12.5347
55.7042 12.6003
55.6353 12.5128
55.6111 12.3839
55.5411 12.2425
55.4603 12.1919
55.4261 12.2278
55.3953 12.3767
55.3336 12.4528
55.2725 12.4433
55.1739 12.0686
55.1614 12.015
55.1316 12.0614
55.1228 12.1733
55.0897 12.1689
55.0811 12.1231
55.005 12.1736
54.9686 12.0719
55.0047 11.9139
54.945 11.8778
54.9194 11.9042
54.9422 11.9636
54.9025 12.0003
54.8875 12.1105
54.8392 12.1694
54.7061 11.9764
54.6633 11.9586
54.5703 11.98
54.5728 11.9294
54.6514 11.8719
54.7497 11.8836
54.8914 11.7422
54.9366 11.7086
54.9608 11.7508
54.955 11.8561
54.9739 11.8836
55.0203 11.8472
55.083 11.6186
55.0464 11.8233
55.0814 11.7792
55.1083 11.7239
55.1314 11.7669
55.1541 11.7736
55.1522 11.72
55.1989 11.7411
55.1997 11.2467
55.2314 11.2361
55.268 11.2419
55.3497 11.1706
55.3305 11.1105
55.3636 11.1047
55.3886 11.2147
55.488 11.1781
55.5225 11.13
55.5092 11.08
55.5497 11.1503
55.6033 11.1197
55.6603 10.9275
55.6589 11.0858
55.7325 10.8736
55.7472 11.1533
55.7317 11.1228
55.7028 11.1686
55.7475 11.3433
55.8047 11.3747
55.8416 11.4869
55.8919 11.5158
55.9189 11.5078
55.9753 11.2781
55.9783 11.3205
55.9364 11.6064
55.9647 11.7639
55.94 11.7578
55.9158 11.7411
180.0 180.0
54.8483 9.50312
54.8248 9.44517
54.908 8.92
54.8911 8.71944
54.9174 8.6563
55.13 8.68222
55.1408 8.56028
55.0722 8.52222
55.0628 8.4875
55.1239 8.45694
55.1911 8.48306
55.1933 8.56805
55.1497 8.55444
55.1336 8.66546
55.1422 8.69139
55.4028 8.63805
55.4411 8.59944
55.4522 8.44
55.5756 8.3325
55.5736 8.26528
55.5567 8.23472
55.4733 8.32861
55.4841 8.26944
55.5447 8.09139
55.723 8.18222
55.9831 8.12611
55.9369 8.16306
55.81 8.18639
55.8919 8.39417
56.0531 8.31111
56.1111 8.14611
55.9964 8.14194
56.0008 8.11389
56.118 8.10555
56.3083 8.13083
56.5828 8.13722
56.6914 8.19472
56.7105 8.21667
56.6878 8.23778
56.6381 8.20389
56.5492 8.30194
56.5803 8.36944
56.5728 8.56722
56.4786 8.62667
56.4822 8.72833
56.5586 8.76611
56.6142 8.68083
56.7033 8.87722
56.7125 8.83833
56.7956 8.9375
56.8078 9.07
56.7153 9.17333
56.6306 9.05528
56.5958 9.04389
56.563 9.06417
56.6125 9.15194
56.6333 9.24889
56.6205 9.28806
56.5803 9.25083
56.5255 9.3125
56.5408 9.37111
56.5669 9.37389
56.5586 9.29417
56.653 9.32972
56.7022 9.30194
56.6694 9.18083
56.6992 9.19055
56.7305 9.23944
56.7994 9.17333
56.8569 9.21194
56.8894 9.16555
56.9658 9.24361
57.0183 9.40972
57.008 9.54667
56.9666 9.57889
57.0003 9.6625
57.0386 9.68611
57.0555 9.91805
57.1025 9.80083
57.0428 9.57944
57.0164 9.31805
56.9955 9.24389
57.0528 9.11555
57.0225 9.06333
56.9528 8.74694
56.9472 8.67333
56.8194 8.5725
56.7903 8.48917
56.7144 8.47472
56.7117 8.52555
56.6847 8.51972
56.6306 8.60722
56.5825 8.555
56.7667 8.28444
56.7719 8.25147
56.7036 8.26472
56.7072 8.24028
56.7944 8.24222
57.005 8.45055
57.1008 8.58555
57.1253 8.62861
57.1011 8.75417
57.1239 9.05471
57.1372 9.23139
57.1511 9.39
57.2139 9.54083
57.5711 9.94
57.6661 10.3905
57.7442 10.5567
57.7375 10.645
57.6539 10.4914
57.5922 10.4325
57.5353 10.4431
57.45 10.5372
57.2295 10.542
57.1572 10.4239
56.9986 10.3439
57.0174 10.2315
57.0869 10.0208
57.0779 9.98136
56.9839 10.3097
56.9172 10.2692
56.7481 10.3053
56.718 10.3425
56.7014 10.2064
56.7205 10.1594
56.6383 9.86444
56.6886 10.2347
56.6953 10.3386
56.645 10.3636
56.6168 10.3398
56.5514 10.2094
56.4892 10.2261
56.5444 10.2269
56.5989 10.3192
56.528 10.4147
56.5286 10.7233
56.5239 10.8442
56.445 10.9608
56.2589 10.8286
56.2286 10.7606
56.1486 10.7331
56.1655 10.6694
56.2178 10.6905
56.2283 10.6256
56.1769 10.5553
56.1166 10.5756
56.0986 10.5242
56.135 10.4942
56.1536 10.5228
56.1778 10.4664
56.1572 10.4067
56.1953 10.3531
56.265 10.5083
56.2908 10.4005
56.1517 10.2192
56.0511 10.2625
56.0189 10.2797
55.833 10.1931
55.835 10.1505
55.8747 10.1131
55.8517 9.88055
55.8378 9.87389
55.8144 10.0486
55.7572 10.0117
55.7078 10.0183
55.6694 9.81167
55.695 9.61666
55.6228 9.84528
55.5597 9.75139
55.4919 9.50305
55.4869 9.57889
55.4772 9.64972
55.4597 9.66583
55.3733 9.59694
55.3564 9.62111
55.2611 9.71111
55.1969 9.68861
55.1306 9.46611
55.0836 9.55639
55.0347 9.43444
55.0294 9.52472
55.0456 9.59167
54.9894 9.7275
54.8911 9.76805
54.8922 9.70361
54.848 9.75194
54.8278 9.73722
54.8905 9.61417
54.9139 9.64805
54.9286 9.60194
54.8483 9.50312
180.0 180.0
9.13038e-315 8.73508e-321
