CIC_MPM_VERS = 1.0
COMMENT Generated by Spacebel CCSDS library
CREATION_DATE = 2017-02-24T16:24:58.903719
ORIGINATOR = SVG² Control

META_START

USER_DEFINED_PROTOCOL = NONE
USER_DEFINED_CONTENT = REGION OF INTEREST
USER_DEFINED_SIZE = 2
USER_DEFINED_TYPE = REAL
USER_DEFINED_UNIT = [deg]

META_STOP

11.2664 41.8088
11.5053 41.7597
11.7419 41.8294
11.8167 41.9486
12.3969 42.3394
12.5289 42.4558
12.5292 42.4561
12.5042 42.5358
12.4328 42.6186
12.4308 42.6203
12.4131 42.6364
12.3986 42.6492
12.3869 42.6661
12.375 42.6831
12.364 42.6985
12.3639 42.6986
12.3639 42.6986
12.3639 42.6986
12.3639 42.6986
12.3865 42.7353
12.3858 42.7442
12.3864 42.7478
12.3889 42.7519
12.3931 42.755
12.3978 42.7572
12.4006 42.7582
12.4268 42.8009
12.4278 42.8039
12.4297 42.8089
12.4331 42.8125
12.4361 42.8161
12.4403 42.8192
12.4447 42.8217
12.4511 42.8225
12.4558 42.8222
12.4592 42.8209
12.5551 42.8411
12.5553 42.8411
12.5586 42.8447
12.5603 42.8497
12.5614 42.8556
12.5647 42.8592
12.5703 42.8608
12.5758 42.8597
12.5814 42.8586
12.5871 42.8588
12.589 42.8599
12.5914 42.8625
12.5939 42.8669
12.5964 42.8714
12.6006 42.8742
12.6053 42.8767
12.6119 42.8769
12.6189 42.8772
12.6209 42.8777
12.6274 42.8813
12.6275 42.8814
12.6275 42.8815
12.6298 42.8883
12.6306 42.8919
12.6289 42.8975
12.6261 42.9017
12.6225 42.9036
12.6194 42.9075
12.6167 42.9117
12.6239 42.9297
12.6319 42.9478
12.64 42.9658
12.6475 42.9836
12.6556 43.0017
12.6636 43.0197
12.6711 43.0378
12.6792 43.0558
12.6872 43.0736
12.6947 43.0917
12.7028 43.1097
12.7088 43.1234
12.3964 43.3539
12.145 43.42
12.0569 43.4139
11.99 43.3692
11.9519 43.1992
11.8014 43.0522
11.7403 42.785
11.5444 42.6272
11.5644 42.5283
11.5069 42.5342
11.4769 42.6769
11.5278 42.6631
11.5928 42.853
11.5739 43.1011
11.6117 43.15
11.5314 43.173
11.4728 43.2486
11.0039 42.9433
10.9878 42.8142
11.0164 42.7728
11.0767 42.7519
11.0981 42.6344
10.9925 42.2644
10.9708 41.8258
10.985 41.7872
11.0972 41.798
11.2486 41.8125
11.2664 41.8088
