CIC_MPM_VERS = 1.0
COMMENT Generated by Spacebel CCSDS library
CREATION_DATE = 2017-02-24T16:24:58.957718
ORIGINATOR = SVG² Control

META_START

USER_DEFINED_PROTOCOL = NONE
USER_DEFINED_CONTENT = REGION OF INTEREST
USER_DEFINED_SIZE = 2
USER_DEFINED_TYPE = REAL
USER_DEFINED_UNIT = [deg]

META_STOP

19.0989 -71.6783
19.2197 -71.6294
19.2417 -71.6964
19.3319 -71.767
19.3456 -71.7397
19.4983 -71.6922
19.7002 -71.7515
19.6975 -71.7197
19.7675 -71.7406
19.7728 -71.7773
19.9022 -71.6056
19.9047 -71.4858
19.823 -71.2611
19.9283 -71.0292
19.9003 -70.9603
19.905 -70.8486
19.7608 -70.635
19.7836 -70.455
19.655 -70.3033
19.6208 -70.125
19.6786 -69.9806
19.6372 -69.8986
19.6003 -69.8817
19.445 -69.8781
19.2922 -69.7586
19.3489 -69.2689
19.3653 -69.2328
19.29 -69.2408
19.3011 -69.1625
19.188 -69.2167
19.2267 -69.6097
19.1161 -69.6372
19.0892 -69.6236
19.1058 -69.4156
19.0133 -69.1986
19.0117 -69.1386
19.0153 -68.9992
19.0308 -68.9267
18.8742 -68.6442
18.6444 -68.3464
18.6067 -68.3222
18.3558 -68.45
18.3442 -68.5192
18.3783 -68.5953
18.2133 -68.6381
18.1989 -68.7478
18.3536 -68.8297
18.4181 -68.9545
18.3906 -69.0597
18.4447 -69.315
18.4264 -69.3256
18.4064 -69.6261
18.4555 -69.6908
18.4694 -69.882
18.4156 -70.0139
18.2331 -70.1542
18.2058 -70.5575
18.4017 -70.5861
18.435 -70.6645
18.4136 -70.7125
18.3764 -70.7128
18.3461 -70.7531
18.3444 -70.85
18.2664 -70.9139
18.253 -70.9486
18.3053 -71.0261
18.3042 -71.0756
18.2458 -71.1033
18.1511 -71.055
17.8467 -71.2672
17.6183 -71.3967
17.6292 -71.4428
17.7405 -71.5114
17.7592 -71.6767
17.8181 -71.6281
17.96 -71.6617
18.0542 -71.7715
18.0956 -71.7489
18.2022 -71.7692
18.3222 -71.6947
18.4419 -71.9103
18.4772 -71.885
18.5425 -71.9464
18.6086 -71.9915
18.6242 -71.9708
18.6114 -71.8875
18.7161 -71.7264
18.7989 -71.71
18.9578 -71.7792
18.9689 -71.8539
19.0989 -71.6783
