CIC_MPM_VERS = 1.0
COMMENT Generated by Spacebel CCSDS library
CREATION_DATE = 2017-02-24T16:24:59.040718
ORIGINATOR = SVG² Control

META_START

USER_DEFINED_PROTOCOL = NONE
USER_DEFINED_CONTENT = REGION OF INTEREST
USER_DEFINED_SIZE = 2
USER_DEFINED_TYPE = REAL
USER_DEFINED_UNIT = [deg]

META_STOP

-1.03333 -91.1731
-1.01139 -91.4283
-0.8875 -91.5014
-0.826389 -91.4764
-0.683889 -91.3061
-0.6825 -91.1583
-0.5825 -91.0831
-0.546111 -91.1578
-0.431111 -91.2386
-0.389445 -91.227
-0.319445 -91.3417
-0.209167 -91.4083
-0.191389 -91.3781
-0.0186111 -91.432
-0.0136111 -91.4775
-0.0561111 -91.55
-0.0461111 -91.5797
0 -91.6039
0.0569444 -91.5031
0.0994444 -91.495
0.150833 -91.37
0.136944 -91.3164
0.0841667 -91.3103
-0.0241667 -91.2047
-0.222222 -91.1797
-0.431944 -90.9525
-0.609167 -90.9603
-0.611389 -90.9128
-0.757222 -90.79
-0.778611 -90.8306
-0.916111 -90.8617
-1.03333 -91.1731
180.0 180.0
-0.496111 -91.5045
-0.453611 -91.6139
-0.289167 -91.6661
-0.250834 -91.4669
-0.329722 -91.3956
-0.460556 -91.407
-0.496111 -91.5045
180.0 180.0
-0.375556 -90.6117
-0.344167 -90.7717
-0.265278 -90.8722
-0.149445 -90.7933
-0.155 -90.7736
-0.245556 -90.5856
-0.309167 -90.5503
-0.375556 -90.6117
180.0 180.0
-0.78 -90.3439
-0.688889 -90.5433
-0.630556 -90.5503
-0.526389 -90.4831
-0.488611 -90.2608
-0.554445 -90.182
-0.656667 -90.1892
-0.78 -90.3439
180.0 180.0
-0.943611 -89.4731
-0.927222 -89.6297
-0.894445 -89.6142
-0.690833 -89.362
-0.708056 -89.245
-0.875278 -89.382
-0.943611 -89.4731
180.0 180.0
-3.03639 -80.2169
-3.02111 -80.2711
-2.85083 -80.265
-2.72417 -80.2067
-2.66361 -80.0384
-2.71972 -79.9033
-2.74839 -79.9124
-2.84972 -80.0211
-2.82861 -80.0872
-2.84472 -80.1444
-2.9525 -80.1
-3.01139 -80.1181
-3.03639 -80.2169
180.0 180.0
1.26444 -78.6342
1.26929 -78.5959
1.19861 -78.5603
1.19778 -78.4733
1.06722 -78.3519
0.881664 -77.9164
0.829722 -77.89
0.805489 -77.8094
0.845833 -77.7147
0.815246 -77.6559
0.745 -77.6583
0.656111 -77.5417
0.663611 -77.4764
0.627222 -77.4444
0.424444 -77.4272
0.384722 -77.3797
0.334722 -77.1967
0.359167 -77.0808
0.242222 -76.8803
0.2325 -76.7331
0.280555 -76.7214
0.248333 -76.4089
0.396944 -76.4083
0.373611 -76.3317
0.418889 -76.303
0.379167 -76.1158
0.321667 -76.1061
0.34 -76.0478
0.0563889 -75.7753
0.0288889 -75.6281
0.0558333 -75.5978
-0.06 -75.4344
-0.119124 -75.2852
-0.153333 -75.36
-0.108333 -75.6281
-0.176809 -75.6247
-0.226667 -75.4855
-0.466667 -75.3639
-0.523056 -75.2628
-0.619722 -75.245
-0.718333 -75.2914
-0.977222 -75.2186
-0.976111 -75.3439
-0.922778 -75.4022
-1.55333 -75.5903
-2.18389 -76.1442
-2.57278 -76.6614
-2.8075 -77.3422
-3.02695 -77.9033
-3.37389 -78.2158
-3.43139 -78.1703
-3.50861 -78.2211
-3.51694 -78.2561
-3.42556 -78.2606
-3.40806 -78.2847
-3.42278 -78.3378
-3.75361 -78.4025
-3.91278 -78.5317
-4.30222 -78.6606
-4.37917 -78.6703
-4.43667 -78.6247
-4.55917 -78.6683
-4.66639 -78.8658
-4.73917 -78.9183
-4.84417 -78.8914
-5.00333 -79.0494
-4.89111 -79.3567
-4.71334 -79.4808
-4.56861 -79.5031
-4.53306 -79.495
-4.43278 -79.65
-4.48306 -79.7894
-4.4475 -79.8572
-4.39333 -79.8992
-4.38389 -79.9808
-4.28127 -80.1307
-4.47695 -80.3942
-4.43889 -80.4678
-4.39972 -80.4828
-4.19944 -80.3356
-4.22195 -80.4478
-4.17917 -80.4808
-4.00722 -80.4747
-3.97833 -80.4233
-4.01306 -80.3164
-3.88778 -80.1564
-3.68833 -80.22
-3.59583 -80.2128
-3.47083 -80.2711
-3.42083 -80.2539
-3.38227 -80.3404
-3.37489 -80.3375
-3.32889 -80.1356
-3.20889 -80.0611
-3.20944 -80.0433
-3.28056 -80.0306
-3.01861 -79.8781
-2.95944 -79.8828
-2.58465 -79.7183
-2.46766 -79.7357
-2.46842 -79.7775
-2.15389 -79.8697
-2.00917 -79.7636
-2.10306 -79.89
-2.21139 -79.9028
-2.26861 -79.8645
-2.43889 -79.8719
-2.57306 -79.9194
-2.6125 -80.0028
-2.58889 -80.0556
-2.55361 -80.0636
-2.50033 -80.0016
-2.49944 -79.9356
-2.46944 -79.9328
-2.48278 -80.0372
-2.42639 -80.0292
-2.31028 -79.9517
-2.345 -80.0294
-2.46306 -80.0792
-2.59306 -80.1825
-2.61889 -80.28
-2.69389 -80.2431
-2.73639 -80.2567
-2.71 -80.3281
-2.39417 -80.687
-2.32 -80.9153
-2.16417 -81.0111
-2.20806 -80.9306
-2.17528 -80.8547
-2.08222 -80.7558
-1.91945 -80.7308
-1.71168 -80.7999
-1.59278 -80.8556
-1.54139 -80.8236
-1.31945 -80.7595
-1.12278 -80.8961
-1.03111 -80.9111
-0.926389 -80.83
-0.926667 -80.6158
-0.89 -80.5697
-0.574722 -80.4414
-0.568334 -80.4186
-0.629445 -80.3925
-0.636389 -80.3392
-0.618611 -80.2697
-0.611667 -80.3747
-0.570278 -80.4019
-0.362778 -80.4997
-0.315833 -80.4247
-0.225556 -80.3797
-0.165556 -80.2956
0.00638889 -80.1081
0.167222 -80.0406
0.591111 -80.0234
0.695278 -80.1095
0.831111 -80.0556
0.827778 -79.9689
0.966944 -79.7389
0.995555 -79.6511
0.904444 -79.6664
0.841111 -79.617
0.965833 -79.6397
1.09889 -79.1622
1.22194 -79.0592
1.18889 -79.0097
1.11611 -78.9892
1.1325 -78.9675
1.2175 -78.9525
1.23972 -78.8889
1.32222 -78.8795
1.43793 -78.8099
1.26444 -78.6342
180.0 180.0
9.13038e-315 8.73508e-321
