CIC_MPM_VERS = 1.0
COMMENT Generated by Spacebel CCSDS library
CREATION_DATE = 2017-02-24T16:24:59.043719
ORIGINATOR = SVG² Control

META_START

USER_DEFINED_PROTOCOL = NONE
USER_DEFINED_CONTENT = REGION OF INTEREST
USER_DEFINED_SIZE = 2
USER_DEFINED_TYPE = REAL
USER_DEFINED_UNIT = [deg]

META_STOP

31.3225 34.2175
31.2163 34.2671
31.1044 34.3097
30.9917 34.3522
30.8789 34.3941
30.7658 34.4505
30.653 34.5011
30.5411 34.5205
30.43 34.5436
30.3383 34.6225
30.2258 34.6678
30.1128 34.7136
30 34.7547
29.8908 34.7892
29.7778 34.8333
29.6739 34.8622
29.5842 34.8658
29.4938 34.9015
29.4233 34.8278
29.2942 34.7422
29.1372 34.6903
28.9839 34.6819
28.9594 34.6391
28.8917 34.6464
28.8431 34.6233
28.6864 34.6022
28.5402 34.5176
28.4755 34.5128
28.47 34.4831
28.3175 34.4108
28.1617 34.453
27.9969 34.4419
27.8983 34.335
27.8086 34.2661
27.7325 34.258
27.7872 34.1894
27.7928 34.0914
27.8594 34.01
27.9461 33.8728
28.0514 33.7539
28.1672 33.6541
28.2942 33.5644
28.3175 33.5114
28.4206 33.3772
28.5386 33.265
28.5856 33.2203
28.7303 33.2169
28.8258 33.1736
28.9186 33.1805
29.0169 33.1514
29.128 33.0283
29.2325 32.8911
29.3767 32.8203
29.4789 32.7283
29.5725 32.713
29.7208 32.6958
29.8258 32.6064
29.9519 32.5801
29.9855 32.5753
29.9528 32.5072
29.8955 32.4594
29.8639 32.4997
29.7419 32.4041
29.5903 32.343
29.4919 32.438
29.3811 32.5683
29.3072 32.6028
29.1528 32.6466
29.0228 32.6264
28.9422 32.6544
28.804 32.7505
28.7292 32.8317
28.5647 32.8878
28.4547 33.018
28.3181 33.1103
28.1856 33.2136
28.075 33.3319
28.0014 33.4569
27.8686 33.5608
27.8158 33.5583
27.8347 33.4769
27.8011 33.4769
27.7544 33.5592
27.685 33.5486
27.678 33.5303
27.6439 33.4947
27.5861 33.5583
27.5347 33.5553
27.4403 33.6589
27.3361 33.6914
27.2517 33.8325
27.1139 33.8355
26.9711 33.9314
26.8619 34.0011
26.8422 33.9722
26.7872 33.9467
26.6594 33.9353
26.5289 34.0633
25.9492 34.3744
25.5811 34.6253
25.0961 34.8803
24.8672 34.9958
24.8083 34.9989
24.7314 35.0817
24.4383 35.2097
24.018 35.6239
24.0092 35.7197
23.9161 35.813
23.9514 35.5586
23.9858 35.5367
23.9383 35.4831
23.2436 35.5681
23.128 35.6246
22.7708 35.2269
22.8486 34.9692
22.2889 34.7139
22.1967 34.1716
21.998 34.1006
21.9994 33.8508
22.0013 33.1835
22.0008 32.8311
22.0033 32.1444
21.9983 31.4539
22.1705 31.5158
22.2164 31.4855
22.2322 31.4411
22.2067 31.3892
21.9992 31.2775
21.9986 31.0803
22.0003 30.385
21.9981 29.6908
22.0013 29.0002
22 28.8153
22.0025 28.1783
21.9978 27.5519
21.9967 26.9144
21.9983 26.2761
21.9992 25.6311
22.0013 25.0035
22.4758 25.0011
23.8297 24.9994
25.18 24.9978
26.5394 24.9994
27.8989 25.0022
29.2489 24.9978
29.5119 24.8761
29.6639 24.8869
29.7742 24.8172
29.8867 24.8314
30.1561 24.7064
30.2339 24.7269
30.5111 24.9286
30.7931 25.0186
31.1619 24.8689
31.3839 24.8747
31.4289 24.9486
31.5817 25.0697
31.6393 25.1342
31.5339 25.1786
31.5008 25.3239
31.5972 25.7803
31.5142 26.4431
31.4378 26.8419
31.4483 26.9647
31.4144 27.0064
31.3706 27.3433
31.3439 27.345
31.2278 27.4278
31.2078 27.5325
31.2339 27.8614
31.0994 27.9147
31.0658 28.2131
31.0847 28.4097
30.975 28.7553
30.9072 28.8367
30.8273 29.0279
30.8289 29.1739
30.8892 29.3644
30.9675 29.5339
31.0642 29.6819
31.1455 29.8269
31.2025 29.8694
31.2894 30.0103
31.2978 30.0756
31.2689 30.1714
31.2217 30.143
31.2242 30.1853
31.2369 30.29
31.2689 30.22
31.3367 30.303
31.4369 30.3511
31.4661 30.3678
31.5078 30.3603
31.4553 30.4653
31.4947 30.6697
31.5525 30.8628
31.5506 30.8911
31.4792 30.7147
31.4103 30.5508
31.3858 30.5703
31.4222 30.6772
31.3864 30.7294
31.4414 30.7875
31.4269 30.8258
31.4456 30.9583
31.5142 31.0211
31.4869 31.1069
31.5164 31.1303
31.5858 30.9797
31.5958 31.1419
31.5347 31.3364
31.4542 31.5056
31.4706 31.7186
31.5386 31.8986
31.5169 31.9405
31.4 32.0275
31.303 32.1744
31.3475 32.0836
31.4197 31.983
31.5153 31.9314
31.5264 31.8875
31.4305 31.8739
31.4114 31.8816
31.3558 31.8039
31.2836 31.7914
31.2294 31.9003
31.2019 31.9394
31.2167 32.0183
31.1283 32.0344
31.0464 32.1078
31.0775 32.1353
31.1025 32.2039
31.1278 32.285
31.1728 32.2925
31.2536 32.2739
31.2714 32.3211
31.2592 32.3161
31.2214 32.3867
31.1042 32.5117
31.0578 32.6217
31.1067 32.83
31.1122 32.8561
31.05 32.673
31.0436 32.7697
31.0817 32.8361
31.0992 32.9158
31.0533 32.9944
31.1114 33.0258
31.1047 32.9544
31.1547 33.0303
31.1919 33.125
31.1361 33.1394
31.0433 33.1389
31.0717 33.1967
31.0994 33.3069
31.1411 33.3783
31.143 33.4525
31.1194 33.6675
31.1669 33.8778
31.2336 34.0633
31.3225 34.2175
