CIC_MPM_VERS = 1.0
COMMENT Generated by Spacebel CCSDS library
CREATION_DATE = 2017-02-24T16:24:59.097219
ORIGINATOR = SVG² Control

META_START

USER_DEFINED_PROTOCOL = NONE
USER_DEFINED_CONTENT = REGION OF INTEREST
USER_DEFINED_SIZE = 2
USER_DEFINED_TYPE = REAL
USER_DEFINED_UNIT = [deg]

META_STOP

14.4277 -89.3549
14.3256 -89.1261
14.3347 -89.0372
14.1883 -88.9547
14.2072 -88.9086
14.1142 -88.8314
14.0931 -88.8094
14.1378 -88.7672
14.0975 -88.7214
14.0141 -88.6614
13.9814 -88.5047
13.8656 -88.4892
13.8683 -88.3531
13.9878 -88.1967
13.9639 -88.06
13.9305 -88.0408
13.8694 -88.007
13.8981 -87.9003
13.9019 -87.8786
13.8641 -87.7505
13.8181 -87.6953
13.5264 -87.7833
13.4705 -87.7144
13.4075 -87.8145
13.4372 -87.8367
13.3892 -87.8719
13.2978 -87.7853
13.2458 -87.8203
13.1969 -87.9153
13.1567 -87.8964
13.1594 -88.1967
13.17 -88.3417
13.1917 -88.3842
13.1692 -88.4275
13.2156 -88.447
13.2419 -88.5278
13.283 -88.6014
13.2689 -88.7197
13.2586 -88.6058
13.2467 -88.5603
13.1653 -88.4525
13.2303 -88.7192
13.3292 -88.9614
13.3681 -89.06
13.4803 -89.2895
13.5111 -89.5775
13.5261 -89.8094
13.6072 -89.8467
13.7275 -90.0625
13.7455 -90.0951
13.8358 -90.1058
13.9003 -90.0375
14.0595 -89.8546
14.0436 -89.7378
14.0839 -89.7431
14.1997 -89.6461
14.2413 -89.4927
14.2772 -89.575
14.2863 -89.5535
14.3219 -89.5903
14.4133 -89.5733
14.4203 -89.5422
14.3864 -89.5269
14.4517 -89.3961
14.4277 -89.3549
