CIC_MPM_VERS = 1.0
COMMENT Generated by Spacebel CCSDS library
CREATION_DATE = 2017-02-24T16:24:59.181218
ORIGINATOR = SVG² Control

META_START

USER_DEFINED_PROTOCOL = NONE
USER_DEFINED_CONTENT = REGION OF INTEREST
USER_DEFINED_SIZE = 2
USER_DEFINED_TYPE = REAL
USER_DEFINED_UNIT = [deg]

META_STOP

3.21361 8.65389
3.24639 8.48666
3.33389 8.425
3.43528 8.44972
3.46194 8.51611
3.45722 8.57166
3.7525 8.68889
3.75389 8.75305
3.74778 8.91889
3.69972 8.96139
3.58361 8.91639
3.21361 8.65389
180.0 180.0
2.16737 10.0229
2.16778 10.6736
2.16861 11.3404
1.50305 11.3489
1.00194 11.3539
1.0025 10.6844
1.00194 10.0147
1.00255 9.8045
1.07917 9.84472
1.09667 9.72139
1.08222 9.66833
1.04 9.58055
1.11861 9.55111
1.13389 9.5125
1.11167 9.39389
1.18167 9.3575
1.58667 9.61139
1.57083 9.67444
1.59167 9.63333
1.66028 9.61194
1.93139 9.81444
2.32472 9.7725
2.34607 9.80855
2.2425 9.85083
2.16737 10.0229
180.0 180.0
9.13038e-315 8.74002e-321
