CIC_MPM_VERS = 1.0
COMMENT Generated by Spacebel CCSDS library
CREATION_DATE = 2017-02-24T16:24:59.236218
ORIGINATOR = SVG² Control

META_START

USER_DEFINED_PROTOCOL = NONE
USER_DEFINED_CONTENT = REGION OF INTEREST
USER_DEFINED_SIZE = 2
USER_DEFINED_TYPE = REAL
USER_DEFINED_UNIT = [deg]

META_STOP

15.5739 40.4194
15.605 39.9778
15.6914 39.9386
15.6386 40.0344
15.6614 40.0794
15.7317 40.0192
15.7406 39.9269
15.7889 39.9289
15.7661 39.9933
15.8144 39.9825
15.8286 40.04
15.8675 40.0111
15.8858 40.0147
15.8444 40.0942
15.7886 40.0861
15.8078 40.1389
15.6769 40.1414
15.6397 40.1661
15.6533 40.2789
15.6725 40.2194
15.6986 40.238
15.6944 40.3133
15.6364 40.4114
15.5739 40.4194
180.0 180.0
13.8999 41.7969
13.904 41.8105
13.8912 41.8286
13.8625 41.9319
13.8196 41.9656
13.8115 41.9758
13.8016 41.9798
13.7994 41.9815
13.8013 41.9966
13.7662 42.0186
13.7521 42.0426
13.705 42.0779
13.6373 42.1088
13.6364 42.1094
13.6464 42.1444
13.6116 42.1644
13.6087 42.1763
13.5856 42.1848
13.5728 42.1925
13.5577 42.2235
13.5894 42.2057
13.5915 42.2171
13.6022 42.213
13.6561 42.1866
13.5714 42.2858
13.5358 42.2947
13.5255 42.3079
13.4976 42.3159
13.4591 42.3138
13.4423 42.318
13.4234 42.3422
13.3833 42.3684
13.3522 42.3737
13.3196 42.3704
13.2878 42.3828
13.2093 42.3964
13.1886 42.475
13.2269 42.5392
13.2017 42.5636
13.2016 42.5684
13.1981 42.5671
13.0283 42.7319
13.0222 42.7338
13.0169 42.7463
12.9997 42.7541
12.9646 42.7529
12.9633 42.7523
12.908 42.7696
12.893 42.7778
12.889 42.7755
12.8436 42.7897
12.8346 42.8155
12.8365 42.8177
12.8403 42.839
12.825 42.8519
12.8195 42.8587
12.7903 42.9422
12.8942 43.0022
12.8628 43.0408
12.8141 43.0672
12.818 43.0818
12.7809 43.1009
12.7487 43.1027
12.7108 43.1233
12.709 43.1233
12.709 43.1237
12.7088 43.1234
12.7028 43.1097
12.6947 43.0917
12.6872 43.0736
12.6792 43.0558
12.6711 43.0378
12.6636 43.0197
12.6556 43.0017
12.6475 42.9836
12.64 42.9658
12.6319 42.9478
12.6239 42.9297
12.6167 42.9117
12.6194 42.9075
12.6225 42.9036
12.6261 42.9017
12.6289 42.8975
12.6306 42.8919
12.6298 42.8883
12.6275 42.8815
12.6275 42.8814
12.6274 42.8813
12.6209 42.8777
12.6189 42.8772
12.6119 42.8769
12.6053 42.8767
12.6006 42.8742
12.5964 42.8714
12.5939 42.8669
12.5914 42.8625
12.589 42.8599
12.5871 42.8588
12.5814 42.8586
12.5758 42.8597
12.5703 42.8608
12.5647 42.8592
12.5614 42.8556
12.5603 42.8497
12.5586 42.8447
12.5553 42.8411
12.5551 42.8411
12.4592 42.8209
12.4558 42.8222
12.4511 42.8225
12.4447 42.8217
12.4403 42.8192
12.4361 42.8161
12.4331 42.8125
12.4297 42.8089
12.4278 42.8039
12.4268 42.8009
12.4006 42.7582
12.3978 42.7572
12.3931 42.755
12.3889 42.7519
12.3864 42.7478
12.3858 42.7442
12.3865 42.7353
12.3639 42.6986
12.3639 42.6986
12.3639 42.6986
12.3639 42.6986
12.364 42.6985
12.375 42.6831
12.3869 42.6661
12.3986 42.6492
12.4131 42.6364
12.4308 42.6203
12.4328 42.6186
12.5042 42.5358
12.5292 42.4561
12.5289 42.4558
12.5192 42.4464
12.5028 42.4308
12.4864 42.4153
12.4697 42.3997
12.4633 42.3939
12.4467 42.3803
12.4445 42.3784
12.6392 42.2719
12.6464 42.2653
12.6505 42.2628
12.6536 42.2586
12.6578 42.2558
12.665 42.2492
12.6778 42.2414
12.6967 42.2331
12.7219 42.2175
12.7297 42.2114
12.7319 42.208
12.7428 42.1981
12.7494 42.1906
12.758 42.1783
12.7617 42.175
12.7705 42.1628
12.7742 42.1592
12.7828 42.1469
12.7867 42.1431
12.7889 42.1381
12.7975 42.1258
12.8022 42.1161
12.805 42.1122
12.8119 42.0978
12.8197 42.0769
12.8231 42.0658
12.8275 42.0561
12.8308 42.045
12.833 42.0403
12.8361 42.0289
12.8386 42.0242
12.8425 42.0103
12.8464 42
12.8539 41.9861
12.8597 41.9781
12.8669 41.9706
12.8814 41.9572
12.8892 41.9511
12.9189 41.9328
12.9225 41.9294
12.9308 41.9242
12.9358 41.9222
12.9442 41.9169
12.9492 41.9153
12.9533 41.9125
12.9828 41.9006
12.9869 41.8978
12.9919 41.8961
12.9961 41.8933
13.0192 41.8825
13.0339 41.8767
13.0394 41.8755
13.0436 41.8731
13.0492 41.8719
13.0589 41.868
13.0694 41.865
13.0786 41.8605
13.0955 41.85
13.0992 41.8467
13.0985 41.8439
13.1033 41.8439
13.1083 41.8422
13.1208 41.8342
13.1258 41.8322
13.1433 41.8225
13.1533 41.8189
13.1622 41.8142
13.1878 41.7986
13.2033 41.7867
13.2119 41.7814
13.2364 41.7569
13.2975 41.6781
13.3205 41.6522
13.3233 41.648
13.3306 41.6414
13.34 41.6297
13.3472 41.6231
13.35 41.6189
13.3536 41.6156
13.3653 41.5992
13.3675 41.5942
13.3719 41.5875
13.3867 41.5669
13.3889 41.5619
13.3978 41.5497
13.4086 41.5325
13.4108 41.5278
13.4139 41.5236
13.4253 41.4994
13.4378 41.4767
13.4553 41.4522
13.458 41.4494
13.4606 41.4444
13.4722 41.4281
13.4822 41.4172
13.5178 41.3689
13.5253 41.355
13.5336 41.3419
13.5425 41.3225
13.5536 41.3047
13.5611 41.2908
13.5697 41.2786
13.5719 41.2736
13.5822 41.2586
13.5925 41.2406
13.5983 41.2325
13.605 41.225
13.6167 41.2148
13.6197 41.2122
13.6381 41.203
13.6508 41.1953
13.6544 41.1919
13.6592 41.19
13.6719 41.1819
13.6817 41.1783
13.6903 41.173
13.7 41.1692
13.7464 41.14
13.7661 41.1325
13.7744 41.1272
13.7794 41.1253
13.7878 41.12
13.7969 41.1156
13.8139 41.1047
13.8186 41.1031
13.8272 41.0978
13.8603 41.0772
13.8728 41.0686
13.88 41.0617
13.8844 41.0592
13.8914 41.0525
13.9 41.0472
13.9292 41.02
13.9333 41.0175
13.9405 41.0106
13.9447 41.008
13.9661 40.9878
13.9692 40.9836
13.9869 40.9667
13.9897 40.9625
13.9933 40.9592
13.9975 40.9567
14.0047 40.9497
14.0211 40.9386
14.0281 40.9317
14.0322 40.9292
14.0522 40.9094
14.0567 40.9067
14.0658 40.8953
14.0761 40.8842
14.0878 40.8678
14.0914 40.8644
14.0969 40.8561
14.1042 40.8494
14.1072 40.8453
14.1142 40.8386
14.1269 40.8306
14.1358 40.8234
14.1453 40.8144
14.1542 40.8019
14.1564 40.7972
14.158 40.7917
14.164 40.7786
14.1728 40.7489
14.1825 40.6936
14.1872 40.6633
14.1876 40.6588
14.1883 40.65
14.1903 40.6372
14.195 40.6205
14.1958 40.6142
14.203 40.5925
14.2053 40.5875
14.208 40.5836
14.2147 40.5689
14.2203 40.5528
14.2233 40.5486
14.2328 40.53
14.2386 40.5217
14.2478 40.5022
14.2522 40.4883
14.2614 40.4689
14.2667 40.4613
14.2711 40.4581
14.2744 40.4469
14.2775 40.4428
14.2797 40.4378
14.2856 40.4294
14.3061 40.4086
14.3186 40.3928
14.3292 40.3825
14.3319 40.3783
14.3564 40.3539
14.3592 40.3497
14.3878 40.3228
14.3969 40.3111
14.4008 40.3075
14.405 40.305
14.4058 40.3014
14.4108 40.2925
14.4247 40.2711
14.4435 40.2281
14.4647 40.1567
14.4655 40.1517
14.4692 40.1283
14.47 40.1255
14.4705 40.1114
14.47 40.105
14.4678 40.0936
14.46 40.0806
14.4583 40.0756
14.4558 40.0642
14.455 40.0514
14.4553 40.0442
14.4589 40.0189
14.4606 40.0133
14.4651 39.9913
14.4608 39.9842
14.4519 39.9725
14.4478 39.9697
14.4347 39.955
14.4319 39.9506
14.4283 39.9406
14.4272 39.9347
14.4274 39.9291
14.4278 39.9206
14.4303 39.9086
14.4347 39.8989
14.439 39.8927
14.4393 39.8904
14.4469 39.883
14.4753 39.8558
14.4797 39.8533
14.4889 39.8417
14.4911 39.8367
14.4908 39.8303
14.4889 39.8267
14.4889 39.8211
14.4911 39.8161
14.5019 39.8061
14.5061 39.8033
14.5092 39.7992
14.5119 39.7932
14.5136 39.7894
14.5147 39.7761
14.5125 39.7647
14.5028 39.7464
14.4972 39.7314
14.4942 39.7206
14.4931 39.7055
14.4928 39.7014
14.4944 39.6889
14.4961 39.6833
14.5 39.6728
14.5089 39.6533
14.51 39.6397
14.5092 39.6269
14.5103 39.6139
14.5186 39.6139
14.5233 39.6119
14.5319 39.6067
14.5389 39.6
14.5483 39.5875
14.5583 39.5767
14.5728 39.5558
14.5744 39.5503
14.5747 39.543
14.5694 39.5344
14.5655 39.5314
14.5553 39.5275
14.5483 39.5272
14.543 39.5256
14.5397 39.5219
14.5372 39.5175
14.5356 39.5056
14.5336 39.5005
14.5136 39.4855
14.5103 39.4819
14.5078 39.4775
14.5061 39.4655
14.5064 39.4583
14.508 39.4528
14.508 39.4472
14.5052 39.4341
14.5019 39.4269
14.5008 39.4214
14.4953 39.4061
14.4908 39.3969
14.485 39.3817
14.4828 39.3703
14.4831 39.3633
14.4925 39.3297
14.4942 39.3169
14.4947 39.3028
14.4936 39.2972
14.4861 39.2783
14.4808 39.2697
14.4775 39.2661
14.474 39.2633
14.4694 39.2621
14.4619 39.2606
14.4511 39.2572
14.4464 39.255
14.4392 39.2475
14.4364 39.2433
14.4333 39.2325
14.4343 39.227
14.455 39.2206
14.4683 39.2125
14.4855 39.2097
14.4961 39.2058
14.5033 39.1989
14.5122 39.1944
14.5364 39.1917
14.5419 39.1906
14.5467 39.1886
14.5508 39.1858
14.5558 39.1839
14.5728 39.1733
14.5761 39.1697
14.6 39.1522
14.6178 39.1353
14.6294 39.1187
14.6317 39.1139
14.6403 39.1014
14.6469 39.0867
14.6478 39.0669
14.6467 39.0611
14.6447 39.0561
14.6436 39.0461
14.6453 39.0406
14.6481 39.0364
14.6552 39.0298
14.6552 39.024
14.652 39.0203
14.6478 39.0173
14.6364 39.0147
14.6297 39.0144
14.5994 39.0178
14.5892 39.0139
14.5853 39.0108
14.5819 39.0072
14.58 39.0022
14.5767 38.9983
14.57 38.9911
14.5661 38.988
14.5461 38.9655
14.5425 38.9553
14.5372 38.9261
14.5347 38.9217
14.53 38.9194
14.5261 38.9164
14.5167 38.9119
14.5125 38.9089
14.5092 38.9053
14.5027 38.8959
14.5008 38.8931
14.4944 38.8728
14.4942 38.8664
14.4956 38.8461
14.495 38.8397
14.4931 38.8344
14.49 38.8308
14.4858 38.828
14.4833 38.8236
14.4803 38.8058
14.4697 38.7956
14.4694 38.7831
14.4692 38.7756
14.4675 38.7578
14.4644 38.7472
14.4611 38.7436
14.4608 38.7372
14.4622 38.7314
14.4722 38.7056
14.4725 38.6986
14.4708 38.6864
14.463 38.6733
14.4611 38.6683
14.4514 38.6503
14.4481 38.6467
14.4428 38.6381
14.4405 38.6267
14.4405 38.6061
14.4389 38.5939
14.4336 38.5853
14.4281 38.5703
14.425 38.5525
14.4236 38.5333
14.4214 38.5219
14.4153 38.5139
14.415 38.5075
14.4164 38.5019
14.423 38.4886
14.4247 38.4822
14.4236 38.4767
14.4183 38.468
14.4164 38.4628
14.4175 38.4494
14.4192 38.4439
14.4219 38.4397
14.4256 38.4364
14.4594 38.4225
14.4636 38.42
14.4672 38.4167
14.4694 38.4117
14.4705 38.3983
14.4742 38.3947
14.4875 38.3875
14.4933 38.3792
14.4947 38.3736
14.5058 38.3492
14.5117 38.3408
14.5186 38.3342
14.5228 38.3314
14.5333 38.3275
14.5664 38.32
14.5761 38.3161
14.5817 38.315
14.5942 38.3069
14.5978 38.3036
14.6042 38.2958
14.6086 38.2861
14.6172 38.2736
14.6214 38.2711
14.6264 38.2689
14.6381 38.2672
14.6647 38.2675
14.6758 38.265
14.6794 38.2617
14.685 38.2533
14.6897 38.2364
14.6908 38.223
14.6903 38.2167
14.6928 38.2047
14.695 38.1997
14.6951 38.1969
14.6953 38.1928
14.6933 38.1878
14.69 38.1842
14.6875 38.1797
14.6856 38.1747
14.6828 38.1497
14.6839 38.1378
14.6883 38.1281
14.6969 38.1156
14.7058 38.0961
14.7197 38.0456
14.7242 38.0355
14.735 38.0183
14.7428 38.0122
14.7614 38.0136
14.7647 38.01
14.7686 37.9997
14.7725 37.9819
14.7767 37.9794
14.7822 37.9781
14.7953 37.9792
14.8069 37.9775
14.8106 37.9742
14.81 37.9678
14.8108 37.9628
14.815 37.96
14.8328 37.9578
14.8378 37.9558
14.8414 37.9525
14.8469 37.9442
14.8542 37.9372
14.8589 37.9353
14.8675 37.93
14.8744 37.923
14.8836 37.9114
14.8444 37.8951
14.8336 37.8905
14.7651 37.8603
14.7153 37.8383
14.6644 37.8169
14.6308 37.8017
14.554 37.7685
14.5292 37.7578
14.4956 37.7425
14.36 37.6844
14.1023 37.5722
14.1078 37.5419
14.1119 37.5329
14.1158 37.5286
14.1186 37.5244
14.1228 37.5219
14.1394 37.5181
14.1586 37.5172
14.1703 37.5197
14.1772 37.52
14.1814 37.5172
14.1842 37.5131
14.1881 37.4983
14.1969 37.4789
14.2025 37.4706
14.2061 37.4672
14.2111 37.4653
14.2153 37.4625
14.2208 37.4614
14.253 37.4603
14.2583 37.4589
14.2628 37.4561
14.2658 37.438
14.2681 37.433
14.2717 37.4297
14.2744 37.4255
14.2786 37.4228
14.2858 37.4158
14.2972 37.3994
14.3008 37.3958
14.3056 37.3939
14.34 37.395
14.3522 37.3939
14.3605 37.3886
14.3642 37.385
14.3728 37.3728
14.375 37.3678
14.3808 37.3594
14.3939 37.3519
14.4044 37.3489
14.4086 37.3461
14.4183 37.3422
14.4267 37.3369
14.4289 37.3319
14.4311 37.32
14.4375 37.3125
14.4419 37.3097
14.4453 37.3061
14.4483 37.3019
14.4519 37.2917
14.4536 37.2789
14.4533 37.2725
14.4519 37.2667
14.4494 37.2625
14.4455 37.2525
14.4458 37.2453
14.4503 37.2286
14.4522 37.2158
14.453 37.2025
14.4519 37.1967
14.45 37.1917
14.4442 37.1836
14.44 37.1808
14.4356 37.1714
14.4372 37.1586
14.4389 37.153
14.4383 37.1467
14.4353 37.1361
14.43 37.1272
14.4267 37.1236
14.4106 37.1119
14.3969 37.1044
14.3931 37.1014
14.3739 37.0925
14.3686 37.0908
14.3555 37.0897
14.3378 37.0919
14.3319 37.092
14.3178 37.0922
14.3069 37.0889
14.2975 37.0844
14.2894 37.0786
14.2828 37.0711
14.2803 37.0669
14.2769 37.0561
14.2767 37.0428
14.2755 37.0369
14.2658 37.0192
14.2619 37.0089
14.2608 37.0033
14.2608 36.9964
14.2625 36.9906
14.2755 36.9614
14.2819 36.9536
14.2956 36.9542
14.2986 36.95
14.3008 36.945
14.3039 36.9267
14.3056 36.9211
14.3072 36.9086
14.3094 36.9036
14.3181 36.8911
14.3203 36.8861
14.3211 36.8742
14.3192 36.8692
14.3233 36.8517
14.3214 36.8394
14.3244 36.8353
14.3267 36.8306
14.328 36.825
14.3275 36.8186
14.3192 36.7992
14.3186 36.7928
14.3192 36.7869
14.3205 36.773
14.3261 36.7497
14.3272 36.7364
14.3233 36.7264
14.3172 36.7183
14.3119 36.7097
14.3089 36.6992
14.3092 36.6919
14.3114 36.6814
14.3125 36.668
14.3172 36.6442
14.3161 36.6383
14.3142 36.6333
14.2994 36.613
14.2975 36.6081
14.2953 36.5967
14.2936 36.5775
14.2939 36.5705
14.2928 36.5647
14.2908 36.5597
14.2638 36.5444
14.2635 36.5442
14.2781 36.5417
14.2953 36.5381
14.3128 36.5342
14.33 36.5311
14.3472 36.5275
14.3644 36.5236
14.3817 36.5222
14.3986 36.5206
14.4158 36.5189
14.4331 36.5172
14.4503 36.5156
14.4607 36.5142
14.4675 36.5133
14.4847 36.5117
14.5019 36.51
14.5192 36.5083
14.5361 36.5067
14.5533 36.505
14.5706 36.5028
14.5878 36.5011
14.605 36.4994
14.6222 36.4978
14.6313 36.4969
14.6394 36.4961
14.6564 36.4944
14.6736 36.4922
14.6908 36.4906
14.7081 36.4889
14.7253 36.4872
14.7425 36.4856
14.7594 36.4839
14.7767 36.4817
14.7939 36.48
14.8111 36.4783
14.8283 36.4767
14.8456 36.475
14.8625 36.4733
14.8797 36.4711
14.8969 36.4694
14.9142 36.4678
14.9314 36.4661
14.9486 36.4644
14.9656 36.4628
14.9828 36.4606
15 36.4589
15.0172 36.4572
15.0344 36.4556
15.0517 36.4539
15.0686 36.4522
15.0858 36.45
15.1031 36.4483
15.1203 36.4467
15.1375 36.445
15.1506 36.4433
15.1559 36.45
15.2347 36.5428
15.235 36.5429
15.2519 36.5483
15.2689 36.5539
15.2858 36.5592
15.3028 36.5656
15.3197 36.5708
15.3367 36.5764
15.3536 36.5825
15.3706 36.5881
15.3875 36.5933
15.4044 36.5989
15.4214 36.605
15.4372 36.6106
15.4405 36.6211
15.4749 36.6341
15.4844 36.6289
15.4894 36.6261
15.5064 36.6303
15.5233 36.635
15.5344 36.6381
15.5403 36.6397
15.5575 36.6444
15.5744 36.6486
15.5914 36.6533
15.6083 36.6581
15.6253 36.6628
15.6422 36.6675
15.6592 36.6717
15.6764 36.6764
15.6933 36.6811
15.7103 36.6858
15.7272 36.6908
15.7442 36.6947
15.7531 36.6978
15.7683 36.7161
15.7836 36.7342
15.7989 36.7525
15.8049 36.7597
16.1279 36.8827
16.1297 36.8833
16.1467 36.8894
16.1594 36.8947
16.1837 36.9039
16.1975 36.9089
16.2108 36.9142
16.2144 36.9156
16.215 36.9158
16.215 36.9158
16.2197 36.9181
16.2244 36.9203
16.2278 36.9239
16.2311 36.9278
16.2344 36.9314
16.2369 36.9356
16.2397 36.94
16.2422 36.9444
16.245 36.9486
16.2467 36.9517
16.2642 36.9714
16.3131 36.9666
16.315 36.9658
16.3197 36.9639
16.3244 36.9619
16.3286 36.9592
16.3336 36.9572
16.3378 36.9544
16.3425 36.9525
16.3475 36.9503
16.3531 36.9492
16.3583 36.9478
16.3653 36.9481
16.3722 36.9483
16.3783 36.9492
16.3836 36.9508
16.3892 36.9525
16.3953 36.9533
16.4006 36.9547
16.4067 36.9558
16.4131 36.9567
16.4133 36.9567
16.4298 36.9551
16.43 36.955
16.4325 36.9536
16.4467 36.9419
16.4489 36.9386
16.4525 36.935
16.4561 36.9317
16.4594 36.9281
16.4636 36.9253
16.4672 36.9219
16.4706 36.9186
16.475 36.915
16.4792 36.9122
16.4825 36.9089
16.4867 36.9061
16.4917 36.9042
16.4957 36.9015
16.4958 36.9014
16.4959 36.9014
16.5006 36.8994
16.5061 36.8981
16.5117 36.8969
16.5178 36.8964
16.5247 36.8967
16.5308 36.8975
16.5369 36.8983
16.5422 36.9
16.5478 36.9017
16.5531 36.9031
16.5586 36.9047
16.5617 36.9057
16.6355 36.9105
16.6356 36.9106
16.6411 36.9122
16.6458 36.9144
16.6506 36.9167
16.6544 36.9197
16.6577 36.9221
16.8189 37.0062
16.8242 37.0069
16.8297 37.0086
16.8344 37.0108
16.8383 37.0139
16.8425 37.0167
16.8464 37.0197
16.8505 37.0227
16.8505 37.0228
16.8574 37.0201
16.8589 37.0186
16.8617 37.0144
16.865 37.0111
16.87 37.0089
16.8769 37.0092
16.8817 37.0107
16.9361 36.9896
16.9375 36.9883
16.9429 36.987
16.9431 36.9869
16.9431 36.987
16.9492 36.9886
16.9544 36.9903
16.9586 36.9931
16.9615 36.9964
17.0036 37.018
17.0357 37.004
17.0367 37.0033
17.0403 37
17.0444 36.9972
17.0481 36.9936
17.0528 36.9917
17.0583 36.9906
17.0644 36.9914
17.0644 36.9914
17.0644 36.9914
17.0644 36.9914
17.0692 36.9936
17.0739 36.9958
17.0772 37.0261
17.075 37.0311
17.0728 37.0358
17.0692 37.0394
17.065 37.0422
17.0614 37.0456
17.0581 37.0492
17.058 37.0492
17.0534 37.0906
17.0533 37.0925
17.0525 37.0989
17.0511 37.1044
17.0481 37.1086
17.0447 37.1122
17.0419 37.115
17.0383 37.1183
17.0347 37.1219
17.0343 37.1223
17.0164 37.1455
17.0164 37.1456
17.0164 37.1456
17.0177 37.1636
17.02 37.1672
17.0225 37.1714
17.0244 37.1767
17.0269 37.1808
17.0297 37.1853
17.0314 37.1903
17.0319 37.1967
17.0325 37.2033
17.0317 37.2097
17.03 37.2153
17.0278 37.2203
17.0264 37.2258
17.0256 37.2322
17.0247 37.2386
17.0244 37.2458
17.025 37.2522
17.0269 37.2572
17.0289 37.2625
17.0314 37.2667
17.0347 37.2706
17.0381 37.2742
17.0414 37.2778
17.0447 37.2814
17.0478 37.2853
17.0511 37.2889
17.0544 37.2925
17.0572 37.2969
17.0592 37.3019
17.0611 37.3069
17.0614 37.3133
17.0611 37.3206
17.0603 37.3269
17.0589 37.3325
17.0581 37.3389
17.0564 37.3447
17.0542 37.3497
17.0519 37.3544
17.05 37.3594
17.0483 37.3653
17.0469 37.3708
17.0453 37.3764
17.0431 37.3814
17.0422 37.3878
17.0408 37.3936
17.0397 37.4
17.0383 37.4056
17.0375 37.4119
17.0372 37.4192
17.0372 37.4211
17.0372 37.4242
17.1511 37.4944
17.1531 37.495
17.1578 37.4981
17.1619 37.5008
17.1667 37.5039
17.1706 37.5061
17.1722 37.5074
17.1818 37.5133
17.1825 37.5136
17.187 37.5165
17.1872 37.5167
17.3153 37.5066
17.3153 37.5067
17.3153 37.5067
17.32 37.5089
17.3233 37.5125
17.3258 37.5169
17.3261 37.5183
17.3269 37.5228
17.3269 37.5297
17.3261 37.5361
17.3278 37.5414
17.3297 37.5464
17.3325 37.5508
17.335 37.555
17.3375 37.5594
17.3403 37.5639
17.3419 37.5689
17.3447 37.5733
17.3467 37.5783
17.3486 37.5833
17.3497 37.5892
17.3517 37.5942
17.3528 37.6
17.3539 37.6058
17.3553 37.6117
17.3564 37.6172
17.3575 37.6231
17.3581 37.6294
17.3586 37.6358
17.3597 37.6417
17.3603 37.6481
17.3614 37.6539
17.3619 37.6603
17.3631 37.6661
17.3636 37.6725
17.3642 37.6792
17.3653 37.6847
17.3664 37.6906
17.3675 37.6964
17.3681 37.7028
17.3694 37.7086
17.3697 37.7097
17.3717 37.7172
17.3725 37.7194
17.3732 37.7228
17.3767 37.7358
17.3767 37.7358
17.4159 37.7594
17.4161 37.7594
17.4231 37.7597
17.4264 37.7633
17.4284 37.7669
17.451 37.7805
17.4511 37.7806
17.4564 37.7822
17.4611 37.7844
17.4653 37.7875
17.4686 37.7911
17.4711 37.7956
17.4731 37.8006
17.4756 37.805
17.4775 37.8086
17.4794 37.8136
17.4814 37.8189
17.4822 37.8227
17.4825 37.8244
17.4831 37.8311
17.4814 37.8367
17.4786 37.8408
17.475 37.8444
17.4708 37.8469
17.4661 37.8492
17.4647 37.8497
17.445 37.8697
17.445 37.8697
17.445 37.8697
17.4475 37.9172
17.4475 37.9172
17.4632 37.9372
17.4667 37.94
17.47 37.9436
17.4739 37.9467
17.4781 37.9497
17.4819 37.9525
17.4861 37.9556
17.49 37.9586
17.4939 37.9617
17.4981 37.9647
17.5014 37.9683
17.5039 37.9728
17.5064 37.9769
17.5092 37.9814
17.5117 37.9858
17.5142 37.9903
17.5169 37.9944
17.5189 37.9983
17.5214 38.0025
17.5239 38.0069
17.5267 38.0114
17.5292 38.0158
17.5317 38.02
17.535 38.0239
17.5378 38.0281
17.5403 38.0325
17.5428 38.0369
17.5456 38.0414
17.548 38.0458
17.548 38.0458
17.548 38.0458
17.5481 38.0458
17.55 38.0508
17.5519 38.0558
17.5531 38.0617
17.5528 38.0689
17.5519 38.0753
17.5503 38.0808
17.5494 38.0872
17.5472 38.0922
17.5439 38.0956
17.5383 38.0969
17.5322 38.0958
17.5267 38.0944
17.5249 38.0939
17.4878 38.0966
17.4878 38.0967
17.4878 38.0967
17.4836 38.1228
17.4836 38.1228
17.5073 38.1377
17.5103 38.1381
17.5172 38.1383
17.5233 38.1378
17.5281 38.1358
17.5331 38.1339
17.5386 38.1328
17.5439 38.1314
17.5486 38.1336
17.55 38.1394
17.5503 38.1458
17.5489 38.1517
17.5486 38.1589
17.5511 38.1631
17.5544 38.1669
17.5582 38.1696
17.5583 38.1697
17.5583 38.1697
17.5583 38.1697
17.5611 38.1742
17.5617 38.1806
17.5622 38.1858
17.5592 38.19
17.555 38.1925
17.5508 38.1953
17.5466 38.197
17.5275 38.2416
17.5275 38.2417
17.5478 38.2711
17.5883 38.2729
17.59 38.2725
17.5969 38.2728
17.603 38.2736
17.6031 38.2736
17.6031 38.2736
17.6031 38.2736
17.6069 38.2767
17.6103 38.2803
17.6128 38.2856
17.6156 38.29
17.6181 38.2942
17.62 38.2994
17.621 38.3019
17.6593 38.3625
17.6603 38.3636
17.6628 38.368
17.6628 38.368
17.7137 38.3902
17.7167 38.3914
17.719 38.3925
17.7675 38.4136
17.7839 38.4203
17.7965 38.4262
17.8156 38.4345
17.8175 38.4353
17.8342 38.4422
17.8511 38.4492
17.8708 38.4585
17.8711 38.4586
17.8713 38.4588
17.8917 38.4814
17.9133 38.5058
17.9342 38.5311
17.9567 38.5569
17.971 38.5737
17.9693 38.5745
18.0089 38.6213
17.9228 38.6342
17.4967 38.8666
17.2975 38.9594
16.8158 39.1169
16.6181 39.1558
16.542 39.147
16.5305 39.1497
16.5282 39.1467
16.4873 39.1561
16.4839 39.1637
16.4661 39.161
16.0175 39.2644
15.8853 39.3314
15.8191 39.3804
15.798 39.4147
15.7731 39.4272
15.7537 39.4288
15.7319 39.445
15.679 39.4441
15.6576 39.453
15.6224 39.4731
15.6148 39.4726
15.6122 39.478
15.6094 39.4723
15.5989 39.4716
15.5946 39.4662
15.5942 39.444
15.5763 39.4435
15.5748 39.444
15.5161 39.4836
15.5215 39.5053
15.5403 39.5428
15.5214 39.5883
15.2578 39.7144
15.175 39.6983
15.0828 39.7253
15.0789 39.792
15.1503 39.8271
15.1917 39.8286
15.2486 39.8052
15.2558 39.7916
15.2498 39.7776
15.2535 39.7632
15.2873 39.7591
15.3648 39.769
15.3861 39.7599
15.3971 39.7736
15.4022 39.7733
15.4065 39.778
15.4351 39.7856
15.4229 39.7955
15.4347 39.8082
15.4495 39.8059
15.4472 39.8216
15.4567 39.8318
15.4681 39.8362
15.4834 39.8513
15.4789 39.8557
15.4992 39.8775
15.3236 40.0858
15.3109 40.0768
15.3009 40.0773
15.2838 40.0576
15.2522 40.0351
15.2501 40.0341
15.2499 40.0335
15.2375 40.0247
15.2301 40.0286
15.2301 40.0321
15.2166 40.0493
15.2101 40.0393
15.0528 40.1233
15.0368 40.1478
14.9847 40.1598
14.9792 40.163
14.9117 40.3011
14.9411 40.3472
14.9527 40.353
14.9501 40.3612
14.9729 40.397
14.9735 40.3969
14.9739 40.3985
15.008 40.4519
14.991 40.4966
14.9929 40.4955
14.9948 40.5132
14.9794 40.5396
14.9747 40.5393
14.9425 40.6236
14.8858 40.6192
14.885 40.6539
14.8858 40.6978
14.7281 40.7408
14.6481 41.1067
14.6159 41.1483
14.6114 41.1649
14.5973 41.1724
14.5358 41.2519
14.5001 41.2775
14.4957 41.2872
14.39 41.3668
14.3719 41.3693
14.3666 41.3731
14.334 41.4099
14.2983 41.4368
14.2707 41.4669
14.2577 41.4753
14.2367 41.489
14.1942 41.5236
14.1537 41.539
14.0745 41.6175
14.0515 41.6254
14.0336 41.6515
13.9974 41.6599
13.9334 41.7159
13.9139 41.7465
13.8999 41.7969
180.0 180.0
9.13038e-315 8.64121e-321
