CIC_MPM_VERS = 1.0
COMMENT Generated by Spacebel CCSDS library
CREATION_DATE = 2017-02-24T16:24:59.277718
ORIGINATOR = SVG² Control

META_START

USER_DEFINED_PROTOCOL = NONE
USER_DEFINED_CONTENT = REGION OF INTEREST
USER_DEFINED_SIZE = 2
USER_DEFINED_TYPE = REAL
USER_DEFINED_UNIT = [deg]

META_STOP

57.9097 22.0517
57.9169 22.0005
57.9817 21.9639
57.9797 21.9967
58.0766 22.0822
58.1375 22.1972
58.2522 21.8844
58.3017 21.8564
58.2975 21.9103
58.3325 21.8736
58.3428 21.8992
58.3144 21.9578
58.3492 21.9614
58.3533 22.0075
58.4575 21.9167
58.505 21.8319
58.515 22.0005
58.4206 22.0781
58.4216 22.0958
58.4805 22.0989
58.5494 22.1983
58.4991 22.2403
58.5208 22.2869
58.5569 22.2789
58.6319 22.5514
58.5817 22.7236
58.6178 22.8717
58.5895 23.0095
58.4605 23.2789
58.4294 23.2675
58.4792 23.1564
58.3578 23.0286
58.3816 22.9492
58.3264 22.9294
58.2703 22.8256
58.2605 22.7106
58.2403 22.7569
58.2164 22.7344
58.2233 22.3942
58.1839 22.2792
57.9861 22.2025
57.9097 22.0517
180.0 180.0
58.6866 22.5653
58.7036 22.4697
58.7569 22.4764
58.838 22.4456
58.8869 22.3819
58.9214 22.0775
58.94 22.0422
59.0247 22.5364
59.0818 22.6405
59.0691 22.7158
59.02 22.6986
59.0014 22.7339
58.9825 22.9297
58.8444 23.048
58.8205 23.0217
58.8344 22.8989
58.7797 22.8844
58.7758 22.7844
58.8183 22.8292
58.8186 22.7758
58.7053 22.6669
58.6866 22.5653
180.0 180.0
59.4817 28.0067
59.3978 28.1703
59.3758 28.1939
59.3525 28.1892
59.3361 28.0075
59.3081 28.0972
59.2861 27.8969
59.2761 27.8806
59.2542 27.8867
59.2289 27.8633
59.1597 27.8442
59.0633 27.7922
58.9878 27.725
58.8819 27.4936
58.8014 27.4231
58.4139 27.5425
58.3617 27.5392
58.2978 27.4647
58.2139 27.4742
58.1328 27.5542
58.0789 27.6733
58.0508 27.6767
58.0278 27.6425
58.0097 27.67
57.9969 27.6983
57.9264 27.6839
57.8911 27.8053
57.8658 27.8211
57.8356 27.735
57.8178 27.5458
57.8028 27.5728
57.7733 27.5164
57.7228 27.5267
57.6906 27.4131
57.6589 27.3908
57.6364 27.415
57.6136 27.4058
57.5956 27.3481
57.5364 27.3711
57.5228 27.3383
57.5492 27.245
57.5622 27.0872
57.6114 27.0186
57.6192 26.91
57.6339 26.8908
57.6258 26.8644
57.5825 26.8292
57.5711 26.7608
57.5817 26.7194
57.5558 26.635
57.5269 26.6089
57.5361 26.5611
57.5244 26.5172
57.5706 26.4603
57.6114 26.2992
57.7219 26.1803
57.7847 26.0375
57.8022 26.0286
57.8403 26.0467
57.85 26.0314
57.8658 25.8014
57.9311 25.7492
57.9164 25.6228
57.9422 25.5772
57.9669 25.5764
57.9944 25.4611
58.0356 25.4217
58.0367 25.3483
58.0831 25.3017
58.0692 25.2631
58.0381 25.2969
58.0075 25.2944
57.9928 25.2325
58.0317 25.2061
58.0744 25.17
58.0717 25.0917
58.0144 24.9681
58.0075 24.8853
57.98 24.8275
58.0008 24.7542
57.9589 24.7178
57.9547 24.5536
57.9133 24.4531
57.8744 24.4203
57.8708 24.31
58.0694 24.4608
58.2472 24.4728
58.2844 24.5425
58.3205 24.5594
58.353 24.5178
58.3867 24.4197
58.3847 24.3261
58.2714 24.2381
58.2703 24.1467
58.2322 24.1105
58.3258 23.9378
58.3467 23.7319
58.5367 23.6717
58.5594 23.5
58.6941 23.4956
58.7461 23.5389
58.73 23.8083
58.8008 23.7914
58.7625 23.4294
58.823 23.5275
58.9105 23.4161
58.9394 23.4311
58.9705 23.6378
59.0103 23.6119
58.9672 23.5408
59.0186 23.4072
59.0592 23.4331
59.085 23.4997
59.1069 23.5264
59.2064 23.4642
59.2283 23.5108
59.2328 23.7386
59.2786 23.7422
59.2758 24.09
59.3039 24.1003
59.3628 24.02
59.3905 24.0372
59.3922 24.0811
59.3428 24.1992
59.3583 24.2236
59.4125 24.1678
59.3986 24.2469
59.4258 24.3189
59.4642 24.3292
59.475 24.3947
59.4361 24.6508
59.4678 24.6222
59.4894 24.6897
59.4478 24.7308
59.448 24.7836
59.4889 24.8169
59.515 24.7872
59.5667 24.79
59.4903 25.4046
59.5339 25.5456
59.6483 25.4694
59.6642 25.4928
59.5653 25.6428
59.5683 25.7008
59.5886 25.7153
59.6278 25.6842
59.6683 25.6944
59.6355 25.7747
59.5786 25.7933
59.575 25.8478
59.6255 25.8856
59.5869 25.9511
59.63 25.9928
59.5822 26.0961
59.5533 26.6506
59.445 26.9647
59.4078 27.8806
59.4308 27.9614
59.4817 28.0067
180.0 180.0
9.13038e-315 8.72026e-321
