CIC_MPM_VERS = 1.0
COMMENT Generated by Spacebel CCSDS library
CREATION_DATE = 2017-02-24T16:24:59.279218
ORIGINATOR = SVG² Control

META_START

USER_DEFINED_PROTOCOL = NONE
USER_DEFINED_CONTENT = REGION OF INTEREST
USER_DEFINED_SIZE = 2
USER_DEFINED_TYPE = REAL
USER_DEFINED_UNIT = [deg]

META_STOP

12.5289 42.4558
12.3969 42.3394
11.8167 41.9486
11.7419 41.8294
11.5053 41.7597
11.2664 41.8088
11.2486 41.8125
11.0972 41.798
10.985 41.7872
10.9708 41.8258
10.9925 42.2644
11.0981 42.6344
11.0767 42.7519
11.0164 42.7728
10.9878 42.8142
11.0039 42.9433
10.6214 42.6655
10.5319 42.7122
10.4556 42.7861
10.3139 42.8169
9.91833 43.0916
9.88138 43.2161
9.64139 43.278
9.60805 43.3411
9.42611 43.4308
9.33611 43.583
9.35444 43.6272
9.00722 44.0105
8.56416 45.3433
8.00111 47.0119
8.00305 47.9894
6.47333 46.4186
4.9025 44.9508
4.96305 43.9819
4.86916 43.6236
4.67083 43.1639
4.50861 42.9714
4.35611 42.9142
4.29528 42.8317
4.23361 42.5141
4.20889 42.1958
4.17528 42.0758
4.08528 41.9558
4.00972 41.9305
3.99866 41.9136
3.94778 41.8369
3.98611 41.7714
3.94444 41.3191
3.96278 41.1292
4.28762 40.7834
4.09889 40.3886
3.86944 39.8666
3.67833 39.7828
3.40667 39.5603
3.41806 39.505
3.45528 39.498
3.47861 39.1969
3.52722 39.0555
3.51389 38.9136
3.65389 38.5289
3.59944 38.448
3.61167 38.1211
3.72861 37.998
4.39667 36.9733
4.44666 36.6475
4.44666 36.1972
4.44666 36.0458
4.52098 35.9513
4.62208 35.9403
4.79861 35.7744
5.07528 35.7739
5.15389 35.8308
5.2375 35.7953
5.31305 35.8369
5.39 35.6897
5.37305 35.605
5.42528 35.5333
5.4325 35.458
5.35222 35.3611
5.36055 35.3194
5.43555 35.2711
5.50778 35.29
5.6325 35.1039
5.69278 35.1058
5.94972 34.9755
6.06111 34.9814
6.2375 34.8705
6.60972 34.76
6.695 34.6875
6.80028 34.5075
6.91139 34.4761
7.04916 34.2066
7.16472 34.1855
7.23916 34.0294
7.38666 34.0269
7.68305 33.6555
7.72222 33.4983
7.74583 33.4414
7.7125 33.3375
7.79639 33.17
7.79 33.0597
7.84694 33.0136
7.92555 32.9894
8.09305 33.105
8.12888 33.1847
8.39139 33.1647
8.43389 33.2044
8.46416 33.64
8.38055 33.7016
8.36589 33.775
8.41416 33.823
8.43888 33.9747
8.56527 34.1119
8.95527 34.135
9.55305 34.0858
10.0303 34.2314
10.1822 34.3364
10.245 34.3489
10.5542 34.2861
10.7844 34.4397
10.8878 34.5944
10.753 34.7664
10.6869 34.7733
10.8644 34.9753
10.9567 34.9333
11.1744 35.0056
11.2222 34.9805
11.2569 34.9639
11.5358 35.0875
11.74 35.0586
11.8269 35.0969
12.0247 35.3397
12.17 35.3861
12.2006 35.4325
12.2506 35.438
12.6658 35.6994
12.7244 36.0691
12.7069 36.1416
13.0244 36.1553
13.368 36.2486
13.5678 36.3975
13.8394 36.4869
13.9569 36.4464
14.2608 36.5447
14.2638 36.5444
14.2908 36.5597
14.2928 36.5647
14.2939 36.5705
14.2936 36.5775
14.2953 36.5967
14.2975 36.6081
14.2994 36.613
14.3142 36.6333
14.3161 36.6383
14.3172 36.6442
14.3125 36.668
14.3114 36.6814
14.3092 36.6919
14.3089 36.6992
14.3119 36.7097
14.3172 36.7183
14.3233 36.7264
14.3272 36.7364
14.3261 36.7497
14.3205 36.773
14.3192 36.7869
14.3186 36.7928
14.3192 36.7992
14.3275 36.8186
14.328 36.825
14.3267 36.8306
14.3244 36.8353
14.3214 36.8394
14.3233 36.8517
14.3192 36.8692
14.3211 36.8742
14.3203 36.8861
14.3181 36.8911
14.3094 36.9036
14.3072 36.9086
14.3056 36.9211
14.3039 36.9267
14.3008 36.945
14.2986 36.95
14.2956 36.9542
14.2819 36.9536
14.2755 36.9614
14.2625 36.9906
14.2608 36.9964
14.2608 37.0033
14.2619 37.0089
14.2658 37.0192
14.2755 37.0369
14.2767 37.0428
14.2769 37.0561
14.2803 37.0669
14.2828 37.0711
14.2894 37.0786
14.2975 37.0844
14.3069 37.0889
14.3178 37.0922
14.3319 37.092
14.3378 37.0919
14.3555 37.0897
14.3686 37.0908
14.3739 37.0925
14.3931 37.1014
14.3969 37.1044
14.4106 37.1119
14.4267 37.1236
14.43 37.1272
14.4353 37.1361
14.4383 37.1467
14.4389 37.153
14.4372 37.1586
14.4356 37.1714
14.44 37.1808
14.4442 37.1836
14.45 37.1917
14.4519 37.1967
14.453 37.2025
14.4522 37.2158
14.4503 37.2286
14.4458 37.2453
14.4455 37.2525
14.4494 37.2625
14.4519 37.2667
14.4533 37.2725
14.4536 37.2789
14.4519 37.2917
14.4483 37.3019
14.4453 37.3061
14.4419 37.3097
14.4375 37.3125
14.4311 37.32
14.4289 37.3319
14.4267 37.3369
14.4183 37.3422
14.4086 37.3461
14.4044 37.3489
14.3939 37.3519
14.3808 37.3594
14.375 37.3678
14.3728 37.3728
14.3642 37.385
14.3605 37.3886
14.3522 37.3939
14.34 37.395
14.3056 37.3939
14.3008 37.3958
14.2972 37.3994
14.2858 37.4158
14.2786 37.4228
14.2744 37.4255
14.2717 37.4297
14.2681 37.433
14.2658 37.438
14.2628 37.4561
14.2583 37.4589
14.253 37.4603
14.2208 37.4614
14.2153 37.4625
14.2111 37.4653
14.2061 37.4672
14.2025 37.4706
14.1969 37.4789
14.1881 37.4983
14.1842 37.5131
14.1814 37.5172
14.1772 37.52
14.1703 37.5197
14.1586 37.5172
14.1394 37.5181
14.1228 37.5219
14.1186 37.5244
14.1158 37.5286
14.1119 37.5329
14.1078 37.5419
14.1023 37.5722
14.36 37.6844
14.4956 37.7425
14.5292 37.7578
14.554 37.7685
14.6308 37.8017
14.6644 37.8169
14.7153 37.8383
14.7651 37.8603
14.8336 37.8905
14.8444 37.8951
14.8836 37.9114
14.8744 37.923
14.8675 37.93
14.8589 37.9353
14.8542 37.9372
14.8469 37.9442
14.8414 37.9525
14.8378 37.9558
14.8328 37.9578
14.815 37.96
14.8108 37.9628
14.81 37.9678
14.8106 37.9742
14.8069 37.9775
14.7953 37.9792
14.7822 37.9781
14.7767 37.9794
14.7725 37.9819
14.7686 37.9997
14.7647 38.01
14.7614 38.0136
14.7428 38.0122
14.735 38.0183
14.7242 38.0355
14.7197 38.0456
14.7058 38.0961
14.6969 38.1156
14.6883 38.1281
14.6839 38.1378
14.6828 38.1497
14.6856 38.1747
14.6875 38.1797
14.69 38.1842
14.6933 38.1878
14.6953 38.1928
14.6951 38.1969
14.695 38.1997
14.6928 38.2047
14.6903 38.2167
14.6908 38.223
14.6897 38.2364
14.685 38.2533
14.6794 38.2617
14.6758 38.265
14.6647 38.2675
14.6381 38.2672
14.6264 38.2689
14.6214 38.2711
14.6172 38.2736
14.6086 38.2861
14.6042 38.2958
14.5978 38.3036
14.5942 38.3069
14.5817 38.315
14.5761 38.3161
14.5664 38.32
14.5333 38.3275
14.5228 38.3314
14.5186 38.3342
14.5117 38.3408
14.5058 38.3492
14.4947 38.3736
14.4933 38.3792
14.4875 38.3875
14.4742 38.3947
14.4705 38.3983
14.4694 38.4117
14.4672 38.4167
14.4636 38.42
14.4594 38.4225
14.4256 38.4364
14.4219 38.4397
14.4192 38.4439
14.4175 38.4494
14.4164 38.4628
14.4183 38.468
14.4236 38.4767
14.4247 38.4822
14.423 38.4886
14.4164 38.5019
14.415 38.5075
14.4153 38.5139
14.4214 38.5219
14.4236 38.5333
14.425 38.5525
14.4281 38.5703
14.4336 38.5853
14.4389 38.5939
14.4405 38.6061
14.4405 38.6267
14.4428 38.6381
14.4481 38.6467
14.4514 38.6503
14.4611 38.6683
14.463 38.6733
14.4708 38.6864
14.4725 38.6986
14.4722 38.7056
14.4622 38.7314
14.4608 38.7372
14.4611 38.7436
14.4644 38.7472
14.4675 38.7578
14.4692 38.7756
14.4694 38.7831
14.4697 38.7956
14.4803 38.8058
14.4833 38.8236
14.4858 38.828
14.49 38.8308
14.4931 38.8344
14.495 38.8397
14.4956 38.8461
14.4942 38.8664
14.4944 38.8728
14.5008 38.8931
14.5027 38.8959
14.5092 38.9053
14.5125 38.9089
14.5167 38.9119
14.5261 38.9164
14.53 38.9194
14.5347 38.9217
14.5372 38.9261
14.5425 38.9553
14.5461 38.9655
14.5661 38.988
14.57 38.9911
14.5767 38.9983
14.58 39.0022
14.5819 39.0072
14.5853 39.0108
14.5892 39.0139
14.5994 39.0178
14.6297 39.0144
14.6364 39.0147
14.6478 39.0173
14.652 39.0203
14.6552 39.024
14.6552 39.0298
14.6481 39.0364
14.6453 39.0406
14.6436 39.0461
14.6447 39.0561
14.6467 39.0611
14.6478 39.0669
14.6469 39.0867
14.6403 39.1014
14.6317 39.1139
14.6294 39.1187
14.6178 39.1353
14.6 39.1522
14.5761 39.1697
14.5728 39.1733
14.5558 39.1839
14.5508 39.1858
14.5467 39.1886
14.5419 39.1906
14.5364 39.1917
14.5122 39.1944
14.5033 39.1989
14.4961 39.2058
14.4855 39.2097
14.4683 39.2125
14.455 39.2206
14.4343 39.227
14.4333 39.2325
14.4364 39.2433
14.4392 39.2475
14.4464 39.255
14.4511 39.2572
14.4619 39.2606
14.4694 39.2621
14.474 39.2633
14.4775 39.2661
14.4808 39.2697
14.4861 39.2783
14.4936 39.2972
14.4947 39.3028
14.4942 39.3169
14.4925 39.3297
14.4831 39.3633
14.4828 39.3703
14.485 39.3817
14.4908 39.3969
14.4953 39.4061
14.5008 39.4214
14.5019 39.4269
14.5052 39.4341
14.508 39.4472
14.508 39.4528
14.5064 39.4583
14.5061 39.4655
14.5078 39.4775
14.5103 39.4819
14.5136 39.4855
14.5336 39.5005
14.5356 39.5056
14.5372 39.5175
14.5397 39.5219
14.543 39.5256
14.5483 39.5272
14.5553 39.5275
14.5655 39.5314
14.5694 39.5344
14.5747 39.543
14.5744 39.5503
14.5728 39.5558
14.5583 39.5767
14.5483 39.5875
14.5389 39.6
14.5319 39.6067
14.5233 39.6119
14.5186 39.6139
14.5103 39.6139
14.5092 39.6269
14.51 39.6397
14.5089 39.6533
14.5 39.6728
14.4961 39.6833
14.4944 39.6889
14.4928 39.7014
14.4931 39.7055
14.4942 39.7206
14.4972 39.7314
14.5028 39.7464
14.5125 39.7647
14.5147 39.7761
14.5136 39.7894
14.5119 39.7932
14.5092 39.7992
14.5061 39.8033
14.5019 39.8061
14.4911 39.8161
14.4889 39.8211
14.4889 39.8267
14.4908 39.8303
14.4911 39.8367
14.4889 39.8417
14.4797 39.8533
14.4753 39.8558
14.4469 39.883
14.4393 39.8904
14.439 39.8927
14.4347 39.8989
14.4303 39.9086
14.4278 39.9206
14.4274 39.9291
14.4272 39.9347
14.4283 39.9406
14.4319 39.9506
14.4347 39.955
14.4478 39.9697
14.4519 39.9725
14.4608 39.9842
14.4651 39.9913
14.4606 40.0133
14.4589 40.0189
14.4553 40.0442
14.455 40.0514
14.4558 40.0642
14.4583 40.0756
14.46 40.0806
14.4678 40.0936
14.47 40.105
14.4705 40.1114
14.47 40.1255
14.4692 40.1283
14.4655 40.1517
14.4647 40.1567
14.4435 40.2281
14.4247 40.2711
14.4108 40.2925
14.4058 40.3014
14.405 40.305
14.4008 40.3075
14.3969 40.3111
14.3878 40.3228
14.3592 40.3497
14.3564 40.3539
14.3319 40.3783
14.3292 40.3825
14.3186 40.3928
14.3061 40.4086
14.2856 40.4294
14.2797 40.4378
14.2775 40.4428
14.2744 40.4469
14.2711 40.4581
14.2667 40.4613
14.2614 40.4689
14.2522 40.4883
14.2478 40.5022
14.2386 40.5217
14.2328 40.53
14.2233 40.5486
14.2203 40.5528
14.2147 40.5689
14.208 40.5836
14.2053 40.5875
14.203 40.5925
14.1958 40.6142
14.195 40.6205
14.1903 40.6372
14.1883 40.65
14.1876 40.6588
14.1872 40.6633
14.1825 40.6936
14.1728 40.7489
14.164 40.7786
14.158 40.7917
14.1564 40.7972
14.1542 40.8019
14.1453 40.8144
14.1358 40.8234
14.1269 40.8306
14.1142 40.8386
14.1072 40.8453
14.1042 40.8494
14.0969 40.8561
14.0914 40.8644
14.0878 40.8678
14.0761 40.8842
14.0658 40.8953
14.0567 40.9067
14.0522 40.9094
14.0322 40.9292
14.0281 40.9317
14.0211 40.9386
14.0047 40.9497
13.9975 40.9567
13.9933 40.9592
13.9897 40.9625
13.9869 40.9667
13.9692 40.9836
13.9661 40.9878
13.9447 41.008
13.9405 41.0106
13.9333 41.0175
13.9292 41.02
13.9 41.0472
13.8914 41.0525
13.8844 41.0592
13.88 41.0617
13.8728 41.0686
13.8603 41.0772
13.8272 41.0978
13.8186 41.1031
13.8139 41.1047
13.7969 41.1156
13.7878 41.12
13.7794 41.1253
13.7744 41.1272
13.7661 41.1325
13.7464 41.14
13.7 41.1692
13.6903 41.173
13.6817 41.1783
13.6719 41.1819
13.6592 41.19
13.6544 41.1919
13.6508 41.1953
13.6381 41.203
13.6197 41.2122
13.6167 41.2148
13.605 41.225
13.5983 41.2325
13.5925 41.2406
13.5822 41.2586
13.5719 41.2736
13.5697 41.2786
13.5611 41.2908
13.5536 41.3047
13.5425 41.3225
13.5336 41.3419
13.5253 41.355
13.5178 41.3689
13.4822 41.4172
13.4722 41.4281
13.4606 41.4444
13.458 41.4494
13.4553 41.4522
13.4378 41.4767
13.4253 41.4994
13.4139 41.5236
13.4108 41.5278
13.4086 41.5325
13.3978 41.5497
13.3889 41.5619
13.3867 41.5669
13.3719 41.5875
13.3675 41.5942
13.3653 41.5992
13.3536 41.6156
13.35 41.6189
13.3472 41.6231
13.34 41.6297
13.3306 41.6414
13.3233 41.648
13.3205 41.6522
13.2975 41.6781
13.2364 41.7569
13.2119 41.7814
13.2033 41.7867
13.1878 41.7986
13.1622 41.8142
13.1533 41.8189
13.1433 41.8225
13.1258 41.8322
13.1208 41.8342
13.1083 41.8422
13.1033 41.8439
13.0985 41.8439
13.0992 41.8467
13.0955 41.85
13.0786 41.8605
13.0694 41.865
13.0589 41.868
13.0492 41.8719
13.0436 41.8731
13.0394 41.8755
13.0339 41.8767
13.0192 41.8825
12.9961 41.8933
12.9919 41.8961
12.9869 41.8978
12.9828 41.9006
12.9533 41.9125
12.9492 41.9153
12.9442 41.9169
12.9358 41.9222
12.9308 41.9242
12.9225 41.9294
12.9189 41.9328
12.8892 41.9511
12.8814 41.9572
12.8669 41.9706
12.8597 41.9781
12.8539 41.9861
12.8464 42
12.8425 42.0103
12.8386 42.0242
12.8361 42.0289
12.833 42.0403
12.8308 42.045
12.8275 42.0561
12.8231 42.0658
12.8197 42.0769
12.8119 42.0978
12.805 42.1122
12.8022 42.1161
12.7975 42.1258
12.7889 42.1381
12.7867 42.1431
12.7828 42.1469
12.7742 42.1592
12.7705 42.1628
12.7617 42.175
12.758 42.1783
12.7494 42.1906
12.7428 42.1981
12.7319 42.208
12.7297 42.2114
12.7219 42.2175
12.6967 42.2331
12.6778 42.2414
12.665 42.2492
12.6578 42.2558
12.6536 42.2586
12.6505 42.2628
12.6464 42.2653
12.6392 42.2719
12.4445 42.3784
12.4467 42.3803
12.4633 42.3939
12.4697 42.3997
12.4864 42.4153
12.5028 42.4308
12.5192 42.4464
12.5289 42.4558
