CIC_MPM_VERS = 1.0
COMMENT Generated by Spacebel CCSDS library
CREATION_DATE = 2017-02-24T16:24:59.310719
ORIGINATOR = SVG² Control

META_START

USER_DEFINED_PROTOCOL = NONE
USER_DEFINED_CONTENT = REGION OF INTEREST
USER_DEFINED_SIZE = 2
USER_DEFINED_TYPE = REAL
USER_DEFINED_UNIT = [deg]

META_STOP

-52.3395 -59.3639
-52.1005 -59.7142
-52.0775 -59.5861
-52.0089 -59.6367
-52.0161 -59.5592
-51.9856 -59.5881
-51.9697 -59.5211
-51.9417 -59.6039
-51.9217 -59.5961
-51.9358 -59.4892
-51.9086 -59.4889
-51.8797 -59.5217
-51.6903 -59.0811
-51.6931 -59.0522
-51.8178 -59.0431
-51.7989 -58.985
-51.6528 -58.985
-51.5942 -59.1603
-51.5756 -59.1728
-51.5017 -59.1089
-51.5842 -59.0439
-51.5692 -59.0092
-51.5206 -59.0475
-51.5083 -58.9858
-51.4669 -59.1208
-51.4142 -59.0997
-51.3795 -58.8753
-51.3592 -58.8658
-51.2586 -58.9486
-51.347 -58.6222
-51.3094 -58.5797
-51.3067 -58.4714
-51.3642 -58.3478
-51.4203 -58.3203
-51.452 -58.4208
-51.395 -58.485
-51.4336 -58.5503
-51.4472 -58.5022
-51.5011 -58.5178
-51.4778 -58.4311
-51.5614 -58.375
-51.5642 -58.2872
-51.6328 -58.2594
-51.6544 -58.227
-51.6006 -58.2472
-51.6072 -58.1686
-51.4819 -58.292
-51.5136 -58.3417
-51.4975 -58.3567
-51.4061 -58.2653
-51.3714 -57.9428
-51.4017 -57.8739
-51.4747 -57.8258
-51.5322 -57.7642
-51.5492 -57.7911
-51.5231 -58.0794
-51.5475 -58.1433
-51.5883 -58.0475
-51.6125 -57.7936
-51.635 -57.7642
-51.6778 -57.8997
-51.6922 -57.7314
-51.7622 -58.1014
-51.7881 -58.1428
-51.8125 -58.1892
-51.8619 -58.3031
-51.8994 -58.5956
-51.8514 -58.8681
-51.8006 -58.9306
-51.8206 -58.9664
-51.8531 -58.9753
-51.9606 -58.7872
-51.9625 -58.6389
-52.0014 -58.6039
-52.032 -58.6686
-52.1114 -58.6347
-52.1161 -58.6789
-52.0486 -58.7325
-52.0414 -58.8478
-52.0931 -58.8997
-52.1003 -58.9306
-52.0322 -58.9969
-51.9911 -59.2436
-52.0075 -59.2958
-52.0272 -59.2933
-52.0281 -59.195
-52.1006 -59.0786
-52.1386 -59.1542
-52.1542 -59.1375
-52.1378 -59.0372
-52.1767 -59.0958
-52.2094 -59.0484
-52.2314 -59.0672
-52.1575 -59.2925
-52.1164 -59.3847
-52.1453 -59.4528
-52.215 -59.4303
-52.25 -59.3433
-52.3333 -59.3297
-52.3395 -59.3639
180.0 180.0
-54.8897 -36.0875
-54.7539 -36.2875
-54.6536 -36.3428
-54.5714 -36.4825
-54.5336 -36.465
-54.4956 -36.5272
-54.5164 -36.6161
-54.4497 -36.8092
-54.3931 -36.8361
-54.365 -36.9036
-54.3458 -36.8639
-54.3364 -37.0353
-54.2525 -37.19
-54.2697 -37.4042
-54.2439 -37.3922
-54.2336 -37.3211
-54.1917 -37.4072
-54.1517 -37.2444
-54.1292 -37.485
-54.1425 -37.5678
-54.1625 -37.5295
-54.1817 -37.6553
-54.1431 -37.7178
-54.1042 -37.6584
-54.0922 -37.7181
-54.0483 -37.617
-54.0314 -37.8342
-54.0592 -38.0183
-54.0097 -38.0289
-54.0033 -37.5836
-54.0308 -37.4406
-54.0603 -37.4231
-54.0497 -37.2811
-54.0533 -37.1747
-54.0492 -37.1164
-54.1136 -37.1472
-54.0514 -36.9892
-54.0803 -36.9803
-54.1108 -37.0328
-54.1225 -37.0195
-54.0856 -36.8167
-54.1445 -36.8161
-54.0989 -36.735
-54.1186 -36.6261
-54.1486 -36.6361
-54.1694 -36.7086
-54.1831 -36.7086
-54.1903 -36.562
-54.277 -36.6764
-54.275 -36.4981
-54.3503 -36.497
-54.3081 -36.4306
-54.3617 -36.3461
-54.2469 -36.3978
-54.2867 -36.2572
-54.3769 -36.2553
-54.3722 -36.1664
-54.4447 -36.1603
-54.4983 -36.0078
-54.5422 -36.0956
-54.5708 -36.0689
-54.5494 -35.8933
-54.6958 -35.9378
-54.7656 -35.7828
-54.8133 -35.9097
-54.7636 -36.0997
-54.8306 -35.99
-54.8606 -35.9561
-54.8897 -36.0875
180.0 180.0
-52.2403 -60.5897
-52.2336 -60.65
-52.1156 -60.6908
-52.1081 -60.8183
-52.1672 -60.7211
-52.1775 -60.7758
-52.0238 -61.0308
-52.0306 -60.89
-52.0347 -60.8195
-52.0147 -60.7472
-51.9603 -60.8467
-51.9786 -60.562
-51.9708 -60.46
-51.9289 -60.4064
-51.9075 -60.4083
-51.9456 -60.52
-51.9272 -60.6039
-51.9225 -60.4956
-51.8481 -60.4442
-51.7975 -60.4522
-51.7664 -60.3881
-51.8609 -60.3456
-51.7547 -60.3014
-51.7878 -60.2228
-51.715 -60.1783
-51.707 -60.3458
-51.7522 -60.4158
-51.8003 -60.5422
-51.7178 -60.6425
-51.6736 -60.6353
-51.7028 -60.4686
-51.6517 -60.227
-51.6975 -60.0781
-51.6647 -60.1375
-51.532 -60.4906
-51.5028 -60.5131
-51.4833 -60.5011
-51.4953 -60.3919
-51.4581 -60.4178
-51.417 -60.6139
-51.3606 -60.645
-51.3839 -60.4917
-51.4917 -60.1483
-51.4678 -59.985
-51.4431 -60.0936
-51.3825 -60.0272
-51.4492 -59.7511
-51.3919 -59.495
-51.4384 -59.5628
-51.4642 -59.5278
-51.4372 -59.4003
-51.4225 -59.3978
-51.3636 -59.4483
-51.3364 -59.4031
-51.4058 -59.2128
-51.4192 -59.2814
-51.4464 -59.2564
-51.5 -59.3164
-51.4983 -59.3722
-51.5947 -59.3895
-51.6233 -59.4322
-51.6214 -59.5239
-51.9503 -59.8681
-51.9939 -59.9828
-51.9403 -60.0603
-51.9989 -60.0786
-51.9728 -60.2008
-52.0053 -60.2869
-52.0745 -60.2639
-52.1592 -60.3681
-52.1128 -60.5506
-52.1864 -60.4969
-52.2403 -60.5897
180.0 180.0
9.13038e-315 8.71038e-321
