CIC_MPM_VERS = 1.0
COMMENT Generated by Spacebel CCSDS library
CREATION_DATE = 2017-02-24T16:24:59.511719
ORIGINATOR = SVG² Control

META_START

USER_DEFINED_PROTOCOL = NONE
USER_DEFINED_CONTENT = REGION OF INTEREST
USER_DEFINED_SIZE = 2
USER_DEFINED_TYPE = REAL
USER_DEFINED_UNIT = [deg]

META_STOP

-19.1614 178.061
-19.1433 177.96
-19.1056 177.968
-19.0483 178.164
-19 178.171
-18.9294 178.377
-18.9697 178.49
-19.0303 178.469
-19.0292 178.334
-18.9992 178.303
-19.0706 178.173
-19.1428 178.198
-19.1603 178.167
-19.1292 178.13
-19.1614 178.061
180.0 180.0
-18.2639 178
-18.222 177.747
-18.0808 177.303
-17.8797 177.256
-17.8306 177.369
-17.7522 177.364
-17.7642 177.425
-17.6908 177.424
-17.6575 177.386
-17.5558 177.467
-17.4361 177.644
-17.3875 177.807
-17.4267 177.829
-17.4011 177.927
-17.4092 177.959
-17.3011 178.193
-17.3697 178.274
-17.4031 178.281
-17.4772 178.246
-17.4317 178.297
-17.475 178.372
-17.5542 178.441
-17.6358 178.591
-17.6825 178.599
-17.7547 178.565
-17.8883 178.619
-17.8992 178.586
-18.0122 178.669
-18.0472 178.697
-18.1381 178.586
-18.0922 178.532
-18.1536 178.462
-18.1161 178.349
-18.2619 178.049
-18.2639 178
180.0 180.0
-17.0053 178.762
-17.0025 178.7
-16.7861 178.6
-16.8161 178.518
-16.7817 178.479
-16.7067 178.528
-16.7017 178.566
-16.6528 178.588
-16.667 178.548
-16.6342 178.534
-16.6422 178.634
-16.675 178.702
-16.5992 178.777
-16.5947 178.819
-16.4697 178.982
-16.3931 179.347
-16.4131 179.4
-16.3183 179.431
-16.2439 179.614
-16.1833 179.766
-16.2306 179.773
-16.1527 179.99
-16.3567 179.813
-16.5228 179.632
-16.5958 179.574
-16.7544 179.48
-16.7636 179.56
-16.4645 179.942
-16.56 179.919
-16.667 179.847
-16.6708 179.887
-16.7419 179.952
-16.7733 179.87
-16.7233 179.801
-16.7483 179.643
-16.8061 179.58
-16.8136 179.295
-16.7395 179.356
-16.6914 179.272
-16.7508 179.131
-16.7953 179.12
-16.8006 179.053
-16.8953 179.016
-16.9064 178.959
-16.8606 178.888
-16.9081 178.81
-17.0053 178.762
180.0 180.0
9.13038e-315 8.70544e-321
