CIC_MPM_VERS = 1.0
COMMENT Generated by Spacebel CCSDS library
CREATION_DATE = 2017-02-24T16:24:59.516718
ORIGINATOR = SVG² Control

META_START

USER_DEFINED_PROTOCOL = NONE
USER_DEFINED_CONTENT = REGION OF INTEREST
USER_DEFINED_SIZE = 2
USER_DEFINED_TYPE = REAL
USER_DEFINED_UNIT = [deg]

META_STOP

60.0722 19.7614
60.2566 19.6483
60.2639 19.6853
60.2997 19.7864
60.1914 19.7925
60.1939 19.8211
60.2828 19.9353
60.3397 19.8986
60.3125 19.8508
60.3492 19.78
60.4 19.9058
60.35 19.9275
60.3305 20.1414
60.2742 20.2775
60.1639 20.1717
60.1742 20.0856
60.2214 20.1058
60.2278 20.0892
60.1889 20.055
60.2983 20.0372
60.2633 20.0211
60.2686 19.9722
60.1814 20.0164
60.2205 19.9217
60.1808 19.9458
60.1719 20.0442
60.0897 20.0508
60.0894 19.9578
60.0722 19.7614
180.0 180.0
59.9969 22.4728
60.1083 22.4242
60.1316 22.5978
60.1439 22.4217
60.2133 22.4436
60.1847 22.4517
60.225 22.8155
60.2878 22.9536
60.1381 22.8356
60.0964 22.8392
60.003 22.7361
60.0044 22.5769
59.9969 22.4728
180.0 180.0
70.0694 28.0152
69.9386 28.0942
69.8275 28.3797
69.708 29.0989
69.4952 29.2947
69.4636 29.2855
69.238 28.8269
69.1497 28.7817
69.1191 28.7869
69.0519 28.9648
68.9183 28.4569
68.8864 28.4322
68.8758 28.7378
68.8214 28.8058
68.7519 28.7592
68.5347 28.4586
68.1933 28.6967
68.0825 29.3569
67.8152 29.6917
67.6947 30.0286
67.6152 29.9864
67.5725 29.9778
67.5139 29.9328
67.2091 29.4061
67.0136 29.1342
66.97 29.0878
66.88 29.075
66.7991 29.1594
66.6825 29.3503
66.6248 29.3871
66.4955 29.5483
66.3458 29.6183
66.0497 29.9483
65.7191 30.1342
65.665 30.1239
65.6911 30.0244
65.6422 29.7289
65.6211 29.7458
65.5761 29.8553
65.5541 29.8456
65.5144 29.7461
65.3477 29.7494
65.2597 29.5989
65.2352 29.6094
65.22 29.8431
65.1755 29.8586
65.1489 29.8233
65.1258 29.8744
65.0683 29.6372
65.0072 29.6064
64.9139 29.645
64.7972 29.7942
64.7916 30.0878
64.753 30.1303
64.7216 30.1314
64.6727 30.2092
64.6316 30.1789
64.5858 29.9808
64.5178 30.0028
64.483 30.0872
64.4055 30.0517
64.3541 30.1561
64.3197 30.3594
64.2444 30.5608
64.2003 30.5581
64.1561 30.5594
64.0866 30.6144
64.0469 30.5953
63.8178 30.2558
63.7528 30.0047
63.718 30.0275
63.4786 30.4817
63.3575 30.9042
63.3097 30.9625
63.2341 31.1961
63.1917 31.2505
63.1178 31.275
62.9138 31.5873
62.7589 31.43
62.5128 31.2647
62.1075 30.5458
61.8571 30.153
61.785 30.0398
61.6575 29.8397
61.5653 29.7344
61.1772 29.0025
61.0417 28.7122
60.9661 28.6389
60.9055 28.428
60.5476 27.7948
60.5739 27.7747
60.5517 27.735
60.5005 27.7517
60.488 27.6486
60.5175 27.6833
60.5061 27.6067
60.4666 27.6261
60.5069 27.4872
60.4764 27.473
60.4614 27.4464
60.5547 27.2144
60.5216 27.1458
60.5417 27.0403
60.4453 26.9675
60.4841 26.7947
60.4136 26.6997
60.4503 26.5761
60.4403 26.5144
60.4745 26.48
60.598 26.595
60.5717 26.7539
60.6408 26.6953
60.6403 26.6155
60.5075 26.4619
60.4369 26.4822
60.3728 26.3464
60.41 26.1883
60.4239 26.0611
60.4831 25.9369
60.4666 25.9408
60.4158 26.0467
60.3919 26.0033
60.3303 26.1117
60.295 26.083
60.3447 25.9961
60.4011 25.8381
60.3558 25.9153
60.2855 25.9022
60.2486 25.9286
60.2416 25.8875
60.3116 25.7636
60.2722 25.7803
60.238 25.7839
60.2917 25.6536
60.3389 25.705
60.3628 25.6725
60.3239 25.5269
60.2556 25.5189
60.24 25.3783
60.2422 25.2044
60.1864 25.1953
60.145 25.0311
60.1719 25.0164
60.2014 25.0244
60.2003 24.9825
60.1414 24.965
60.1367 24.8508
60.1544 24.8578
60.1922 24.8428
60.1006 24.6714
60.1544 24.5539
60.1289 24.5875
60.1175 24.6025
59.9914 24.4822
59.9911 24.4133
60.0453 24.4606
59.9925 24.3233
60.0258 24.345
60.0681 24.3667
60.043 24.1611
60.0042 24.015
60.0375 24.015
59.9544 23.7019
59.9506 23.4344
60.0072 23.4794
60.0672 23.5461
60.0275 23.4578
59.9278 23.3469
59.8842 23.2139
59.8436 23.253
59.805 22.9097
59.8405 22.9347
59.8861 23.1656
59.9172 23.1592
59.9194 23.2572
60.02 23.3383
60.025 23.3194
59.925 23.225
59.9333 23.1506
59.9683 23.1078
60.0033 23.2247
60.0386 23.25
60.0361 23.0494
60.0919 22.9722
60.1508 22.8794
60.3319 23.0622
60.3533 23.0558
60.2203 22.6422
60.23 22.5903
60.2444 22.4472
60.3811 22.6314
60.3656 22.5669
60.4003 22.4767
60.3714 22.2853
60.4314 22.1758
60.4422 22.0317
60.5214 21.9375
60.5183 21.8375
60.4728 21.8742
60.4817 21.7836
60.5669 21.8
60.5872 21.845
60.6228 21.8319
60.5433 21.6703
60.4886 21.6286
60.4847 21.5594
60.5161 21.5833
60.5822 21.4108
60.6058 21.4658
60.6369 21.3953
60.6836 21.355
60.6969 21.4417
60.7461 21.3894
60.863 21.3197
60.8639 21.4233
60.9061 21.4242
61.0573 21.2967
61.0597 21.4828
61.1391 21.4347
61.2039 21.5594
61.2478 21.4775
61.2764 21.5444
61.3744 21.5272
61.4017 21.4453
61.4053 21.5317
61.4272 21.56
61.4839 21.4239
61.4772 21.5867
61.4925 21.5858
61.5394 21.4869
61.5739 21.4933
61.5205 21.7164
61.5875 21.6105
61.6753 21.5431
61.7347 21.4939
61.9347 21.3786
61.9333 21.3092
62 21.2483
62.2036 21.39
62.3522 21.3278
62.3361 21.2775
62.4061 21.2692
62.3333 21.1922
62.3919 21.1875
62.4061 21.125
62.5475 21.1253
62.5903 21.2069
62.5964 21.0642
62.6719 21.0805
62.6844 21.1258
62.7305 21.1286
62.7744 21.1125
62.785 21.185
62.8686 21.24
62.8591 21.3708
62.9494 21.4625
63.0425 21.4392
63.0661 21.5197
63.0186 21.62
63.0297 21.6828
63.055 21.628
63.1872 21.4958
63.21 21.4978
63.2319 21.5428
63.1919 21.6472
63.2233 21.7031
63.2533 21.8908
63.1753 21.8817
63.1405 21.9825
63.1791 21.9592
63.2406 22.0456
63.2219 22.1656
63.2953 22.28
63.2692 22.3181
63.2861 22.3475
63.345 22.3544
63.4214 22.1981
63.4655 22.1978
63.4164 22.4008
63.5008 22.2644
63.5242 22.2839
63.5183 22.3378
63.4522 22.4081
63.5708 22.493
63.6239 22.5028
63.6633 22.5925
63.7058 22.5869
63.6978 22.6805
63.6178 22.7408
63.6414 22.8244
63.7558 22.9314
63.7725 22.9092
63.8011 22.9233
63.7569 23.0042
63.8086 22.9911
63.8389 23.0431
63.8864 23.2439
63.9216 23.4167
63.9969 23.3675
64.05 23.3958
64.0241 23.61
64.0475 23.6242
64.0991 23.5675
64.1166 23.6372
64.2241 23.8314
64.2605 23.8564
64.2461 23.9456
64.3858 23.9994
64.4508 24.2092
64.7683 24.5606
64.7847 24.675
64.8291 24.6808
64.9094 25.1128
64.8136 25.2608
64.8319 25.3642
64.9066 25.3608
64.9039 25.303
64.9661 25.1883
64.9892 25.2186
64.9441 25.4208
64.9605 25.4486
65.0386 25.4083
65.1247 25.2131
65.2375 25.2997
65.3144 25.3189
65.3772 25.2664
65.4108 25.3553
65.4844 25.3422
65.6225 25.0044
65.6333 24.6706
65.7325 24.5547
65.7869 24.5564
65.8816 24.6481
65.7911 24.5172
65.8164 24.2367
65.7761 24.2472
65.775 24.2144
65.8128 24.1671
66.0527 24.005
66.205 23.7192
66.4069 23.6578
66.4605 23.6589
66.57 23.8875
66.7547 23.9
66.8005 24.0078
66.8841 23.9358
67.0128 23.7258
67.1677 23.5739
67.2072 23.6114
67.2239 23.5844
67.2633 23.6144
67.2847 23.7417
67.3264 23.7819
67.4202 23.7619
67.4533 23.5492
67.4364 23.5005
67.4655 23.4311
67.4986 23.4389
67.5875 23.5536
67.775 23.4772
67.8758 23.4925
67.93 23.6656
67.9508 23.6569
67.978 23.5422
68.1422 23.2944
68.1275 23.1478
68.1788 23.1594
68.2419 23.1197
68.4208 22.6739
68.4791 22.0506
68.57 21.8972
68.5769 21.7575
68.6308 21.6686
68.8197 21.2078
68.8936 20.8953
68.9268 20.8914
68.9464 20.9311
69.005 20.8667
69.0631 20.5861
69.0964 20.7383
69.0391 21.0675
69.108 21.1131
69.1264 21.0661
69.1825 21.0397
69.2286 21.055
69.3261 21.3208
69.2847 21.6819
68.8425 22.3486
68.7111 22.3983
68.6955 23.0639
68.6286 23.2042
68.7153 23.7036
68.8325 23.8564
68.8239 24.0447
68.78 24.1314
68.6764 24.6903
68.6408 24.7978
68.5586 24.8814
68.5619 24.9183
68.5939 24.9356
68.6291 25.0958
68.7858 25.1667
68.8805 25.3847
68.8813 25.6122
69.0114 25.8092
69.2066 25.7086
69.3361 25.7511
69.3783 25.8305
69.5469 25.8531
69.5664 25.9344
69.6302 25.9758
69.6675 25.9422
69.7066 25.9889
69.85 26.3697
69.9319 26.4606
69.9519 26.8078
69.9083 27.0386
69.9505 27.2925
70.0028 27.3772
70.0794 27.8067
70.0694 28.0152
180.0 180.0
9.13038e-315 8.7005e-321
