CIC_MPM_VERS = 1.0
COMMENT Generated by Spacebel CCSDS library
CREATION_DATE = 2017-02-24T16:24:59.618718
ORIGINATOR = SVG² Control

META_START

USER_DEFINED_PROTOCOL = NONE
USER_DEFINED_CONTENT = REGION OF INTEREST
USER_DEFINED_SIZE = 2
USER_DEFINED_TYPE = REAL
USER_DEFINED_UNIT = [deg]

META_STOP

41.3664 9.21917
41.3928 9.0975
41.4747 9.08055
41.5066 8.88222
41.5889 8.78
41.6325 8.79472
41.6764 8.91389
41.698 8.87889
41.7517 8.68027
41.7769 8.72472
41.8944 8.80222
41.9317 8.75416
41.8978 8.61472
41.9661 8.58944
41.978 8.65861
42.0408 8.72639
42.1094 8.69666
42.1489 8.56194
42.2142 8.57278
42.255 8.64111
42.2703 8.68806
42.35 8.61222
42.3767 8.55583
42.4619 8.67222
42.5078 8.66333
42.6364 8.9375
42.6586 9.05305
42.7108 9.08389
42.7308 9.21055
42.6733 9.29083
42.7341 9.34111
42.895 9.32083
42.9589 9.34639
43.0008 9.34472
43.0058 9.43028
42.9272 9.46583
42.8144 9.48944
42.6036 9.46
42.5664 9.50286
42.6008 9.49722
42.43 9.54305
42.0655 9.50805
41.9067 9.40694
41.6189 9.34889
41.6078 9.28278
41.5939 9.35528
41.4119 9.25083
41.3664 9.21917
180.0 180.0
50.697 2.90128
50.7739 3.03528
50.7933 3.11305
50.7414 3.19333
50.5942 3.28139
50.5383 3.28
50.4955 3.36722
50.4972 3.60222
50.4441 3.66889
50.3464 3.67194
50.3136 3.72528
50.3519 3.76361
50.3144 4.09083
50.2653 4.21611
50.1378 4.13778
50.0811 4.22639
49.9864 4.15
49.9814 4.16833
49.9386 4.45833
49.9964 4.67361
50.1294 4.7575
50.155 4.87639
50.0794 4.85194
49.9778 4.80083
49.9147 4.88111
49.7964 4.85805
49.7686 5.09778
49.6905 5.21694
49.6986 5.27611
49.66 5.32972
49.6308 5.30722
49.6091 5.42333
49.5061 5.47305
49.5352 5.70521
49.5273 5.78304
49.4883 5.96333
49.4483 5.98139
49.5047 6.16528
49.46 6.36222
49.4472 6.49389
49.363 6.59472
49.3203 6.58972
49.1625 6.78722
49.155 6.83889
49.2153 6.8475
49.1889 7.02667
49.1183 7.03833
49.1253 7.08833
49.1478 7.36139
49.1719 7.37528
49.1642 7.48694
49.0889 7.54
49.0417 7.74111
49.0489 7.93861
48.9689 8.19222
48.9637 8.22739
48.8855 8.13333
48.69 7.92151
48.5925 7.80194
48.5133 7.8075
48.4916 7.77167
48.3367 7.75083
48.1569 7.605
48.0372 7.57167
48.0028 7.61583
47.6869 7.51333
47.5846 7.5888
47.5258 7.52139
47.47 7.45278
47.4397 7.39561
47.4458 7.17833
47.4953 7.19805
47.4972 6.99055
47.455 7.00778
47.4441 6.97833
47.3569 6.88111
47.3717 7.02306
47.3455 7.06167
47.3053 7.01083
47.2919 6.94833
47.0683 6.69444
47.0386 6.70278
46.9878 6.58722
46.9269 6.43472
46.7744 6.45278
46.7045 6.32502
46.5933 6.13
46.4608 6.07805
46.4019 6.12444
46.2578 6.11444
46.2505 6.06083
46.2053 5.96611
46.1742 6
46.1403 5.96583
46.1536 6.15222
46.2525 6.30555
46.2978 6.24222
46.3224 6.24393
46.3578 6.24639
46.4069 6.32833
46.4641 6.63361
46.4325 6.79611
46.4111 6.80889
46.4055 6.80494
46.3525 6.7675
46.2714 6.84444
46.2178 6.79528
46.1422 6.78805
46.1261 6.88444
46.0519 6.87139
46.0653 6.92917
45.9317 7.03875
45.8314 6.80889
45.7808 6.79917
45.715 6.82417
45.64 6.99083
45.5183 6.99944
45.4117 7.18139
45.3555 7.13305
45.3019 7.12278
45.1361 6.85028
45.1683 6.76083
45.1107 6.62017
45.0203 6.74667
44.9478 6.74333
44.8486 7.01
44.6892 7.06889
44.6992 7.00083
44.6647 6.95083
44.6289 6.96028
44.5408 6.85278
44.5078 6.85722
44.443 6.935
44.4158 6.88611
44.3233 6.93583
44.1567 7.27944
44.1828 7.67278
44.0722 7.70417
43.8694 7.49222
43.7835 7.53476
43.7587 7.45739
43.7578 7.4407
43.7603 7.4383
43.7631 7.4358
43.7661 7.4342
43.7692 7.4325
43.7714 7.4294
43.7731 7.4247
43.7725 7.42
43.7706 7.4161
43.7683 7.4128
43.7658 7.4097
43.7636 7.4064
43.7614 7.4031
43.7586 7.4003
43.7561 7.3972
43.7539 7.3939
43.7514 7.3906
43.7486 7.3878
43.7456 7.3864
43.7419 7.3864
43.7389 7.3883
43.7358 7.39
43.7322 7.3908
43.728 7.39119
43.7218 7.34954
43.7205 7.34583
43.6631 7.15861
43.5642 7.13389
43.5583 7.00528
43.4272 6.85444
43.4347 6.74805
43.3155 6.66972
43.2922 6.58944
43.2244 6.68139
43.1694 6.615
43.1975 6.59389
43.1497 6.37528
43.0928 6.36805
43.13 6.20194
43.1156 6.16667
43.0564 6.18111
43.0525 6.08861
43.0756 6.12694
43.098 6.1175
43.1336 5.93472
43.1 5.91111
43.0575 5.86222
43.0825 5.78111
43.1391 5.78055
43.2208 5.43194
43.2219 5.36361
43.3353 5.36167
43.3666 5.32222
43.3408 5.06361
43.3736 5.01278
43.4008 5.01833
43.4642 5.23056
43.4961 5.22722
43.4769 5.16222
43.5567 5.03139
43.4967 5.01611
43.4655 5.06083
43.4305 5.06111
43.425 4.95778
43.4239 4.87611
43.3733 4.87361
43.4194 4.75694
43.4175 4.74167
43.38 4.81639
43.36 4.82167
43.3619 4.60694
43.38 4.57333
43.425 4.60167
43.4514 4.53784
43.4558 4.39944
43.4583 4.32111
43.5097 4.3125
43.4919 4.24722
43.4717 4.24055
43.4614 4.19528
43.4983 4.12472
43.5367 4.13306
43.5633 4.06222
43.4847 3.86055
43.2786 3.47139
43.2711 3.34111
43.0841 3.10222
43.1069 3.04333
43.0691 3.03028
43.0503 3.08528
42.9403 3.03778
42.8972 3.03694
42.8483 2.96389
42.8094 2.97528
42.798 3.01222
42.8786 3.0525
42.5539 3.04944
42.4376 3.17696
42.4333 3.15083
42.475 3.03833
42.4016 2.67833
42.3383 2.67111
42.3517 2.47667
42.4347 2.25417
42.3633 2.08694
42.3747 1.97667
42.4372 1.95306
42.4903 1.7875
42.4735 1.71097
42.5817 1.78167
42.6539 1.54111
42.5971 1.43525
42.6897 1.38361
42.8411 0.815833
42.8391 0.667778
42.748 0.668055
42.6892 0.676111
42.6953 0.4125
42.6758 0.291111
42.7175 0.261944
42.6941 -0.0575
42.7575 -0.123889
42.7858 -0.187778
42.8492 -0.306667
42.7964 -0.392222
42.8222 -0.500833
42.7908 -0.519167
42.8636 -0.656111
42.9655 -0.746944
42.9461 -0.818889
43.0717 -1.30056
43.1061 -1.28833
43.0317 -1.36028
43.0483 -1.44056
43.0911 -1.47278
43.1967 -1.38195
43.273 -1.40917
43.2564 -1.62
43.3094 -1.65583
43.3859 -1.81049
43.3994 -1.65222
43.5614 -1.49333
43.7589 -1.42445
44.2597 -1.29417
44.6258 -1.20861
44.6619 -1.19222
44.66 -1.05445
44.683 -1.03722
44.7636 -1.13444
44.7761 -1.16889
44.6308 -1.24889
44.6919 -1.25917
45.1236 -1.19472
45.5528 -1.09528
45.5714 -1.05833
45.5208 -1.05778
45.3672 -0.808333
45.2475 -0.735833
45.1306 -0.714722
45.0536 -0.661667
44.9867 -0.560556
45.0216 -0.589167
44.9989 -0.495
45.0308 -0.519445
45.0603 -0.62
45.1241 -0.668333
45.4003 -0.737778
45.5192 -0.85
45.7078 -1.24533
45.7881 -1.23083
45.8033 -1.14611
45.7153 -0.985278
45.84 -1.13806
45.9589 -1.07194
46.0066 -1.11139
46.0086 -1.05556
46.1003 -1.10389
46.1553 -1.15222
46.1553 -1.2025
46.2153 -1.19389
46.2586 -1.10583
46.3136 -1.11222
46.3191 -1.195
46.2733 -1.21444
46.3467 -1.40556
46.338 -1.44861
46.3958 -1.47222
46.4192 -1.51195
46.4519 -1.67389
46.4869 -1.79945
46.6886 -1.91417
46.8136 -2.10806
46.8872 -2.13389
47.02 -2.01105
47.0344 -1.98444
47.0972 -2.05167
47.1358 -2.23972
47.1653 -2.16361
47.265 -2.16556
47.2969 -2.025
47.2372 -1.81583
47.3175 -1.99889
47.31 -2.15945
47.2416 -2.27333
47.2914 -2.49583
47.2911 -2.4425
47.3225 -2.44861
47.3769 -2.55361
47.4053 -2.39611
47.4211 -2.43417
47.4814 -2.48889
47.5042 -2.36139
47.5261 -2.66222
47.5042 -2.73611
47.4916 -2.80972
47.5517 -2.91222
47.5647 -2.87722
47.5439 -2.73694
47.613 -2.68056
47.6205 -2.76861
47.6061 -2.88
47.5972 -2.93667
47.5644 -2.96056
47.5994 -3.12528
47.5005 -3.12028
47.5214 -3.14917
47.5766 -3.13222
47.6594 -3.20056
47.7414 -3.14806
47.6525 -3.21278
47.7067 -3.35444
47.7825 -3.28139
47.7014 -3.44139
47.8119 -3.71278
47.7936 -3.84778
47.8989 -3.95111
47.8683 -4.08556
47.8814 -4.18278
47.8319 -4.15556
47.7994 -4.20972
47.8028 -4.36195
47.8536 -4.34389
47.9608 -4.41972
48.0225 -4.52945
48.0208 -4.61306
48.041 -4.72561
48.0736 -4.66222
48.0989 -4.295
48.1783 -4.2975
48.2406 -4.43139
48.2361 -4.49306
48.1761 -4.53722
48.2336 -4.56361
48.2819 -4.62389
48.3003 -4.51306
48.3039 -4.235
48.32 -4.32361
48.3578 -4.31833
48.3305 -4.44861
48.3819 -4.40556
48.4272 -4.29333
48.3353 -4.76389
48.4214 -4.79056
48.5458 -4.74417
48.5797 -4.63195
48.6505 -4.42833
48.6708 -4.31417
48.6483 -4.22278
48.6861 -4.17667
48.7319 -3.96806
48.6522 -3.95333
48.6764 -3.90028
48.6292 -3.85417
48.7261 -3.81083
48.6758 -3.59611
48.6861 -3.57111
48.7267 -3.58278
48.7392 -3.53222
48.7669 -3.58083
48.8372 -3.51278
48.8386 -3.26306
48.8705 -3.22083
48.7939 -3.22417
48.8722 -3.10167
48.8269 -3.07917
48.7689 -2.94861
48.6808 -2.88361
48.655 -2.82472
48.5722 -2.76556
48.5305 -2.65333
48.63 -2.46472
48.6926 -2.31434
48.6692 -2.28445
48.6247 -2.32917
48.6114 -2.22639
48.5794 -2.17639
48.6461 -2.10583
48.583 -2.0025
48.5141 -1.9825
48.5508 -1.95694
48.6508 -2.03
48.7091 -1.84917
48.65 -1.87
48.6156 -1.84056
48.6166 -1.63806
48.6636 -1.43389
48.7447 -1.56083
48.8411 -1.60583
48.9228 -1.54917
49.0158 -1.55667
49.0089 -1.58528
49.0978 -1.61028
49.2197 -1.54945
49.2155 -1.62944
49.3816 -1.77417
49.3778 -1.8125
49.4997 -1.84583
49.5291 -1.88444
49.5783 -1.84
49.6428 -1.85194
49.6755 -1.94583
49.7239 -1.94194
49.6755 -1.48278
49.705 -1.41083
49.6944 -1.25833
49.5861 -1.25972
49.5789 -1.29945
49.5439 -1.30167
49.3439 -1.14222
49.3947 -1.01389
49.3411 -0.436389
49.2747 -0.218333
49.4267 0.218333
49.4589 0.393055
49.4769 0.143611
49.5117 0.0780556
49.7028 0.184444
49.8575 0.611944
49.9489 1.13111
50.0983 1.43555
50.2019 1.50556
50.2194 1.555
50.1842 1.65694
50.2172 1.645
50.2667 1.54806
50.2886 1.53417
50.36 1.55278
50.3683 1.61028
50.4025 1.55889
50.6122 1.57694
50.8644 1.57611
50.9953 1.94333
51.0705 2.47278
51.0911 2.54167
50.8872 2.6125
50.8247 2.62944
50.7556 2.78194
50.697 2.90128
180.0 180.0
9.13038e-315 8.67085e-321
