CIC_MPM_VERS = 1.0
COMMENT Generated by Spacebel CCSDS library
CREATION_DATE = 2017-02-24T16:24:59.870218
ORIGINATOR = SVG² Control

META_START

USER_DEFINED_PROTOCOL = NONE
USER_DEFINED_CONTENT = REGION OF INTEREST
USER_DEFINED_SIZE = 2
USER_DEFINED_TYPE = REAL
USER_DEFINED_UNIT = [deg]

META_STOP

3.295 -54.0944
3.44278 -54.0031
3.59944 -53.9844
3.63639 -54.0092
3.66444 -54.0672
3.78555 -54.1239
3.92639 -54.2845
4.035 -54.3603
4.14222 -54.3317
4.18139 -54.4022
4.70861 -54.4344
4.73666 -54.4747
5.00444 -54.4558
5.24805 -54.2906
5.34632 -54.169
5.44417 -54.055
5.69055 -53.9819
5.75028 -53.9117
5.72889 -53.745
5.56805 -53.4836
5.45389 -52.9322
5.1025 -52.5756
5.00305 -52.42
4.89111 -52.3858
4.94889 -52.3336
4.93111 -52.2783
4.87194 -52.2594
4.77389 -52.3275
4.72444 -52.3336
4.84194 -52.2747
4.86361 -52.2072
4.73389 -52.0647
4.58694 -51.9783
4.40333 -51.9567
4.33139 -52.0403
4.36639 -51.9586
4.40889 -51.9264
4.61278 -51.9264
4.66194 -51.9003
4.65333 -51.8508
4.54417 -51.7692
4.32055 -51.7167
4.22194 -51.6539
4.16139 -51.6494
4.03301 -51.6869
4.03185 -51.6864
3.84361 -51.8497
3.445 -52.1033
3.15417 -52.3442
3.06444 -52.3356
2.86333 -52.4458
2.51555 -52.5675
2.19583 -52.9164
2.2225 -53.1186
2.1925 -53.265
2.25805 -53.2189
2.35278 -53.3397
2.25667 -53.4717
2.28833 -53.6481
2.37389 -53.745
2.35417 -53.7967
2.30944 -53.8175
2.27194 -53.9322
2.22472 -53.9325
2.19444 -53.9989
2.11305 -54.105
2.12055 -54.1442
2.1725 -54.1806
2.14667 -54.2492
2.21833 -54.4769
2.31833 -54.547
2.31978 -54.6154
2.35472 -54.5739
2.33611 -54.5242
2.42855 -54.4832
2.42722 -54.4267
2.84083 -54.1806
2.90361 -54.1864
3.00833 -54.1703
3.17889 -54.1919
3.295 -54.0944
