CIC_MPM_VERS = 1.0
COMMENT Generated by Spacebel CCSDS library
CREATION_DATE = 2017-02-24T16:24:59.948718
ORIGINATOR = SVG² Control

META_START

USER_DEFINED_PROTOCOL = NONE
USER_DEFINED_CONTENT = REGION OF INTEREST
USER_DEFINED_SIZE = 2
USER_DEFINED_TYPE = REAL
USER_DEFINED_UNIT = [deg]

META_STOP

2.30359 11.3684
2.31306 11.6247
2.28028 12.1622
2.31728 12.3369
2.27433 12.5757
2.23278 12.755
2.25611 13
2.24639 13.0856
2.28028 13.1319
2.26639 13.255
2.16407 13.2942
2.06694 13.2883
1.90444 13.1611
1.77611 13.1739
1.70306 13.1419
1.56861 13.1375
1.39556 13.2464
1.29972 13.2255
1.25389 13.1522
1.22313 13.1859
1.23417 13.3055
1.29639 13.3783
1.27194 13.5219
1.33194 13.6014
1.37194 13.7789
1.43389 13.7983
1.43889 13.9036
1.37528 14.0739
1.39528 14.1594
1.36379 14.2352
1.32639 14.2739
1.11111 14.3128
1.09028 14.3653
0.846111 14.4725
0.553611 14.2792
0.546389 14.1028
0.485 14.0722
0.428055 14.0664
0.362778 13.9697
0.222778 13.8886
0.0425 13.9133
0.0333333 13.95
-0.1675 13.8522
-0.253056 13.8869
-0.276111 14.1208
-0.357778 14.1608
-0.4525 14.1775
-0.433333 14.3067
-0.518611 14.4567
-0.609167 14.5186
-1.03345 14.4164
-1.21278 14.4819
-1.33194 14.4442
-1.39028 14.5017
-1.57861 14.4339
-1.61083 14.3839
-1.68056 14.4667
-1.81278 14.4214
-1.89167 14.4297
-1.96611 14.2644
-2.19028 14.2255
-2.22861 14.1583
-2.34222 14.255
-2.45444 14.1283
-2.495 14.0878
-2.47639 13.8789
-2.42306 13.8644
-2.35778 13.9303
-2.09306 13.7705
-2.15111 13.7272
-2.18611 13.7258
-2.43528 13.4869
-2.34778 13.0194
-2.29556 13.0111
-2.19083 12.9728
-2.14694 12.9044
-1.95444 12.8453
-1.82445 12.655
-1.8725 12.5205
-1.90528 12.5247
-1.92389 12.4953
-1.87722 12.4528
-2.02445 12.448
-2.09306 12.5172
-2.32722 12.4781
-2.39139 12.0217
-2.33333 11.9642
-2.39639 11.7717
-2.43667 11.7353
-2.35667 11.6811
-2.33333 11.5742
-2.61333 11.6475
-2.71583 11.6119
-2.79389 11.5461
-2.85695 11.5433
-2.86722 11.5647
-2.81861 11.6325
-3.00889 11.8017
-3.04722 11.7661
-3.03778 11.7319
-3.16694 11.6997
-3.29139 11.958
-3.32222 11.975
-3.55139 11.8414
-3.57944 11.8422
-3.62667 11.925
-3.69917 11.8847
-3.69639 11.6947
-3.51722 11.5605
-3.52139 11.4783
-3.585 11.4392
-3.67861 11.2447
-3.9229 11.1415
-3.64333 10.9303
-3.41583 10.6389
-3.30889 10.6297
-3.08222 10.4089
-2.77833 10.0394
-2.44556 9.70083
-2.50528 9.83278
-2.55778 9.92722
-2.62833 9.97722
-2.58583 10.095
-2.56056 10.1597
-2.49333 10.0761
-2.56417 10.0861
-2.51361 10.0364
-2.53139 10.0042
-2.55028 9.95916
-2.41195 9.87444
-2.46787 9.75879
-2.43917 9.72361
-2.40722 9.74028
-2.37667 9.69833
-2.43139 9.69028
-2.3264 9.58575
-2.20917 9.57194
-2.06111 9.42305
-1.86083 9.27278
-1.92306 9.47139
-2.05028 9.53055
-1.86417 9.48528
-1.86695 9.45
-1.8225 9.37972
-1.87459 9.32949
-1.83444 9.30805
-1.84611 9.2575
-1.61472 9.23055
-1.49639 9.14361
-1.23417 8.98306
-1.35083 9.08555
-1.42778 9.12278
-1.53722 9.26139
-1.67722 9.28444
-1.61556 9.39472
-1.67222 9.41666
-1.60583 9.42166
-1.61262 9.55721
-1.58389 9.49916
-1.51333 9.4825
-1.46778 9.445
-1.56583 9.38222
-1.56722 9.28472
-1.47361 9.24777
-1.46667 9.29055
-1.33861 9.35639
-1.36806 9.32944
-1.4125 9.21916
-1.38333 9.14722
-1.34778 9.15778
-1.35833 9.11416
-1.28326 9.03488
-1.18945 9.03139
-1.045 8.91861
-1.00472 8.92055
-0.973889 8.87472
-0.624444 8.70639
-0.571111 8.71194
-0.630556 8.7775
-0.746944 8.79556
-0.804167 8.86055
-0.679167 8.90027
-0.698611 8.93611
-0.879444 9.00611
-0.703056 9.05611
-0.686111 9.11333
-0.604722 9.09889
-0.3525 9.30694
-0.0836111 9.34555
0.321111 9.30722
0.363055 9.35278
0.310555 9.37472
0.181667 9.35694
0.196111 9.43416
0.106667 9.47361
0.0980555 9.49527
0.164444 9.48944
0.178055 9.52055
0.112778 9.58805
0.148333 9.64639
0.0180556 9.81083
0.126944 9.76083
0.17966 9.90817
0.174167 9.9825
0.193611 10.0239
0.178611 9.82305
0.224167 9.67222
0.314444 9.56361
0.294444 9.49666
0.488889 9.39972
0.534722 9.30333
0.625 9.32
0.67 9.54666
0.614722 9.56027
0.600277 9.46083
0.586111 9.53916
0.597222 9.58305
0.537222 9.58027
0.468611 9.60805
0.735555 9.62694
0.958611 9.56
1.0575 9.68083
1.05194 9.75916
1.00255 9.8045
1.00194 10.0147
1.0025 10.6844
1.00194 11.3539
1.50305 11.3489
2.16861 11.3404
2.30359 11.3684
