CIC_MPM_VERS = 1.0
COMMENT Generated by Spacebel CCSDS library
CREATION_DATE = 2017-02-24T16:24:59.956218
ORIGINATOR = SVG² Control

META_START

USER_DEFINED_PROTOCOL = NONE
USER_DEFINED_CONTENT = REGION OF INTEREST
USER_DEFINED_SIZE = 2
USER_DEFINED_TYPE = REAL
USER_DEFINED_UNIT = [deg]

META_STOP

13.59 -16.5693
13.5894 -15.4889
13.7044 -15.4586
13.7814 -15.3647
13.7953 -15.315
13.7447 -15.2517
13.8264 -15.0705
13.7842 -14.8639
13.7411 -14.8164
13.6533 -14.792
13.6119 -14.7189
13.6622 -14.6492
13.6703 -14.5992
13.6344 -14.5119
13.5097 -14.4353
13.4539 -14.3378
13.5825 -13.9878
13.5667 -13.9142
13.5085 -13.8691
13.453 -13.8083
13.4003 -13.7986
13.3336 -13.8497
13.2411 -14.2975
13.245 -14.3783
13.3631 -14.5736
13.3444 -14.6478
13.3689 -14.7281
13.4539 -14.8506
13.4725 -14.9544
13.5958 -15.1114
13.535 -15.1969
13.4297 -15.2128
13.3856 -15.2594
13.3672 -15.36
13.3983 -15.5053
13.3611 -15.5675
13.3489 -15.8089
13.16 -15.8094
13.1614 -16.7006
13.0371 -16.7748
13.3378 -16.8264
13.49 -16.6822
13.4517 -16.5819
13.328 -16.5869
13.2156 -16.3789
13.2747 -16.4408
13.3164 -16.2369
13.2653 -16.2072
13.3725 -16.2147
13.4244 -16.15
13.4525 -15.6083
13.5078 -15.5444
13.4378 -15.3497
13.4506 -15.3622
13.53 -15.5569
13.4586 -15.7772
13.4503 -16.1542
13.3361 -16.3208
13.3578 -16.5239
13.4269 -16.505
13.4892 -16.562
13.59 -16.5693
