CIC_MPM_VERS = 1.0
COMMENT Generated by Spacebel CCSDS library
CREATION_DATE = 2017-02-24T16:25:00.087219
ORIGINATOR = SVG² Control

META_START

USER_DEFINED_PROTOCOL = NONE
USER_DEFINED_CONTENT = REGION OF INTEREST
USER_DEFINED_SIZE = 2
USER_DEFINED_TYPE = REAL
USER_DEFINED_UNIT = [deg]

META_STOP

43.3982 40.0065
43.555 40.085
43.5825 40.1775
43.58 40.2619
43.5086 40.5431
43.5444 40.6425
43.5442 40.6922
43.5044 40.7497
43.47 40.8825
43.375 41.0442
43.3872 41.1681
43.3361 41.2956
43.3461 41.3933
43.2961 41.4356
43.2694 41.5231
43.2322 41.565
43.2203 41.6053
43.2278 41.7306
43.2042 41.8225
43.2175 41.9397
43.1861 42.0578
43.2003 42.1203
43.2356 42.1811
43.2392 42.4153
43.2228 42.4786
43.1811 42.5344
43.1431 42.6258
43.1825 42.7011
43.1792 42.85
43.1261 42.9364
43.1044 43.0211
43.0567 43.0108
42.9639 43.1447
42.9317 43.2136
42.8992 43.3933
42.8608 43.5606
42.7911 43.6708
42.7483 43.8325
42.7278 43.8361
42.6453 43.7353
42.6031 43.7783
42.5992 43.8675
42.5581 43.9694
42.6181 44.0536
42.6197 44.1378
42.6369 44.2208
42.7128 44.2867
42.7089 44.3769
42.7594 44.5497
42.7364 44.6897
42.6889 44.7547
42.6158 44.7972
42.6653 44.8083
42.7433 44.855
42.7603 44.8867
42.7578 44.9411
42.6925 45.0603
42.7058 45.1589
42.6508 45.2419
42.5294 45.3517
42.5503 45.5528
42.5161 45.7006
42.4822 45.7569
42.2289 45.6386
42.2047 45.6475
42.1736 45.7389
42.1239 45.8092
42.105 45.9103
42.0239 45.9606
42.0431 46.0108
42.0233 46.0392
42.0342 46.0781
41.9942 46.1039
42.0014 46.24
41.9389 46.32
41.9406 46.3942
41.8966 46.4521
41.8378 46.4206
41.7592 46.3319
41.7572 46.2189
41.725 46.1981
41.6594 46.2017
41.595 46.2372
41.5894 46.2567
41.6119 46.265
41.6153 46.2828
41.5892 46.2864
41.5936 46.3242
41.5708 46.3472
41.5575 46.3436
41.5503 46.2992
41.5169 46.3353
41.4853 46.33
41.4625 46.4136
41.3972 46.4992
41.3794 46.5933
41.365 46.6211
41.34 46.6283
41.3122 46.6939
41.2553 46.7108
41.155 46.67
41.1006 46.6225
41.1081 46.5722
41.0953 46.5453
41.05 46.5208
41.0556 46.4839
41.0964 46.4403
41.1042 46.3783
41.2056 46.2433
41.2039 46.1403
41.1703 46.0314
41.2264 45.8131
41.2903 45.7086
41.3206 45.7197
41.3433 45.7706
41.3986 45.5383
41.4408 45.4767
41.4283 45.4011
41.4625 45.3367
41.4556 45.2789
41.2986 45.0225
41.2617 44.9553
41.2869 44.8339
41.2619 44.8219
41.2286 44.8778
41.2147 44.8636
41.2128 44.7114
41.2317 44.6344
41.1864 44.5775
41.1864 44.5542
41.2142 44.5292
41.1864 44.4608
41.2197 44.3656
41.195 44.3019
41.2364 44.1928
41.1992 44.1783
41.1883 44.1575
41.1917 44.07
41.1631 43.9856
41.1622 43.8625
41.1158 43.7822
41.1364 43.5617
41.1062 43.4732
41.143 43.473
41.2022 43.3753
41.1783 43.233
41.2553 43.1994
41.2553 43.1236
41.3069 43.2078
41.3128 43.1608
41.508 42.8886
41.473 42.8472
41.5103 42.7864
41.5833 42.8319
41.5911 42.7264
41.5764 42.588
41.4419 42.5066
41.4603 42.3669
41.5164 41.955
41.4283 41.8333
41.5235 41.5312
41.7416 41.7364
41.9922 41.7625
42.1355 41.6541
42.2244 41.645
42.3858 41.5533
42.5614 41.5225
42.7317 41.4386
42.7592 41.3642
42.7892 41.1558
42.8508 41.0947
42.9281 41.0728
43.0719 40.8305
43.0878 40.6742
43.1655 40.3847
43.1419 40.3264
43.3189 40.2183
43.3703 40.0514
43.3982 40.0065
