CIC_MPM_VERS = 1.0
COMMENT Generated by Spacebel CCSDS library
CREATION_DATE = 2017-02-24T16:25:00.094218
ORIGINATOR = SVG² Control

META_START

USER_DEFINED_PROTOCOL = NONE
USER_DEFINED_CONTENT = REGION OF INTEREST
USER_DEFINED_SIZE = 2
USER_DEFINED_TYPE = REAL
USER_DEFINED_UNIT = [deg]

META_STOP

53.9282 14.226
53.9094 14.2033
53.8687 14.2174
53.875 14.1872
53.843 13.9394
53.8583 13.825
53.9128 13.9405
53.9883 13.9031
53.9419 14.0489
53.9975 14.0525
54.0426 13.9766
54.0628 13.92
54.0075 13.8905
54.0216 13.7755
54.1008 13.8172
54.1336 13.7755
54.0844 13.9114
53.9282 14.226
180.0 180.0
54.235 13.3408
54.2794 13.3356
54.2725 13.2036
54.3339 13.1183
54.3708 13.1308
54.3803 13.2653
54.4244 13.1547
54.4758 13.2722
54.5408 13.1472
54.5528 13.2417
54.5133 13.3069
54.5753 13.3661
54.5194 13.3497
54.5578 13.3753
54.4794 13.4986
54.5625 13.5183
54.573 13.4017
54.6153 13.3653
54.5633 13.2864
54.5578 13.2461
54.6447 13.2889
54.6286 13.2267
54.6478 13.2305
54.6819 13.4144
54.6389 13.383
54.5942 13.4003
54.5728 13.455
54.5858 13.6339
54.5653 13.6767
54.5264 13.6753
54.4828 13.5853
54.4539 13.5778
54.4041 13.6175
54.3408 13.7678
54.2928 13.6964
54.3272 13.6905
54.3492 13.6844
54.3164 13.4497
54.2614 13.365
54.2614 13.42
54.238 13.4294
54.235 13.3408
180.0 180.0
54.8248 9.44517
54.8483 9.50312
54.8069 9.45167
54.8619 9.57694
54.8256 9.57833
54.7911 9.91667
54.6955 10.0158
54.6676 9.93093
54.6683 10.0378
54.5511 10.0278
54.4775 9.86583
54.4897 10.1269
54.458 10.2028
54.3958 10.1981
54.3636 10.1517
54.4172 10.2381
54.4342 10.3725
54.3244 10.665
54.3078 10.78
54.3419 10.8489
54.3925 11.1222
54.3755 11.1292
54.35 11.0647
54.1975 11.0931
54.0878 10.8739
54.0955 10.8022
54.0344 10.7564
53.9972 10.79
53.9919 10.8706
53.96 10.9026
54.0066 11.0458
54.0105 11.1922
53.9447 11.2422
53.9317 11.2769
53.9572 11.338
53.9011 11.4542
53.9678 11.4714
54.0425 11.5864
54.1103 11.6244
54.1797 12.02
54.1817 12.1
54.2978 12.3436
54.455 12.4872
54.4397 12.9117
54.42 12.9175
54.4167 12.7758
54.4061 12.6058
54.3922 12.46
54.265 12.3697
54.2608 12.418
54.2853 12.4206
54.3025 12.4619
54.4094 12.7125
54.3792 12.7472
54.3464 12.8161
54.4344 12.9981
54.3694 13.0922
54.3317 13.0789
54.2625 13.1608
54.1472 13.3883
54.0861 13.4997
54.1714 13.7117
54.0969 13.8081
54.0286 13.7506
53.9175 13.9131
53.8553 13.8075
53.8028 13.9036
53.7386 14.1408
53.7592 14.2364
53.7432 14.2577
53.6986 14.2375
53.6939 14.2778
53.6692 14.2864
53.423 14.3756
53.2726 14.4453
53.2158 14.4086
53.1417 14.3908
53.045 14.3422
52.9689 14.1647
52.8333 14.1333
52.7905 14.2575
52.6286 14.5511
52.5667 14.6411
52.3947 14.5344
52.328 14.5669
52.2392 14.7133
52.1047 14.6931
52.0708 14.7635
52.0564 14.7472
51.9411 14.7164
51.8539 14.6161
51.8136 14.6019
51.6594 14.7575
51.5528 14.7175
51.483 14.9108
51.268 15.038
51.1064 14.9753
50.866 14.8288
50.8189 14.8017
50.8542 14.6253
50.9242 14.6508
50.9161 14.5697
50.9772 14.5989
51.0314 14.4722
50.9967 14.2608
50.9325 14.4036
50.8947 14.3936
50.8069 14.0467
50.7905 13.9078
50.7258 13.8619
50.7111 13.5667
50.6033 13.47
50.6414 13.38
50.5811 13.3208
50.5797 13.2394
50.5036 13.1911
50.5028 13.0336
50.423 12.9944
50.4233 12.9039
50.4464 12.785
50.3514 12.4864
50.2791 12.3647
50.1697 12.3297
50.1861 12.2806
50.2617 12.26
50.3242 12.0935
50.2783 12.1358
50.2497 12.0969
50.1742 12.205
50.0964 12.2289
49.9844 12.4289
49.975 12.4928
49.943 12.4744
49.9203 12.5425
49.8328 12.4994
49.76 12.4031
49.7003 12.4419
49.6372 12.525
49.4339 12.6617
49.328 12.8786
49.3403 12.9353
49.2983 13.0269
49.1775 13.1511
49.1194 13.2036
49.0503 13.3953
49.0075 13.4014
48.945 13.5017
48.9778 13.5161
48.9689 13.5844
48.8964 13.6619
48.8816 13.7408
48.7871 13.8146
48.7261 13.793
48.6989 13.8333
48.5178 13.7267
48.583 13.5053
48.5686 13.4483
48.42 13.4339
48.3519 13.3686
48.2093 12.9295
48.1205 12.7567
47.8542 13.0089
47.7847 12.9397
47.7155 12.9175
47.7061 13.0583
47.6408 13.1003
47.6169 13.0742
47.4964 13.0531
47.4694 13.005
47.5522 12.8097
47.5894 12.7878
47.6189 12.8308
47.6742 12.7739
47.6375 12.505
47.6986 12.4417
47.6947 12.2439
47.743 12.2572
47.7016 12.1772
47.6414 12.2064
47.6094 12.1961
47.6067 11.8786
47.5953 11.6333
47.52 11.5744
47.5089 11.4219
47.4539 11.4056
47.4005 11.2275
47.433 11.2367
47.4353 11.203
47.3964 11.1069
47.4005 10.9736
47.4603 10.9503
47.493 10.8658
47.5219 10.9097
47.5364 10.8486
47.5586 10.6855
47.5369 10.5544
47.5586 10.4653
47.5905 10.4828
47.5769 10.4269
47.4355 10.4733
47.2889 10.2744
47.2811 10.1697
47.3153 10.2142
47.3864 10.2114
47.3691 10.1544
47.3872 10.0872
47.4289 10.1044
47.4603 10.0844
47.4839 10.0033
47.5478 9.96333
47.5389 9.85416
47.5936 9.81361
47.5847 9.76305
47.5363 9.72729
47.5291 9.60555
47.5439 9.56761
47.663 9.26167
47.6558 8.87861
47.7353 8.8
47.683 8.7975
47.6978 8.725
47.765 8.72694
47.8064 8.55972
47.7039 8.40667
47.6711 8.41333
47.6603 8.62166
47.6397 8.61889
47.6283 8.50833
47.5846 8.49303
47.5742 8.34055
47.6217 8.20555
47.5536 7.94333
47.5883 7.81944
47.5433 7.69722
47.5611 7.61833
47.6064 7.67444
47.5846 7.5888
47.6869 7.51333
48.0028 7.61583
48.0372 7.57167
48.1569 7.605
48.3367 7.75083
48.4916 7.77167
48.5133 7.8075
48.5925 7.80194
48.69 7.92151
48.8855 8.13333
48.9637 8.22739
48.9689 8.19222
49.0489 7.93861
49.0417 7.74111
49.0889 7.54
49.1642 7.48694
49.1719 7.37528
49.1478 7.36139
49.1253 7.08833
49.1183 7.03833
49.1889 7.02667
49.2153 6.8475
49.155 6.83889
49.1625 6.78722
49.3203 6.58972
49.363 6.59472
49.4472 6.49389
49.46 6.36222
49.5903 6.3725
49.7064 6.51055
49.8111 6.52222
49.8397 6.32667
49.9967 6.13972
50.1255 6.13183
50.2325 6.17333
50.3292 6.40028
50.4522 6.36639
50.5164 6.20083
50.6236 6.26861
50.6239 6.17139
50.7233 6.10833
50.7158 6.02861
50.7561 6.00841
50.8028 5.98167
50.8736 6.08472
50.9436 6.01083
50.9767 6.02833
50.9783 5.96583
51.0189 5.86944
51.0503 5.87389
51.0367 5.95222
51.1628 6.16722
51.1758 6.07944
51.2205 6.07389
51.3617 6.22222
51.4764 6.2175
51.6072 6.09305
51.6519 6.11611
51.6786 6.02944
51.7169 6.03917
51.7386 5.955
51.7911 5.96889
51.8303 5.96194
51.8419 6.16972
51.8769 6.13778
51.9055 6.15972
51.83 6.38028
51.8853 6.54889
51.8994 6.72778
51.9714 6.83083
52.0072 6.80055
52.0389 6.68805
52.07 6.6975
52.1203 6.86056
52.1536 6.87972
52.2358 7.0525
52.3858 7.06556
52.4611 6.9875
52.4344 6.94611
52.4858 6.70555
52.5519 6.69028
52.5672 6.76083
52.6294 6.72083
52.6541 6.78167
52.6328 7.03583
52.6519 7.05528
52.815 7.06972
52.9678 7.19889
53.2428 7.20944
53.2442 7.21111
53.3169 7.25278
53.3397 7.05056
53.3836 7.01583
53.4875 7.035
53.5372 7.14722
53.5711 7.08889
53.5919 7.09611
53.6739 7.2525
53.6864 7.39083
53.7142 7.84861
53.7036 8.02639
53.6322 8.05055
53.5625 8.15944
53.5205 8.16333
53.5005 8.06139
53.458 8.08028
53.4008 8.22305
53.4186 8.28417
53.4594 8.31389
53.5242 8.31194
53.5222 8.23194
53.5861 8.24306
53.6139 8.28333
53.6136 8.34139
53.5294 8.54889
53.4792 8.48833
53.4061 8.48528
53.4089 8.50278
53.5333 8.56833
53.603 8.51972
53.7019 8.48778
53.8794 8.60417
53.8947 8.68056
53.8578 8.72805
53.828 8.9075
53.8661 9.12889
53.8357 9.29522
53.7864 9.36
53.5861 9.58278
53.5347 9.80222
53.5503 9.82472
53.5744 9.67417
53.6336 9.54667
53.7078 9.52972
53.7394 9.43778
53.8314 9.37639
53.8986 8.96194
54.0028 8.85694
54.0422 8.85778
54.028 9.00305
54.0911 9.01778
54.1455 8.97028
54.133 8.84472
54.2072 8.82333
54.2708 8.91611
54.3169 8.95805
54.2842 8.79389
54.2791 8.63167
54.3275 8.59944
54.3455 8.60917
54.3575 8.69389
54.3758 8.65417
54.4194 8.90167
54.4803 9.01472
54.5143 8.97496
54.6208 8.85083
54.6852 8.80562
54.7791 8.67611
54.8264 8.64222
54.9174 8.6563
54.8911 8.71944
54.908 8.92
54.8248 9.44517
180.0 180.0
9.13038e-315 8.63627e-321
