CIC_MPM_VERS = 1.0
COMMENT Generated by Spacebel CCSDS library
CREATION_DATE = 2017-02-24T16:25:00.170719
ORIGINATOR = SVG² Control

META_START

USER_DEFINED_PROTOCOL = NONE
USER_DEFINED_CONTENT = REGION OF INTEREST
USER_DEFINED_SIZE = 2
USER_DEFINED_TYPE = REAL
USER_DEFINED_UNIT = [deg]

META_STOP

11.0034 -2.83106
11.0003 -2.23028
10.9975 -0.679722
10.9547 -0.665
10.9172 -0.61
10.9922 -0.567778
10.9983 -0.488889
11.0969 -0.423055
11.1086 -0.381944
11.0689 -0.352778
11.13 -0.275278
11.1667 -0.285278
11.1393 -0.150955
11.1114 -0.133889
11.1036 -0.0211111
11.075 0.0344444
10.9897 0.0325
10.7378 -0.0713889
10.6339 -0.0683333
10.5861 0.0458333
10.3978 0.196389
10.4139 0.286389
10.3306 0.320833
10.3083 0.393333
10.2736 0.38324
10.1153 0.349722
10.0611 0.399444
10.0275 0.368055
9.72916 0.3225
9.69222 0.349444
9.64972 0.335833
9.68 0.275278
9.65361 0.253056
9.59111 0.285278
9.61166 0.349167
9.59055 0.376389
9.56444 0.348611
9.57222 0.233056
9.52861 0.223055
9.50972 0.297222
9.48055 0.275
9.47277 0.221111
9.43228 0.229014
9.42138 0.287778
9.48972 0.364444
9.48833 0.462778
9.415 0.548889
9.36111 0.551944
9.02 0.448055
8.91194 0.514444
8.79166 0.4825
8.7875 0.39
8.76222 0.383055
8.59277 0.4725
8.49166 0.633889
8.40555 0.674167
8.285 0.726944
8.1975 0.588889
7.76917 0.626944
7.69416 0.587222
7.62083 0.581944
7.58583 0.521111
7.46055 0.510556
7.38528 0.570278
7.4 0.646667
7.30361 0.665833
7.01444 0.608055
6.97083 0.513889
6.9175 0.563889
6.82583 0.529167
6.81333 0.571111
6.58733 0.683706
6.49083 0.733611
6.32944 0.904722
6.32778 1.00028
6.16055 1.1
6.16 1.20111
6.0991 1.20385
6.00222 1.06167
5.81805 0.989722
5.77194 0.92
5.75361 0.684167
5.94805 0.634444
6.06194 0.500833
6.08306 0.406667
6.04944 0.378333
6.105 0.244167
6.08944 0.208055
6.02222 0.372222
6.07083 0.433055
6.03361 0.506389
5.93555 0.621111
5.77833 0.651111
5.77639 0.309722
5.66333 0.0644444
5.47389 -0.397222
5.36778 -0.493333
5.34972 -0.587778
5.20667 -0.799722
5.21194 -0.908611
5.16305 -1.12944
5.01278 -1.62611
4.96333 -1.63639
4.83361 -1.87
4.75167 -1.96472
4.72778 -2.08972
4.895 -2.28722
4.96139 -2.56528
5.08591 -3.10555
5.11271 -3.10231
5.11055 -3.08972
5.07861 -2.96639
5.09918 -2.92858
5.11278 -2.73472
5.35 -2.77333
5.34631 -2.71814
5.59034 -2.76403
5.61333 -2.77667
5.61639 -2.90639
5.62722 -2.96056
5.71305 -2.94861
5.7075 -3.01389
5.85778 -3.00667
6.27722 -3.16945
6.61139 -3.24917
6.71639 -3.18639
6.81361 -3.22417
7.06194 -3.09
7.07305 -3.02417
7.82361 -2.82389
7.85361 -2.78528
7.94666 -2.77472
7.93889 -2.74111
8.0125 -2.68417
8.04083 -2.58889
8.13778 -2.61139
8.19777 -2.48806
8.78153 -2.58465
9.01305 -2.65583
9.05527 -2.77306
9.26916 -2.6625
9.31166 -2.71611
9.38277 -2.66806
9.48234 -2.68685
9.73583 -2.79445
9.82611 -2.73861
10.0578 -2.79639
10.265 -2.75472
10.3264 -2.84361
10.4167 -2.76861
10.4572 -2.85778
10.63 -2.9325
10.8042 -2.88028
11.0034 -2.83106
