CIC_MPM_VERS = 1.0
COMMENT Generated by Spacebel CCSDS library
CREATION_DATE = 2017-02-24T16:25:00.273219
ORIGINATOR = SVG² Control

META_START

USER_DEFINED_PROTOCOL = NONE
USER_DEFINED_CONTENT = REGION OF INTEREST
USER_DEFINED_SIZE = 2
USER_DEFINED_TYPE = REAL
USER_DEFINED_UNIT = [deg]

META_STOP

38.0633 20.7947
38.0644 20.7217
38.1172 20.6272
38.1025 20.5172
38.1842 20.4681
38.2736 20.4506
38.1683 20.435
38.1689 20.3614
38.2428 20.3542
38.3494 20.4181
38.3172 20.5005
38.3611 20.5467
38.468 20.5711
38.3355 20.628
38.2842 20.6094
38.2517 20.6361
38.2644 20.6872
38.1214 20.8117
38.0633 20.7947
180.0 180.0
34.93 24.7381
35.0158 24.7628
35.0833 24.7314
35.1903 24.3719
35.19 24.0489
35.2467 23.8242
35.2305 23.5983
35.2881 23.5211
35.5625 23.5847
35.4964 23.6569
35.5094 23.7222
35.6519 23.7094
35.6878 23.7417
35.6389 23.7694
35.5483 23.7875
35.5141 24.0003
35.5522 24.0897
35.5836 24.0792
35.6019 24.1261
35.5483 24.2017
35.5028 24.1694
35.5105 24.0808
35.4869 24.0925
35.4605 24.2225
35.4278 24.2633
35.3672 24.2661
35.3578 24.4133
35.4092 24.8028
35.3992 25.0464
35.3503 25.0522
35.2925 25.4633
35.3344 25.7622
35.1744 25.7103
35.1194 25.7725
35.1089 25.8122
35.195 25.9678
35.2211 26.1131
35.198 26.1186
35.2272 26.2019
35.3106 26.3211
35.213 26.2739
35.1311 26.2906
35.0144 26.1972
35.0153 26.0042
35.0294 25.9364
34.9916 25.5289
34.9472 25.1261
34.93 24.7381
180.0 180.0
37.6894 24.9661
37.8536 24.778
37.945 24.6925
37.9889 24.7405
37.99 24.7936
37.9039 24.8767
37.9017 24.9525
37.6894 24.9661
180.0 180.0
37.6503 20.8167
37.8191 20.6228
37.8983 20.6433
37.9225 20.7064
37.8569 20.7442
37.7589 20.9397
37.7039 20.9956
37.7319 20.9103
37.7242 20.8669
37.655 20.8583
37.6503 20.8167
180.0 180.0
38.1494 26.0147
38.2383 25.8642
38.2694 25.8739
38.3439 25.9917
38.4553 25.9458
38.5333 25.8297
38.5758 25.8483
38.5925 26.0553
38.5586 26.1244
38.5381 26.1605
38.3472 26.1436
38.3014 26.1603
38.2747 26.1069
38.2269 26.1178
38.1494 26.0147
180.0 180.0
37.6372 26.823
37.7083 26.7114
37.675 26.5972
37.7305 26.5717
37.8033 26.7131
37.8036 26.8469
37.7475 26.9672
37.7889 26.9886
37.7708 27.0647
37.7533 27.0289
37.7119 27.0694
37.6372 26.823
180.0 180.0
39.3683 20.0797
39.4464 19.8803
39.6097 19.7692
39.7478 19.6275
39.7947 19.7444
39.8183 19.855
39.7836 19.9469
39.7311 19.9292
39.7028 19.8425
39.6419 19.8622
39.6008 19.9117
39.4805 19.9267
39.433 20.0225
39.4536 20.0717
39.3778 20.1217
39.3683 20.0797
180.0 180.0
36.9183 25.4528
37.0192 25.3731
37.075 25.3411
37.1978 25.5353
37.1736 25.5722
37.0647 25.59
36.9578 25.5567
36.9183 25.4528
180.0 180.0
38.9608 26.4186
39.0722 26.0892
39.1678 26.2861
39.1869 26.29
39.2014 26.2164
39.14 26.1239
39.0897 26.0847
39.1058 25.9558
39.2225 25.8439
39.2869 25.9078
39.2889 26.0611
39.3797 26.2086
39.3758 26.3583
39.3258 26.42
39.2736 26.3772
39.1119 26.5658
39.0261 26.6183
39.0114 26.5567
39.048 26.5108
39.0744 26.5267
39.1114 26.4922
39.1061 26.4489
39.0289 26.5128
38.9867 26.5444
38.9608 26.4186
180.0 180.0
35.8903 27.7814
35.9133 27.7303
36.1394 27.7108
36.3322 27.8958
36.4425 28.2072
36.3833 28.2422
36.1119 28.0636
36.0564 28.0908
36.045 27.9567
35.9136 27.8428
35.8903 27.7814
180.0 180.0
37.9536 24.5092
38.0078 24.3975
37.9647 24.3878
38.0178 24.3172
38.0825 24.2911
38.1258 24.1833
38.1647 24.2094
38.2272 24.1661
38.2164 24.1211
38.2705 24.1583
38.305 24.1097
38.3622 24.0508
38.4017 24
38.4011 23.7383
38.4605 23.6299
38.5219 23.6328
38.5808 23.5597
38.5858 23.5156
38.7586 23.3253
38.8847 22.9783
38.8533 22.9933
38.823 22.833
38.8739 22.8794
38.9886 23.1122
39.0386 23.2997
38.9472 23.43
38.8786 23.4433
38.785 23.5708
38.7544 23.6597
38.765 23.7144
38.6744 23.8542
38.6653 24.1133
38.6489 24.1569
38.6272 24.1255
38.5972 24.1242
38.5242 24.2308
38.445 24.1839
38.2178 24.2572
38.14 24.4555
38.1555 24.5903
37.9872 24.5642
37.9536 24.5092
180.0 180.0
39.79 25.3569
39.8325 25.2714
39.91 25.2678
39.8919 25.2031
39.8275 25.2017
39.7994 25.223
39.8106 25.1403
39.8517 25.1244
39.8597 25.05
39.9894 25.0333
40.003 25.2267
39.9664 25.3383
40.0205 25.4378
40.0047 25.4417
39.8547 25.3381
39.79 25.3569
180.0 180.0
40.5708 24.6436
40.6369 24.5136
40.7142 24.5336
40.7964 24.6547
40.7461 24.7772
40.6105 24.7761
40.5708 24.6436
180.0 180.0
41.7444 26.2228
41.7015 26.3619
41.6644 26.4958
41.6111 26.5936
41.3786 26.6372
41.3369 26.6178
41.2853 26.4494
41.1847 26.3208
40.9419 26.3272
40.8628 26.2036
40.8289 26.2
40.7814 26.1342
40.75 26.1247
40.7349 26.0333
40.8272 26.0611
40.8589 25.6594
40.9336 25.2558
40.9519 25.1353
41.0033 25.153
41.0053 25.0414
40.9317 24.985
40.9172 24.8911
40.8525 24.8033
40.8586 24.6275
40.9506 24.5667
40.9369 24.3981
40.8461 24.3083
40.728 24.1144
40.7283 23.9944
40.7872 23.8461
40.753 23.7317
40.6919 23.6892
40.5658 23.825
40.5383 23.9153
40.5083 23.823
40.4389 23.8458
40.3786 23.9611
40.3881 24.0089
40.4522 23.9961
40.2519 24.2883
40.1686 24.393
40.1433 24.3967
40.1189 24.3061
40.2783 24.1647
40.3719 23.8619
40.3372 23.7108
40.2978 23.6911
40.1961 23.7739
40.1333 23.9669
40.0305 24.0147
39.955 23.9928
39.9658 23.903
40.1936 23.6994
40.24 23.5594
40.2817 23.4083
40.2453 23.3536
40.2094 23.33
40.0478 23.4767
39.9328 23.7478
39.9128 23.7144
39.9586 23.3583
39.9969 23.3797
40.2242 23.3111
40.3875 22.93
40.4819 22.8189
40.5283 22.9647
40.5736 22.9614
40.628 22.9444
40.6386 22.8556
40.5725 22.8194
40.5417 22.7419
40.4767 22.5911
40.3878 22.6264
40.3725 22.6622
40.1605 22.5489
40.0153 22.5933
39.8811 22.7294
39.7989 22.8475
39.5936 22.9244
39.3705 23.2075
39.1928 23.3433
39.1569 23.3281
39.0864 23.0944
39.0958 23.0544
39.158 23.11
39.1042 23.0983
39.1508 23.2108
39.185 23.2211
39.3041 23.1228
39.3605 22.9461
39.2966 22.9411
39.2839 22.8461
39.2539 22.8169
39.1583 22.8519
39.173 22.9006
39.0428 22.995
39.0069 22.9611
39.0375 23.0681
38.9411 22.9497
38.8789 22.6939
38.8825 22.5269
38.8269 22.5972
38.8492 22.6975
38.7875 22.7567
38.7528 23.0319
38.6314 23.1058
38.6528 23.1892
38.6466 23.3117
38.61 23.3383
38.5603 23.2831
38.53 23.3789
38.5028 23.4108
38.4855 23.5872
38.3486 23.6756
38.295 23.9267
38.1969 24.0739
38.1283 24.0619
38.1411 24.038
38.1061 23.9839
37.9019 24.0483
37.8347 24.0639
37.7386 24.0761
37.6558 24.0408
37.6697 23.9508
37.8011 23.8703
37.8508 23.7467
37.9419 23.6914
37.9653 23.5669
38.0269 23.5983
38.0408 23.5203
37.9728 23.3144
37.9533 23.1805
37.9183 23.0453
37.8842 22.9922
37.8489 23.0047
37.8058 23.1797
37.7594 23.1525
37.7347 23.1236
37.7161 23.1736
37.62 23.1614
37.5325 23.3228
37.5464 23.365
37.6133 23.3111
37.6367 23.3883
37.6142 23.4105
37.5553 23.3742
37.4422 23.5236
37.4103 23.4222
37.3819 23.2355
37.3447 23.275
37.3392 23.1878
37.2922 23.1856
37.3569 23.0717
37.4194 23.115
37.448 23.1289
37.5294 22.8775
37.5283 22.8253
37.5864 22.788
37.5819 22.7436
37.5614 22.7228
37.3525 22.8003
37.1941 22.9114
37.1306 22.8961
37.0275 23.0042
36.8386 23.0589
36.7747 23.1142
36.6686 23.0319
36.5766 23.0789
36.5386 23.1533
36.4975 23.135
36.453 23.2028
36.4319 23.1983
36.44 23.09
36.5133 23.0567
36.5803 22.938
36.7697 22.7955
36.8005 22.7819
36.8044 22.6342
36.7739 22.5728
36.5928 22.4794
36.3861 22.4889
36.475 22.4167
36.478 22.3753
36.543 22.3672
36.6425 22.3847
36.8911 22.233
36.9117 22.1389
37.0133 22.1589
37.0308 22.0731
36.9975 21.9536
36.8997 21.9272
36.8205 21.9314
36.7667 21.9392
36.7203 21.8814
36.805 21.8222
36.8153 21.7044
36.9067 21.6961
36.9444 21.7119
37.0614 21.5814
37.1525 21.5642
37.2544 21.6475
37.3053 21.6947
37.4239 21.6597
37.5472 21.5608
37.6572 21.39
37.6653 21.3311
37.7786 21.2936
37.8383 21.1131
37.9294 21.1242
37.9303 21.1905
38.0381 21.3103
38.2 21.3753
38.1603 21.6453
38.2505 21.7358
38.3383 21.8489
38.2617 22.1122
38.1769 22.2628
38.0647 22.6678
37.9411 22.8575
37.9444 22.9472
37.9822 22.9789
38.0314 22.8539
38.0803 22.9483
38.0586 23.0978
38.0975 23.2136
38.153 23.2261
38.2222 22.9536
38.1892 22.9136
38.2341 22.8731
38.2444 22.7656
38.2755 22.7955
38.3436 22.6761
38.3542 22.688
38.3833 22.6625
38.2867 22.5864
38.3225 22.5261
38.4247 22.4639
38.4103 22.3975
38.3358 22.3819
38.3603 22.2336
38.3455 22.1556
38.4041 21.9855
38.3733 21.7911
38.3275 21.7661
38.3444 21.6
38.3005 21.4817
38.3656 21.4736
38.3958 21.3739
38.4928 21.3322
38.3619 21.2939
38.2989 21.1761
38.3642 21.0933
38.393 21.1397
38.4269 21.095
38.5283 21.0972
38.5161 21.0283
38.67 20.9894
38.67 20.9183
38.7878 20.8803
38.7983 20.8492
38.758 20.7792
38.8286 20.7344
38.8669 20.805
38.9097 20.7497
38.9545 20.7686
38.9214 20.7944
38.9305 21.0297
38.8983 21.0236
38.8639 21.0869
38.9075 21.0939
38.8928 21.1561
38.9597 21.1408
38.9789 21.1661
39.0531 21.0986
39.0203 21.0389
39.0389 20.9361
39.0592 20.8844
39.0928 20.7883
39.0172 20.7403
38.9658 20.8181
38.9508 20.7358
39.0675 20.6905
39.24 20.4758
39.2772 20.4811
39.2886 20.3433
39.4378 20.2142
39.4431 20.2697
39.5128 20.215
39.5608 20.1486
39.6094 20.1878
39.68 20.0633
39.6902 20.0123
39.6678 20.2606
39.7783 20.3025
39.8066 20.2914
39.7872 20.3814
39.8119 20.4105
39.9075 20.3631
39.9903 20.3147
39.9991 20.3942
40.0511 20.4128
40.0814 20.5136
40.0664 20.5558
40.0942 20.6653
40.3947 20.7872
40.475 20.8422
40.4644 20.9369
40.6186 21.053
40.6767 21.0519
40.6982 21.0315
40.6994 21.0304
40.7716 20.9619
40.7912 20.9668
40.857 20.9832
40.8627 21.12
40.8719 21.3431
40.9105 21.4717
40.9019 21.6725
40.938 21.6944
40.9289 21.7803
41.0953 21.9161
41.1583 22.0667
41.125 22.1311
41.1705 22.2469
41.1217 22.4689
41.12 22.5903
41.1853 22.6539
41.1428 22.7206
41.186 22.7412
41.2144 22.7547
41.2438 22.7653
41.3442 22.8014
41.3433 22.9359
41.3228 23.1758
41.4033 23.2811
41.4058 23.6681
41.4528 23.8911
41.4461 23.9561
41.4672 24.075
41.5372 24.0786
41.5411 24.1572
41.5167 24.1847
41.5678 24.2455
41.5486 24.3047
41.5236 24.3639
41.5722 24.5261
41.4211 24.6586
41.418 24.7253
41.3547 24.7989
41.4105 24.8947
41.2939 25.21
41.2544 25.2394
41.2631 25.3881
41.3178 25.653
41.3339 25.8058
41.3539 26.1353
41.4394 26.198
41.6367 26.0997
41.6789 26.0675
41.7119 26.0744
41.7444 26.2228
180.0 180.0
9.13038e-315 8.61156e-321
