CIC_MPM_VERS = 1.0
COMMENT Generated by Spacebel CCSDS library
CREATION_DATE = 2017-02-24T16:25:00.371719
ORIGINATOR = SVG² Control

META_START

USER_DEFINED_PROTOCOL = NONE
USER_DEFINED_CONTENT = REGION OF INTEREST
USER_DEFINED_SIZE = 2
USER_DEFINED_TYPE = REAL
USER_DEFINED_UNIT = [deg]

META_STOP

80.0569 -19.9408
80.0928 -20.0128
80.2119 -19.8706
80.2447 -19.7244
80.2428 -19.4772
80.1508 -19.0856
80.0569 -19.9408
180.0 180.0
74.0797 -21.2686
74.1561 -21.5808
74.2108 -21.9683
74.2272 -21.9908
74.3375 -21.8703
74.4405 -21.3881
74.443 -20.9586
74.4078 -20.655
74.3808 -20.4931
74.3494 -20.4345
74.2789 -20.4333
74.205 -20.1253
74.168 -20.1614
74.0797 -21.2686
180.0 180.0
75.8914 -18.6458
75.9775 -18.6339
76.2208 -18.8939
76.2933 -18.8922
76.4669 -19.1014
76.5294 -19.1422
76.5916 -19.0656
76.5811 -18.7889
76.6103 -18.7831
76.6072 -19.0025
76.6336 -18.9922
76.7227 -19.0817
76.7564 -19.0314
76.748 -18.9228
76.6544 -18.6794
76.6139 -18.6497
76.51 -18.7228
76.31 -18.6925
76.235 -18.6111
76.1272 -18.625
76.0236 -18.5492
75.9028 -18.5881
75.8914 -18.6458
180.0 180.0
74.9333 -17.6061
74.9475 -17.6269
74.9892 -17.6003
75.03 -17.9967
74.998 -18.8694
75.0272 -18.9206
75.0955 -18.9164
75.1486 -18.8356
75.2786 -18.8439
75.3255 -18.95
75.3736 -18.5528
75.3014 -18.3625
75.3244 -18.1503
75.4139 -18.1058
75.4005 -17.9689
75.3167 -17.8097
75.3061 -17.8086
75.258 -17.9692
75.2411 -18.1881
75.2166 -18.1911
75.2311 -18.0186
75.1783 -18.0595
75.1003 -17.8753
75.0789 -17.7158
75.1041 -17.5833
75.1389 -17.6103
75.1614 -17.4144
75.1422 -17.3272
75.0722 -17.4003
75.028 -17.3497
74.9333 -17.6061
180.0 180.0
74.7019 -20.1892
74.7311 -20.4508
74.8064 -20.6845
74.8928 -20.5558
74.928 -20.5411
74.9917 -20.5975
75.0383 -20.4614
75.0417 -20.2308
75.0089 -19.9931
74.9861 -19.9606
74.9175 -20.1358
74.9205 -20.0036
74.8769 -19.7453
74.8472 -19.7431
74.7161 -20.0272
74.7019 -20.1892
180.0 180.0
78.9922 -18.0981
79.0058 -18.0858
79.0619 -18.1139
79.0961 -18.0856
79.2194 -17.7214
79.1761 -17.5717
79.1531 -17.5572
79.0878 -17.6075
79.0191 -17.9822
78.9994 -17.9808
78.9922 -18.0981
180.0 180.0
60.6883 -48.0325
60.7242 -48.1239
60.7956 -48.2389
60.8375 -47.9542
60.8003 -47.7586
60.7539 -47.8314
60.7311 -47.7575
60.7583 -47.6608
60.7278 -47.7089
60.6883 -48.0325
180.0 180.0
60.7503 -46.7539
60.7605 -46.8453
60.83 -46.6622
60.9469 -46.2264
60.9225 -46.1645
60.8853 -46.2067
60.7503 -46.7539
180.0 180.0
60.1797 -45.3922
60.2025 -45.3967
60.3825 -45.3539
60.3764 -45.1522
60.3436 -45.1353
60.2603 -45.1906
60.1797 -45.3922
180.0 180.0
59.9189 -43.5536
59.9286 -43.6239
59.9894 -43.6542
59.9675 -43.6783
59.9486 -43.6864
59.9655 -43.8178
59.9939 -43.9122
60.0139 -43.8997
60.0639 -43.7047
60.045 -43.9345
60.1028 -44.117
60.1461 -44.1311
60.1742 -44.0889
60.0403 -43.1506
60.0164 -43.1425
59.988 -43.1983
60.0567 -43.4878
60.0072 -43.495
59.9189 -43.5536
180.0 180.0
59.7911 -43.9122
59.8239 -43.9325
59.8869 -43.9022
59.8005 -44.062
59.8292 -44.1158
59.87 -44.1078
59.9753 -43.9764
59.9214 -43.7489
59.868 -43.6381
59.8475 -43.6481
59.8419 -43.7492
59.8136 -43.7753
59.8447 -43.8006
59.8767 -43.7631
59.8908 -43.7814
59.808 -43.8414
59.7911 -43.9122
180.0 180.0
64.4311 -40.1803
64.4758 -40.4475
64.5 -40.5
64.5408 -40.477
64.5655 -40.5411
64.5989 -40.5031
64.6919 -40.5843
64.7719 -40.7042
64.8053 -40.7853
64.8983 -40.8653
64.9133 -40.8581
64.9341 -40.7603
64.8316 -40.505
64.7964 -40.5286
64.7452 -40.4386
64.7255 -40.4445
64.718 -40.545
64.6808 -40.4745
64.6197 -40.3786
64.5836 -40.4728
64.5653 -40.4511
64.5333 -40.2489
64.4894 -40.1494
64.4311 -40.1803
180.0 180.0
65.573 -37.8658
65.595 -37.9353
65.7055 -37.9872
65.7944 -37.9586
65.8211 -37.8475
65.8608 -37.8378
65.9041 -37.687
65.8903 -37.5789
65.7605 -37.2708
65.7503 -37.3945
65.8083 -37.495
65.7503 -37.4747
65.7094 -37.4986
65.7053 -37.3436
65.688 -37.3117
65.6305 -37.3828
65.6403 -37.5364
65.595 -37.5681
65.6244 -37.6139
65.6536 -37.695
65.6264 -37.6967
65.6083 -37.632
65.575 -37.6744
65.573 -37.8658
180.0 180.0
62.6786 -42.0561
62.7022 -42.3411
62.6947 -42.4045
62.7514 -42.4481
62.8078 -42.3578
62.755 -41.9895
62.7394 -41.8639
62.7183 -41.9297
62.7508 -42.0278
62.7317 -42.2031
62.7278 -42.0334
62.7047 -42.0406
62.6786 -42.0561
180.0 180.0
77.3044 -71.9425
77.3147 -72.115
77.3458 -72.1178
77.3775 -72.4675
77.3991 -72.5589
77.4139 -72.5739
77.4541 -72.2356
77.3903 -71.3756
77.358 -71.3581
77.3044 -71.9425
180.0 180.0
77.8017 -19.3519
77.8694 -20.0736
77.9441 -20.4661
77.9661 -20.4628
77.9625 -20.0186
77.9569 -20.0725
77.8847 -19.6989
77.883 -19.3144
77.84 -19.2303
77.8122 -19.2431
77.8017 -19.3519
180.0 180.0
77.6647 -18.1211
77.6744 -18.2367
77.7555 -18.1183
77.8139 -17.9486
77.8761 -17.9367
77.9055 -17.8056
77.8997 -17.675
77.8378 -17.5842
77.7086 -17.7328
77.678 -17.8578
77.6647 -18.1211
180.0 180.0
78.7272 -19.5067
78.78 -19.7367
78.8072 -19.7461
78.9311 -19.3861
78.9378 -19.1939
78.8969 -19.2917
78.893 -19.1622
78.8161 -19.3489
78.8039 -19.1825
78.7794 -19.402
78.7708 -19.1597
78.7316 -19.2669
78.7272 -19.5067
180.0 180.0
71.1472 -52.9361
71.1969 -53.1011
71.3158 -53.1828
71.3453 -53.1517
71.3844 -52.9709
71.3528 -52.4183
71.2919 -52.3286
71.2708 -52.3611
71.235 -52.5922
71.1691 -52.6422
71.1472 -52.9361
180.0 180.0
82.0725 -45.1389
82.1733 -45.3858
82.3608 -46.8861
82.4269 -47.0225
82.5083 -47.227
82.625 -47.7492
82.6441 -47.5595
82.6761 -46.675
82.6597 -46.1578
82.5105 -44.9956
82.3969 -44.4389
82.3661 -44.4189
82.3144 -44.6383
82.2844 -44.8653
82.2166 -45.0675
82.0958 -44.7372
82.0783 -44.7756
82.0725 -45.1389
180.0 180.0
71.0241 -53.6494
71.0839 -53.9167
71.1111 -53.9842
71.1514 -53.9736
71.3111 -53.6464
71.3008 -53.5845
71.153 -53.3958
71.115 -53.3764
71.0494 -53.4528
71.0241 -53.6494
180.0 180.0
77.37 -71.0147
77.4419 -71.2831
77.4561 -71.2389
77.4647 -70.727
77.4125 -70.0939
77.3939 -70.0695
77.37 -71.0147
180.0 180.0
63.2097 -41.125
63.2853 -41.3619
63.2331 -41.3445
63.2508 -41.4611
63.425 -41.8459
63.4772 -41.855
63.4967 -41.7308
63.4356 -41.6377
63.4269 -41.5931
63.387 -41.4683
63.3733 -41.4128
63.2861 -41.1603
63.2211 -41.0959
63.2097 -41.125
180.0 180.0
81.9705 -51.6986
82.0941 -53.0672
82.1158 -53.2139
82.1991 -53.3453
82.2664 -53.3275
82.3175 -53.1681
82.3297 -53.0303
82.2841 -52.5942
82.2697 -52.5606
82.2586 -52.5995
82.2091 -52.515
82.05 -51.417
81.9825 -51.2369
81.9705 -51.6986
180.0 180.0
73.0475 -24.5606
73.1366 -25.5358
73.1803 -25.7078
73.203 -25.6958
73.3233 -25.3022
73.3847 -25.2931
73.4094 -25.2161
73.4147 -24.4183
73.3033 -23.5103
73.2578 -23.2686
73.22 -23.2308
73.2247 -23.7411
73.3227 -24.85
73.3017 -24.9889
73.2919 -24.7244
73.1836 -23.5997
73.1814 -23.1311
73.155 -22.8753
73.095 -23.0092
73.0475 -24.5606
180.0 180.0
70.4269 -28.0036
70.4369 -28.1106
70.4547 -28.1367
70.5247 -27.9867
70.5656 -28.0689
70.6136 -27.9869
70.7411 -27.4747
70.8761 -27.1261
70.9289 -26.3317
71.0727 -25.6822
71.0633 -25.6845
71.0072 -25.6806
70.975 -25.6861
70.9689 -25.5172
70.9172 -25.4006
70.8666 -25.3781
70.8477 -25.4164
70.8161 -25.3342
70.7814 -25.4869
70.7716 -25.3956
70.7602 -25.3231
70.6808 -25.2814
70.6575 -25.2994
70.5211 -26.0297
70.5847 -26.2
70.4919 -27.1564
70.4269 -28.0036
180.0 180.0
69.2511 -53.7178
69.2633 -53.8525
69.3039 -53.8797
69.3852 -54.2561
69.4225 -54.2594
69.4494 -54.232
69.4175 -53.7956
69.4397 -53.3864
69.4741 -53.577
69.5561 -53.4953
69.5655 -53.5589
69.4905 -53.6286
69.4516 -53.7764
69.4616 -53.8564
69.5155 -53.7308
69.485 -53.967
69.5158 -53.9789
69.5617 -53.87
69.6022 -53.9406
69.5969 -53.9906
69.5566 -53.9944
69.558 -54.4606
69.6078 -54.8095
69.7272 -54.9672
69.7514 -54.6772
69.6708 -54.4247
69.6872 -54.4086
69.775 -54.6344
69.793 -54.8492
69.8236 -54.9222
69.8603 -54.9309
69.8753 -54.7961
69.9208 -54.8681
69.945 -54.8475
69.9672 -54.7067
69.9114 -54.2506
69.9314 -54.2528
70.0197 -54.7284
70.0605 -54.8178
70.1758 -54.8436
70.2405 -54.7611
70.3164 -54.3022
70.2028 -53.31
70.1164 -53.0372
69.933 -52.7347
69.8472 -52.3467
69.8089 -52.042
69.7772 -51.9433
69.7369 -51.9039
69.6736 -52.027
69.6397 -51.8406
69.6261 -51.8336
69.5022 -52.067
69.3586 -52.7531
69.2511 -53.7178
180.0 180.0
72.6767 -21.9047
72.683 -22.0819
72.7105 -22.0467
72.7153 -22.6439
72.7308 -22.6172
72.7925 -22.7917
72.8361 -22.9061
72.8697 -23.4869
72.8958 -24.5289
72.9464 -24.585
72.975 -24.5767
73.0628 -23.2733
72.9711 -22.2231
72.9225 -22.0206
72.9116 -21.9039
72.8308 -22.0558
72.8119 -22.1878
72.7194 -21.8739
72.6767 -21.9047
180.0 180.0
71.5386 -53.1139
71.5439 -53.3892
71.5569 -53.4422
71.6583 -53.472
71.6658 -53.4378
71.6619 -52.7731
71.655 -52.7592
71.5386 -53.1139
180.0 180.0
69.5055 -51.1097
69.5294 -51.2414
69.6853 -51.3347
69.6989 -51.3856
69.7383 -51.3428
69.875 -51.0142
69.875 -51.0786
69.8333 -51.1978
69.8519 -51.3631
69.9164 -51.2072
69.9186 -51.0022
69.8605 -50.6703
69.818 -50.6783
69.758 -50.8408
69.7675 -50.89
69.7244 -50.9653
69.5636 -50.9469
69.5055 -51.1097
180.0 180.0
72.1139 -22.2772
72.1389 -22.5631
72.1602 -22.5961
72.1853 -22.5092
72.205 -22.5008
72.1664 -22.6831
72.2516 -22.9933
72.3033 -23.0614
72.4666 -23.947
72.4397 -24.0595
72.4744 -24.0614
72.4822 -24.005
72.5094 -24.0111
72.5433 -24.1517
72.5422 -24.2258
72.653 -24.4036
72.7241 -24.4017
72.8258 -24.4847
72.8666 -24.3011
72.8597 -23.7347
72.8319 -23.5675
72.8191 -23.1119
72.7211 -22.9681
72.5047 -22.1644
72.4828 -22.205
72.4975 -22.0231
72.4789 -21.9417
72.3991 -21.9325
72.3861 -22.0345
72.4666 -22.6503
72.4414 -22.757
72.3894 -22.7428
72.345 -22.5931
72.3017 -22.3114
72.253 -22.3128
72.27 -22.0614
72.2039 -22.1942
72.1708 -22.1261
72.1366 -22.1522
72.1139 -22.2772
180.0 180.0
83.1247 -33
83.1494 -33.3342
83.1422 -33.4831
83.1169 -33
83.1108 -32.8828
83.0577 -32.4983
83.0206 -32.6844
83.0077 -33
82.8864 -35.2967
82.7644 -35.5514
82.7478 -35.5253
82.7461 -35.3759
82.7803 -35.43
82.8203 -35.2636
82.8447 -35.3075
82.8566 -35.2428
82.891 -34.7174
82.8994 -33.8981
82.8594 -33.8114
82.8261 -33.8075
82.8025 -33.9122
82.7889 -33.882
82.8244 -33.6986
82.8428 -33.6842
82.8886 -33.7322
82.9131 -33.7289
82.9453 -33.5372
82.9719 -33.0011
82.9746 -32.9999
82.9897 -31.8431
82.968 -31.7197
82.9314 -31.7092
82.9375 -31.5933
82.9864 -31.5653
83.0086 -31.4353
83.1275 -30.0097
83.1328 -29.3381
83.0861 -28.3381
83.0608 -26.6653
83.1633 -25.1886
83.1516 -24.9847
83.1083 -24.8417
83.0805 -24.9872
83.0472 -24.9308
83.018 -24.7731
82.9889 -24.7675
82.8922 -25.1339
82.8553 -25.1322
82.7808 -25.6647
82.9116 -23.9931
82.8925 -23.8414
82.8597 -24.0272
82.8161 -23.9072
82.7869 -23.8861
82.7572 -24.0225
82.7783 -23.7683
82.8322 -23.6881
82.8391 -23.26
82.7903 -23.1161
82.7697 -22.6603
82.803 -22.65
82.7116 -22.0171
82.608 -21.3144
82.5561 -21.3989
82.4211 -22.3078
82.3994 -22.2161
82.3758 -22.2253
82.3308 -22.482
82.2916 -23.0086
82.2852 -23.8317
82.1883 -24.6056
82.1522 -25.1078
82.1861 -28.0111
82.1364 -29.2833
82.1903 -30.6359
82.1975 -30.8558
82.1758 -30.4558
82.1419 -30.0511
82.1014 -29.9339
81.9161 -32.1825
81.8214 -32.9999
81.8189 -33.0494
81.7986 -33.0172
81.7739 -33.0983
81.7614 -33
81.7142 -33
81.6791 -33.052
81.6597 -33.0328
81.6588 -32.9999
81.6622 -32.9333
81.7439 -32.3517
81.8314 -31.6275
81.9414 -29.702
81.9244 -29.7078
81.8705 -29.7592
81.8705 -29.6181
81.9214 -29.4306
81.9422 -29.4872
81.958 -29.3836
82.0086 -28.3417
81.9964 -25.2389
81.9836 -25.2025
81.933 -25.2936
81.8991 -25.2403
81.8208 -25.2461
81.7658 -25.3572
81.683 -25.9042
81.5425 -27.1542
81.4919 -27.6261
81.475 -27.6192
81.4544 -27.5175
81.4544 -27.2528
81.4233 -27.2108
81.3955 -27.247
81.5344 -26.0633
81.6939 -24.9225
81.7069 -24.2939
81.7689 -24.1025
81.8194 -24.1364
81.9139 -24.0714
81.9477 -24.12
82.0061 -24.027
82.0458 -23.6139
82.0744 -22.6239
82.0736 -22.2506
81.933 -22.0172
81.7564 -21.9647
81.4839 -22.1989
81.3177 -22.585
81.2855 -22.9706
81.2616 -22.7622
81.2061 -23.0072
81.1808 -22.9547
80.8772 -23.9208
80.8389 -23.8442
80.8128 -23.8761
80.8066 -23.8036
80.7247 -23.9906
80.678 -24.4322
80.6911 -24.1725
80.683 -24.0622
80.5603 -24.5389
80.545 -24.5394
80.5489 -24.382
80.7167 -23.6722
80.7622 -23.7194
80.8025 -23.5167
80.8233 -23.5033
80.8569 -23.5689
80.8894 -23.5595
80.9064 -23.2653
80.9994 -22.745
81.0391 -22.745
81.343 -21.4628
81.4044 -21.4447
81.5866 -20.7331
81.6747 -19.9103
81.6175 -20.1008
81.6314 -20.1908
81.6128 -20.2575
81.5619 -20.2169
81.4716 -20.2842
81.4191 -20.2531
81.5644 -19.4636
81.5419 -18.9739
81.4739 -18.8761
81.4822 -18.7945
81.5241 -18.7636
81.5272 -18.6961
81.4491 -18.3958
81.4758 -17.9678
81.5025 -18.0658
81.5425 -18.0414
81.5655 -18.1564
81.5827 -18.1744
81.5503 -17.8033
81.6078 -17.6097
81.6258 -17.8458
81.6722 -17.9278
81.6891 -17.8519
81.7153 -17.8319
81.7375 -17.8175
81.7014 -17.2733
81.75 -17.5417
81.7972 -17.4681
81.8364 -17.5242
81.8644 -17.4828
81.8561 -16.9158
81.873 -16.8397
81.9053 -16.9097
81.9319 -16.7006
81.9183 -14.7683
81.7472 -12.8964
81.6033 -12.1553
81.5225 -12.3878
81.398 -13.1342
81.3475 -13.2389
81.3222 -13.22
81.3 -13.5453
81.2572 -13.7014
81.2344 -13.6586
81.1289 -14.1608
81.1339 -14.6275
81.0986 -15.0714
81.0775 -15.135
81.0006 -14.941
80.9469 -14.6506
80.9141 -14.6967
80.8241 -15.9092
80.793 -15.9203
80.7258 -16.0533
80.7464 -17.695
80.8247 -17.9158
80.7889 -18.1061
80.7425 -18.0131
80.7144 -18.0178
80.6305 -18.5264
80.6191 -18.7872
80.6703 -19.6256
80.6805 -20.1564
80.585 -20.5797
80.5755 -21.2475
80.5605 -21.2211
80.5525 -20.8114
80.5253 -20.8261
80.4989 -20.7772
80.5847 -20.2625
80.6441 -20.1272
80.65 -19.9361
80.5878 -18.9869
80.565 -18.8317
80.5491 -18.1306
80.6297 -17.4386
80.5386 -16.2128
80.4975 -16.1256
80.3758 -16.5708
80.3736 -16.6864
80.4036 -16.6078
80.4041 -16.7592
80.38 -16.7564
80.3466 -16.597
80.3308 -16.6039
80.2605 -16.9086
80.2283 -17.2525
80.2125 -18.4486
80.2803 -19.4547
80.2794 -19.8192
80.2355 -20.0433
80.1772 -20.1261
80.1005 -20.5553
80.0833 -20.3639
80.025 -20.6031
79.9833 -20.4708
79.8828 -20.7308
79.8561 -20.7261
79.8616 -20.4306
79.7983 -20.292
79.7611 -20.3545
79.7672 -20.2347
79.8466 -19.8789
79.8219 -20.2147
79.8708 -20.1864
79.8814 -20.2572
79.9889 -20.0186
80.1033 -19.2894
80.0833 -18.9667
80.1325 -18.3217
80.1325 -17.7625
80.1011 -17.5675
80.0511 -17.4542
79.8664 -17.8733
79.755 -18.2228
79.7389 -18.4306
79.7889 -19.2289
79.7389 -19.4458
79.6497 -19.6381
79.63 -19.5767
79.5833 -19.5858
79.5264 -19.725
79.4511 -19.8
79.4203 -19.635
79.3311 -19.6681
79.1853 -19.8711
79.1489 -19.8211
79.23 -19.6778
79.2589 -19.6986
79.3314 -19.5578
79.2967 -19.0494
79.2514 -19.1908
79.2253 -19.1825
79.198 -19.1845
79.2214 -19.0986
79.1858 -19.1056
79.1728 -19.3133
79.2633 -19.2858
79.2791 -19.1664
79.28 -19.3153
79.2155 -19.5453
79.1939 -19.5689
79.1658 -19.5253
79.1489 -19.5319
79.1186 -19.6194
79.1366 -19.9017
79.0636 -20.0914
78.9747 -19.9242
78.9291 -19.9064
78.8814 -19.9992
78.8633 -20.1583
78.8883 -20.6828
78.8358 -20.7953
78.838 -21.0075
78.803 -21.1845
78.7972 -21.0258
78.7558 -21.0614
78.7405 -21.0717
78.703 -21.2028
78.69 -20.9264
78.6578 -21.3842
78.6425 -21.4164
78.6491 -20.9372
78.63 -20.9042
78.6036 -20.9386
78.5394 -21.1644
78.5078 -21.135
78.3055 -21.3733
78.2616 -21.3761
78.2408 -21.2894
78.2178 -21.2792
78.1486 -21.4175
78.1336 -21.5431
78.1305 -21.757
78.1044 -21.4125
77.9308 -21.8186
77.9161 -21.8156
77.9758 -21.5792
77.9591 -21.5897
77.8497 -21.7828
77.8403 -21.9189
77.8066 -21.8975
77.7041 -22.025
77.6783 -22.0114
77.6764 -21.4306
77.5522 -21.7222
77.5257 -21.7278
77.6033 -21.495
77.6436 -21.2586
77.6903 -21.3981
77.8072 -21.3672
77.97 -21.0433
78.015 -20.8547
77.97 -20.5975
77.9333 -20.6039
77.8344 -20.04
77.7889 -19.4264
77.7519 -19.2092
77.6264 -18.9586
77.5803 -19.3033
77.5983 -19.4667
77.7125 -19.9675
77.7291 -20.257
77.6994 -20.4103
77.7222 -20.5978
77.6633 -20.9142
77.5991 -20.3458
77.5547 -20.2456
77.5683 -20.4808
77.5467 -20.6533
77.538 -20.3745
77.5019 -20.4286
77.5439 -21.0536
77.4586 -20.175
77.4192 -20.7511
77.4033 -20.7225
77.3975 -19.8058
77.3425 -19.4844
77.2975 -19.3981
77.2678 -19.4467
77.24 -19.4208
77.2303 -19.0114
77.3233 -19.0775
77.3864 -18.9633
77.338 -18.3861
77.3108 -18.4181
77.3058 -18.2867
77.2775 -18.2322
76.9433 -18.1239
76.8711 -18.22
76.8097 -18.5189
76.7608 -18.4617
76.7422 -18.4664
76.8569 -18.92
76.8464 -19.135
76.9597 -19.8714
76.9844 -20.7825
76.9436 -21.0358
76.9544 -20.6997
76.9191 -20.5808
76.8686 -20.7997
76.8991 -21.1169
76.8883 -21.6925
76.8753 -21.7081
76.8639 -21.2806
76.8364 -20.7853
76.7858 -21.0686
76.8047 -21.187
76.6602 -21.6181
76.6428 -21.6233
76.6591 -21.7489
76.7669 -21.9383
76.7972 -22.1039
76.8383 -22.1414
76.8586 -22.2672
76.8275 -22.4722
76.7702 -22.345
76.7436 -22.3192
76.7436 -22.6128
76.7105 -22.7295
76.6725 -22.7078
76.6405 -22.4606
76.6011 -22.5125
76.5114 -22.3294
76.5244 -22.2853
76.5814 -22.3383
76.6397 -22.1603
76.6183 -21.9075
76.5805 -21.81
76.5539 -22.0669
76.5322 -22.0314
76.5544 -21.7881
76.52 -21.6806
76.4727 -22.0289
76.4597 -22.0103
76.4955 -21.7008
76.478 -21.6744
76.4477 -21.7403
76.4479 -21.9222
76.4527 -22.2162
76.4969 -22.3453
76.4925 -22.4347
76.4658 -22.3572
76.4491 -22.3906
76.4367 -21.5733
76.3794 -21.5572
76.25 -21.7072
76.2392 -21.6825
76.22 -21.4981
76.2555 -21.447
76.29 -21.3794
76.2772 -21.0906
76.1611 -20.6789
76.1378 -20.4206
76.2886 -21.0767
76.305 -20.9061
76.2205 -20.4345
76.2586 -19.9297
76.2286 -19.8058
76.1269 -19.6664
76.0594 -19.7181
75.9789 -20.3981
75.9816 -21.7806
76.0419 -21.94
75.9892 -21.9808
75.9589 -21.8814
75.9305 -19.9356
75.7225 -19.3536
75.7297 -19.5681
75.6736 -19.6119
75.5541 -19.3906
75.405 -19.3356
75.2361 -19.4103
75.133 -19.61
75.1472 -19.8983
75.1872 -20.005
75.2339 -20.007
75.2944 -19.9867
75.3355 -20.3075
75.2967 -20.495
75.2958 -20.7058
75.4083 -21.1828
75.4869 -21.275
75.5953 -21.7086
75.6641 -22.2511
75.6439 -22.2736
75.5572 -21.765
75.4547 -21.4064
75.4807 -22.1148
75.5337 -22.453
75.5541 -22.4774
75.5505 -22.505
75.4964 -22.3825
75.4236 -21.415
75.2016 -20.5881
75.163 -20.5297
75.1161 -20.6703
75.1341 -21.0122
74.9761 -21.7367
75.0094 -21.8614
75.0508 -21.8742
75.0878 -21.9675
75.1658 -22.3944
75.1089 -22.1544
75.0414 -21.9425
75.0122 -22.0192
74.9647 -21.8336
74.9536 -21.6678
75.09 -21.0931
75.0572 -20.63
74.9733 -20.7189
74.8886 -20.6836
74.8528 -20.7611
74.8236 -20.7511
74.7452 -20.6036
74.6655 -20.7972
74.659 -21.0031
74.6691 -20.1281
74.6242 -20.005
74.5853 -19.7147
74.6853 -19.4117
74.6602 -19.2953
74.6355 -19.277
74.5508 -19.3794
74.4816 -18.9781
74.2608 -19.3781
74.2347 -19.597
74.2767 -20.2008
74.3091 -20.2086
74.443 -20.3636
74.4516 -20.5039
74.445 -21.6383
74.483 -21.8172
74.5441 -21.8797
74.598 -22.09
74.5847 -22.1067
74.533 -21.9425
74.4194 -21.765
74.3891 -21.8039
74.3172 -22.0325
74.3075 -22.4792
74.2878 -22.0581
74.2561 -22.0383
74.2255 -22.0675
74.1572 -22.3383
74.1628 -22.2067
74.1266 -22.1583
74.0914 -22.45
74.0683 -22.4808
73.998 -21.9808
73.9703 -22.007
73.9047 -21.8703
73.8444 -21.8142
73.7633 -21.8539
73.6522 -21.8156
73.7011 -21.7031
73.8686 -21.7653
73.9267 -21.8897
73.9536 -21.8681
73.9814 -21.9178
74.0361 -21.8625
74.0583 -21.6656
73.9419 -21.0853
73.88 -20.2833
73.8289 -20.2492
73.7208 -20.5333
73.6375 -20.4586
73.5658 -20.5236
73.5458 -20.5075
73.5272 -20.37
73.4947 -20.4003
73.4508 -20.5161
73.4533 -20.8517
73.4836 -21.4889
73.463 -21.6139
73.4414 -21.5856
73.3955 -21.5519
73.2452 -22.2269
73.255 -22.4219
73.4164 -23.3956
73.6039 -24
73.6661 -24.035
73.7222 -23.9828
73.6835 -23.5042
73.6005 -23.0353
73.5453 -22.6744
73.6142 -22.2369
73.628 -22.2006
73.574 -22.76
73.6544 -23.1636
73.7519 -23.9122
73.8153 -24.0272
73.7878 -24.2233
73.6958 -24.4547
73.6294 -24.4592
73.5572 -24.3778
73.595 -24.9044
73.638 -24.995
73.6919 -24.9608
73.7189 -25.0095
73.8247 -25.4356
73.9039 -25.5081
73.9516 -25.6881
73.9197 -25.7344
73.8647 -25.5869
73.8064 -25.5514
73.6903 -25.0897
73.6289 -25.1119
73.5916 -25.0244
73.5258 -24.6928
73.4908 -24.7119
73.4616 -25.3153
73.3969 -25.4978
73.3928 -25.4228
73.3461 -25.4456
73.25 -25.7872
73.2439 -26.1675
73.34 -26.4581
73.3197 -26.5703
73.335 -26.8175
73.39 -27.0197
73.4916 -27.2467
73.4886 -27.3519
73.4411 -27.4575
73.3597 -27.1514
73.2689 -26.4225
73.235 -26.3972
73.1302 -26.7283
73.1897 -27.1119
73.1494 -27.6814
73.1255 -27.7156
73.1325 -27.4683
73.11 -27.4064
72.9833 -27.3733
72.9427 -27.4989
72.9244 -27.4808
72.9655 -27.3319
73.0228 -27.3228
73.1133 -27.2881
73.1472 -27.1481
73.1003 -26.7103
73.1164 -26.5953
73.1875 -26.4808
73.1944 -26.4072
73.183 -25.8603
73.1339 -25.7228
73.0822 -25.1281
73.0191 -24.9856
72.9905 -25.0133
72.9239 -25.1744
72.8955 -25.7128
72.7872 -26.0272
72.7778 -26.2611
72.8694 -26.6839
72.8519 -27.382
72.8308 -27.3845
72.8189 -27.3447
72.8283 -26.6975
72.7661 -26.395
72.7192 -26.7442
72.7044 -26.7408
72.7355 -26.3195
72.6336 -26.3658
72.5975 -26.4408
72.5722 -26.4628
72.6083 -26.3556
72.7214 -26.1847
72.8347 -25.5314
72.7997 -25.2339
72.7658 -25.205
72.7314 -24.9647
72.6739 -24.7036
72.6466 -24.7419
72.5853 -24.7217
72.5491 -24.6033
72.5211 -24.615
72.4603 -24.9095
72.4236 -25.8669
72.4064 -25.8925
72.3916 -25.3114
72.2147 -25.4995
72.1569 -25.4664
72.1364 -25.5064
72.1216 -25.485
72.148 -25.3911
72.2064 -25.4064
72.2794 -25.3481
72.435 -24.8247
72.4119 -24.5208
72.3503 -24.4122
72.2458 -23.8033
72.2227 -23.8294
72.2319 -23.7422
72.1705 -23.7111
72.1344 -23.8067
72.108 -23.8014
72.1489 -23.5997
72.063 -23.1039
72.0439 -23.0958
72.0264 -23.1644
71.9969 -23.1347
72.0114 -23.0289
71.9119 -22.5333
71.8816 -22.5061
71.7741 -22.8556
71.6633 -23.13
71.6261 -23.1258
71.6369 -22.997
71.7953 -22.4345
71.7797 -22.4042
71.7444 -22.4381
71.6572 -22.6597
71.6078 -22.6422
71.5714 -22.5978
71.6891 -22.2967
71.7305 -22.2975
71.7461 -22.1461
71.7075 -22.1464
71.7405 -21.9642
71.7294 -21.9089
71.6297 -22.2197
71.6191 -22.1261
71.59 -22.1533
71.5891 -22.3158
71.5497 -22.5067
71.4772 -22.5414
71.4061 -22.4908
71.368 -22.5031
71.3453 -22.4606
71.3091 -22.4797
71.2483 -22.4503
71.2583 -22.3658
71.3155 -22.33
71.3461 -22.3608
71.4269 -22.2933
71.4878 -22.1158
71.4839 -22.0289
71.5136 -21.7845
71.4842 -21.7486
71.4425 -21.8711
71.4375 -21.7147
71.4178 -21.8156
71.41 -21.6831
71.3625 -21.8503
71.3455 -21.86
71.3544 -21.7169
71.3122 -21.8128
71.3316 -21.6978
71.3208 -21.6119
71.2639 -21.9619
71.2322 -21.8942
71.2664 -21.8081
71.2472 -21.7247
71.1805 -21.6686
71.1403 -21.7344
71.1914 -21.8217
71.1791 -21.8417
71.1219 -21.745
71.1053 -21.7489
71.0561 -22.3306
71.0422 -22.2764
71.0705 -21.8711
71.0683 -21.6811
71.0419 -21.6744
71.0005 -21.7422
70.9753 -21.9694
70.9858 -21.7197
70.9486 -21.7914
70.9283 -21.8011
70.9436 -21.6333
70.8616 -21.7561
70.8227 -21.7025
70.7939 -21.7792
70.8108 -21.9022
70.7736 -21.7856
70.7972 -21.6797
70.7728 -21.6303
70.7322 -21.7914
70.7336 -21.5936
70.7061 -21.5469
70.6989 -21.7622
70.668 -21.5761
70.6275 -21.7556
70.54 -21.4747
70.4622 -21.5914
70.3897 -21.9689
70.4072 -22.0006
70.4694 -21.9422
70.498 -22.0353
70.4408 -22.3739
70.5972 -22.4147
70.6625 -22.4744
70.7797 -22.4386
70.8466 -22.4419
70.8453 -22.5303
70.788 -22.5881
70.7161 -22.6461
70.5764 -22.5639
70.4919 -22.5869
70.4433 -22.6303
70.4275 -22.7486
70.4408 -23.3553
70.6522 -24.0222
70.795 -24.1822
70.9308 -24.2322
71.0178 -24.1981
71.283 -24.6861
71.3428 -24.6156
71.3561 -24.6539
71.3261 -24.7725
71.3033 -25.1139
71.5386 -25.6342
71.5789 -26.3289
71.6366 -26.3922
71.6336 -26.4358
71.5647 -26.4889
71.5408 -26.6547
71.5511 -26.8136
71.6777 -27.1842
71.7289 -27.2086
72.0044 -27.9386
71.9764 -28.0922
72.1283 -28.5733
72.098 -28.6675
72.0764 -28.6936
72.0603 -28.4689
72.0125 -28.355
71.9933 -28.3736
71.9816 -28.4708
71.9417 -28.4747
71.8947 -27.8297
71.8678 -27.8175
71.8969 -27.9931
71.8725 -28.0336
71.7097 -27.3253
71.6358 -27.4083
71.6222 -28.0031
71.5966 -27.9289
71.5719 -28.1472
71.578 -28.4897
71.5561 -28.4778
71.5416 -28.3658
71.613 -27.5939
71.5714 -27.1406
71.5558 -27.1297
71.5183 -27.2631
71.5294 -27.0011
71.4758 -26.675
71.5066 -26.4361
71.4778 -25.7511
71.3794 -25.5378
71.3711 -25.4386
71.2833 -25.4108
71.2122 -25.5189
71.2583 -25.7533
71.2019 -25.6275
70.9603 -26.4789
70.938 -27.505
71.1483 -27.777
71.148 -27.8256
71.1236 -27.92
71.0197 -27.7869
71.0036 -27.7039
70.9464 -27.6158
70.9369 -27.6644
70.9725 -27.8761
70.9675 -28.2067
70.9939 -28.2936
70.9658 -28.4083
70.9497 -28.2611
70.8672 -27.9144
70.7678 -27.9869
70.63 -28.1683
70.6258 -28.3158
70.6128 -28.3317
70.5883 -28.2442
70.5558 -28.3317
70.4622 -29.2058
70.4395 -29.2344
70.3866 -29.1253
70.4653 -28.805
70.5039 -28.2781
70.4397 -28.3458
70.4089 -28.3342
70.3683 -28.2253
70.3825 -28.0994
70.4786 -26.7247
70.4639 -26.4825
70.3864 -26.3417
70.3603 -26.3539
70.2875 -26.7278
70.3236 -26.9539
70.2666 -27.1967
70.1722 -27.4331
70.0883 -27.8769
70.1411 -28.0997
70.1397 -28.2647
70.0825 -28.4411
70.0955 -28.5758
70.0819 -28.5878
70.0436 -28.5308
70.0719 -28.1258
70.0069 -27.9681
70.0494 -27.535
69.9669 -27.5172
69.9553 -27.4158
69.9936 -27.2744
70.1694 -27.1703
70.2486 -26.8992
70.253 -26.7972
70.1977 -26.3075
70.2928 -25.937
70.413 -25.2128
70.3822 -25.2283
70.3592 -25.3944
70.3533 -25.2753
70.2975 -25.3539
70.2739 -25.3297
70.2725 -25.2303
70.3366 -25.12
70.36 -25.0008
70.1794 -24.07
70.0905 -23.1617
70.1475 -22.0994
70.1069 -22.1047
69.9714 -22.3733
69.9741 -22.5628
69.9408 -22.5683
69.9339 -22.6422
69.9539 -22.7914
69.94 -22.9164
69.898 -22.7928
69.8794 -22.8075
69.94 -23.0656
69.9164 -23.0939
69.8708 -23.04
69.8639 -23.2667
69.8119 -22.9103
69.7961 -22.9128
69.7558 -23.0167
69.7886 -23.1875
69.8355 -23.257
69.8553 -23.3706
69.8364 -23.3256
69.7591 -23.2453
69.7244 -23.6422
69.7552 -23.9042
69.7325 -23.8328
69.6236 -23.5794
69.5991 -23.7289
69.5847 -23.6225
69.5536 -23.6606
69.5097 -23.8372
69.5883 -23.997
69.5525 -24.0519
69.603 -24.3317
69.5125 -24.0842
69.4727 -24.0767
69.4653 -24.1583
69.4311 -24.122
69.4133 -24.1061
69.4419 -24.2708
69.4239 -24.3378
69.4008 -24.36
69.3578 -24.455
69.4261 -24.7431
69.3914 -24.7525
69.3636 -24.6444
69.313 -24.6158
69.3014 -24.7208
69.2836 -24.7603
69.2794 -24.6139
69.258 -24.625
69.2389 -24.8053
69.2972 -25.1019
69.2472 -25.2578
69.2278 -25.2711
69.2258 -25.0695
69.1977 -24.9864
69.1558 -25.0194
69.1289 -25.3239
69.1005 -25.2656
69.0453 -25.22
69.0328 -25.2825
69.0419 -25.3739
69.0622 -25.3478
69.0555 -25.4731
69.1041 -25.5992
69.0886 -25.6533
69.0291 -25.5372
68.9983 -25.6456
68.9897 -25.4569
68.9569 -25.4667
68.9589 -25.6881
68.9319 -25.7158
68.903 -25.5797
68.8669 -25.6345
68.8805 -25.7997
68.8458 -25.7936
68.7758 -26.2808
68.7208 -26.2692
68.6528 -26.6092
68.663 -26.7167
68.7047 -26.7117
68.6255 -27.0078
68.588 -27.0122
68.5764 -27.0581
68.6041 -27.2894
68.5866 -27.3356
68.5517 -27.2247
68.538 -27.2228
68.538 -27.4242
68.535 -27.7392
68.52 -27.7592
68.4944 -27.6158
68.4794 -27.6075
68.468 -27.7792
68.5108 -27.9203
68.5686 -27.9458
68.5564 -28.0369
68.4489 -28.0122
68.4389 -28.1028
68.5019 -28.2767
68.4952 -28.3596
68.4564 -28.2656
68.4217 -28.2933
68.4469 -28.4933
68.3919 -28.6303
68.3753 -28.8117
68.3186 -28.8478
68.3603 -28.9728
68.3416 -28.9889
68.3958 -29.1478
68.3786 -29.2092
68.3247 -29.1028
68.2805 -29.1203
68.2594 -29.1925
68.3175 -29.2753
68.2447 -29.4703
68.1989 -29.3781
68.2164 -29.5081
68.2616 -29.6361
68.293 -29.6161
68.2883 -29.6978
68.3205 -29.7889
68.3722 -29.7814
68.4128 -29.87
68.3214 -30.0669
68.2978 -30.0672
68.2655 -30.005
68.2441 -30.0014
68.2572 -30.2819
68.2227 -30.1197
68.1283 -30.0122
68.1116 -30.0306
68.0925 -30.3522
68.1422 -30.4089
68.1947 -30.3933
68.2225 -30.4147
68.2514 -30.8075
68.1678 -30.4683
68.0758 -30.4425
68.0577 -30.4539
68.0716 -30.9158
68.0408 -30.9195
68.1128 -31.4036
68.1358 -31.45
68.15 -31.3461
68.1516 -31.4722
68.1158 -31.495
68.0972 -31.4225
68.0825 -31.4225
68.0727 -31.4983
68.0983 -31.7047
68.1827 -31.6789
68.2058 -31.7253
68.2369 -31.6958
68.2619 -32.0072
68.3991 -32.1681
68.453 -32.1353
68.483 -32.1645
68.4186 -32.2592
68.448 -32.3292
68.4928 -32.3045
68.6219 -32.4289
68.6108 -32.5053
68.5478 -32.4572
68.5414 -32.4033
68.4992 -32.4325
68.498 -32.5656
68.3794 -32.4311
68.3419 -32.2006
68.2139 -32.0917
68.1839 -32.0972
68.2342 -32.4306
68.1941 -32.4436
68.143 -32.035
68.0894 -31.9978
68.0461 -32.0064
68.0633 -32.0972
68.0366 -32.1447
67.9958 -32.0719
67.958 -32.1078
67.9233 -32.0411
67.92 -32.1825
67.8908 -32.1881
67.8578 -32.1228
67.8428 -32.17
67.8841 -32.3542
67.8611 -32.5467
67.8211 -32.5325
67.6822 -32.9306
67.6863 -32.9993
67.6958 -33.1414
67.6783 -33.2081
67.6475 -33.1845
67.6378 -33.0603
67.6272 -33.0611
67.5366 -33.2375
67.5544 -33.3558
67.518 -33.3539
67.4847 -33.2731
67.4655 -33.2736
67.4327 -33.3431
67.3986 -33.2761
67.3516 -33.3781
67.3889 -33.4447
67.3672 -33.6
67.3322 -33.4225
67.3139 -33.4758
67.2447 -33.3694
67.2291 -33.47
67.2552 -33.5989
67.2133 -33.6689
67.1941 -33.5172
67.1564 -33.5578
67.1339 -33.5211
67.04 -33.7731
67.023 -33.7603
66.9964 -33.7308
66.9925 -33.9489
66.9664 -33.8958
66.9489 -34.0025
66.915 -33.9517
66.8366 -34.0211
66.7647 -33.9325
66.7369 -33.9728
66.7672 -33.9895
66.8 -34.0878
66.7386 -34.0478
66.7561 -34.1008
66.6997 -34.0928
66.6986 -34.1558
66.588 -34.2553
66.6775 -34.262
66.6847 -34.2872
66.6461 -34.2994
66.5947 -34.3694
66.6186 -34.3961
66.7416 -34.4122
66.7314 -34.4406
66.6725 -34.4347
66.6452 -34.5114
66.6125 -34.465
66.5911 -34.5253
66.545 -34.4058
66.5328 -34.4159
66.4116 -34.7047
66.4075 -34.6192
66.3678 -34.6819
66.3194 -34.7772
66.3486 -34.8639
66.3147 -34.9095
66.2841 -34.9845
66.3378 -35.1297
66.3616 -35.1133
66.4186 -35.1153
66.3969 -35.1622
66.3139 -35.235
66.2552 -35.0406
66.238 -35.0672
66.2419 -35.2328
66.3247 -35.4567
66.2864 -35.4989
66.4139 -35.7964
66.4372 -35.7481
66.418 -35.8761
66.3311 -35.6809
66.3022 -35.6783
66.2728 -35.745
66.24 -35.5508
66.2194 -35.6703
66.2019 -35.6181
66.1308 -35.5728
66.1075 -35.6192
66.1911 -35.7022
66.1864 -35.7631
66.1666 -35.6959
66.1205 -35.6983
66.1274 -35.8197
66.1444 -35.8628
66.1078 -35.9406
66.0827 -35.7278
66.0403 -35.9203
66.0114 -35.8961
65.93 -36.1806
65.9344 -36.2242
65.9741 -36.2025
65.9486 -36.2631
66.0052 -36.2542
65.9589 -36.332
65.91 -36.3278
65.9164 -36.3786
66.0194 -36.3956
66.075 -36.3422
66.0808 -36.5372
66.0644 -36.5756
66.0464 -36.4758
65.9886 -36.515
65.9203 -36.8761
65.8939 -36.8417
65.8386 -36.9711
65.8439 -37.0417
65.9219 -37.0647
65.9436 -37.0981
66.0364 -37.035
66.058 -37.0397
66.0586 -37.0856
65.9883 -37.0878
66.0128 -37.1622
65.8886 -37.1542
65.8889 -37.2222
65.8578 -37.0897
65.8111 -37.11
65.7991 -37.1661
65.83 -37.2592
65.8122 -37.2442
65.7769 -37.1642
65.7719 -37.2139
65.9386 -37.6756
65.8761 -37.8131
65.8997 -37.8297
65.9747 -37.7342
66.0211 -37.8072
66.05 -37.7975
66.1103 -37.5536
66.1608 -37.5608
66.2919 -37.3089
66.3097 -37.1778
66.3416 -37.1847
66.318 -37.5761
66.3672 -37.7909
66.4436 -37.8481
66.373 -37.9381
66.3872 -38.097
66.3528 -38.1481
66.3339 -38.1364
66.2941 -37.7772
66.2636 -37.6925
66.2208 -37.7531
66.2136 -37.81
66.243 -37.802
66.2497 -37.9692
66.2272 -37.9742
66.1797 -37.8631
66.1069 -37.9889
66.1144 -38.1058
66.0791 -38.0775
66.0844 -37.9675
66.0589 -37.9547
66.0278 -38.0014
65.9619 -37.9747
65.9125 -38.0522
65.9675 -38.1703
65.9183 -38.1422
65.9 -38.18
65.9078 -38.3028
66.0139 -38.4045
66.0164 -38.4781
65.92 -38.46
65.7664 -38.1261
65.7708 -38.1886
65.6844 -38.1795
65.6294 -38.2422
65.6594 -38.4206
65.603 -38.45
65.5908 -38.5
65.6494 -38.5031
65.6808 -38.5131
65.6741 -38.5475
65.6375 -38.5461
65.6339 -38.5831
65.6686 -38.6381
65.6636 -38.702
65.6922 -38.7475
65.6755 -38.7872
65.6405 -38.7536
65.6292 -38.6311
65.5766 -38.5981
65.58 -39.0689
65.6827 -39.2119
65.7461 -39.3436
65.6994 -39.3475
65.6375 -39.247
65.5922 -39.195
65.5741 -39.2222
65.6094 -39.3056
65.5383 -39.3336
65.5597 -39.3558
65.623 -39.3383
65.588 -39.3834
65.5505 -39.3733
65.5333 -39.4106
65.6111 -39.5433
65.6594 -39.5094
65.6794 -39.6744
65.6469 -39.6925
65.6133 -39.6456
65.64 -39.727
65.6169 -39.7875
65.5827 -39.8317
65.555 -39.717
65.5336 -39.7431
65.5519 -39.8069
65.5028 -39.8106
65.5 -39.8636
65.5789 -40.0308
65.5672 -40.0964
65.5455 -40.1125
65.4922 -40.0395
65.5053 -40.2151
65.4783 -40.202
65.4125 -39.8642
65.3592 -39.9506
65.2852 -39.8842
65.2591 -39.8395
65.2925 -39.827
65.2428 -39.7558
65.2508 -39.9197
65.1872 -39.9534
65.1936 -40.0286
65.1758 -40.0108
65.1628 -39.9186
65.1425 -39.9567
65.1672 -40.1114
65.1272 -40.1114
65.1028 -39.9506
65.0889 -39.9742
65.0855 -40.1372
65.0625 -40.1697
65.0289 -40.1472
64.9947 -40.2825
65.0836 -40.3875
65.0644 -40.3922
65.0414 -40.3664
65.028 -40.3972
65.1425 -40.6034
65.1072 -40.6678
65.0241 -40.7086
65.095 -40.8639
65.0714 -40.9003
65.1264 -41.0881
65.0872 -41.1264
64.9811 -40.9825
64.9553 -40.9983
64.9783 -41.135
64.9644 -41.1558
64.8769 -41.0675
64.8544 -40.8834
64.8205 -40.9564
64.7286 -40.6928
64.6917 -40.6906
64.6811 -40.6011
64.5083 -40.5636
64.4691 -40.6378
64.4039 -40.38
64.3578 -40.3561
64.3419 -40.4306
64.3464 -40.495
64.3236 -40.5411
64.3864 -40.6172
64.3822 -40.8097
64.3061 -41.0592
64.3258 -41.507
64.2702 -41.5675
64.2494 -41.5458
64.2475 -41.4528
64.18 -41.4003
64.1164 -41.0411
64.0853 -41.0122
64.0783 -40.9575
64.1041 -40.9264
64.14 -40.96
64.1608 -40.8961
64.1164 -40.5872
64.0772 -40.5433
64.0572 -40.545
64.0125 -40.6456
63.9739 -40.605
63.9619 -40.6645
63.9906 -40.7108
63.9455 -40.8389
63.9269 -40.632
63.8308 -40.5631
63.798 -40.6239
63.725 -40.5167
63.6972 -40.5183
63.6808 -40.6344
63.7105 -40.6608
63.6722 -40.7133
63.7772 -41.3508
63.8581 -41.4422
63.8569 -41.4908
63.83 -41.4864
63.7869 -41.6303
63.7561 -41.5939
63.7311 -41.3378
63.6767 -41.0267
63.6514 -40.8781
63.5939 -40.8431
63.5833 -40.8881
63.5828 -40.7345
63.4989 -40.8069
63.53 -40.8478
63.5119 -40.9139
63.5569 -41.0086
63.5336 -41.0081
63.5097 -41.0292
63.5169 -41.1422
63.4619 -41.0028
63.4469 -41.0167
63.4576 -41.0938
63.5394 -41.2083
63.5653 -41.28
63.53 -41.2853
63.4075 -40.9989
63.3878 -41.1764
63.4916 -41.2911
63.4094 -41.24
63.4328 -41.3347
63.4797 -41.5161
63.4719 -41.5464
63.4369 -41.5572
63.5245 -41.7498
63.4647 -41.9078
63.3994 -41.8597
63.3275 -41.6969
63.3422 -41.8
63.2997 -41.7622
63.3092 -41.6422
63.22 -41.4728
63.1522 -41.4828
63.1264 -41.4295
63.0919 -41.5275
63.1925 -41.865
63.0541 -41.5597
63.0297 -41.5381
63.0425 -41.8239
63.1003 -41.9483
63.0797 -41.9534
63.075 -41.982
63.203 -42.1292
63.2044 -42.1722
63.1344 -42.1256
63.095 -42.1575
63.0592 -42.0314
63.0214 -41.9825
62.9925 -41.6278
62.9514 -41.6122
62.9147 -41.6481
62.8741 -41.8209
62.8522 -41.7431
62.8239 -41.8636
62.8725 -42.0125
62.7855 -42.0406
62.8092 -42.3239
62.8578 -42.3453
62.8944 -42.3631
62.9322 -42.2853
62.9361 -42.3356
62.8625 -42.4436
62.8747 -42.6003
62.8394 -42.5656
62.8333 -42.4217
62.8164 -42.4095
62.7755 -42.495
62.8211 -42.5481
62.7983 -42.5636
62.6989 -42.507
62.7617 -42.5886
62.7564 -42.6139
62.7064 -42.5653
62.6786 -42.6364
62.7667 -42.6861
62.7789 -42.7147
62.6928 -42.6969
62.7219 -43.0345
62.7631 -43.13
62.7358 -43.1281
62.6967 -43.13
62.6514 -42.7895
62.588 -42.6742
62.6186 -42.6442
62.5869 -42.4681
62.5053 -42.3253
62.4639 -42.372
62.4669 -42.547
62.4322 -42.255
62.3806 -42.2756
62.3625 -42.3095
62.5222 -42.9647
62.4689 -42.9747
62.4414 -42.795
62.3789 -42.6478
62.3392 -42.6325
62.3083 -42.26
62.2644 -42.3308
62.2425 -42.2611
62.1967 -42.2586
62.1433 -42.3358
62.1117 -42.3033
62.0305 -42.5131
62.018 -42.4186
61.948 -42.5467
61.953 -42.4667
62.0158 -42.3408
62.02 -42.1478
62.0066 -42.1158
61.9208 -42.1978
61.9105 -42.417
61.8644 -42.1917
61.7778 -42.2895
61.7375 -42.4789
61.7344 -42.5908
61.8155 -42.7531
61.7864 -42.8547
61.6928 -42.4345
61.7158 -42.2631
61.6928 -42.3095
61.6822 -42.3844
61.6564 -42.3978
61.6444 -42.3195
61.6222 -42.3267
61.6136 -42.4686
61.5642 -42.4283
61.5553 -42.7264
61.5928 -43.0799
61.5239 -42.9361
61.5297 -42.5317
61.4408 -42.5272
61.4278 -42.4139
61.4061 -42.4364
61.3739 -42.5047
61.3219 -42.5797
61.3083 -42.6914
61.2855 -42.6481
61.3453 -43.1584
61.3403 -43.2447
61.3219 -43.1439
61.3053 -42.8933
61.2739 -42.7753
61.2497 -42.9039
61.2161 -42.5892
61.1817 -42.765
61.203 -43.1283
61.1367 -42.6922
61.0983 -42.63
61.13 -43.412
61.135 -43.5975
61.1197 -43.5864
61.083 -43.0045
61.05 -43.0092
61.063 -42.7406
61.0386 -42.7647
60.9978 -42.6617
60.9753 -42.6967
61.0178 -42.7853
60.9861 -42.7933
60.9492 -42.8014
60.9275 -42.7289
60.883 -43.0375
60.9386 -43.4825
60.9078 -43.4806
60.8692 -43.1119
60.8203 -42.79
60.7992 -42.8095
60.8031 -43.2731
60.7753 -43.2636
60.7956 -43.1103
60.745 -42.7872
60.6941 -42.8206
60.6525 -42.9106
60.6706 -43.2744
60.6261 -43.0092
60.6422 -42.8981
60.6875 -42.7872
60.6689 -42.7656
60.6042 -42.8336
60.6039 -43.1425
60.5811 -42.8759
60.54 -42.982
60.5378 -43.1442
60.5194 -43.027
60.4981 -43.0784
60.5444 -43.3175
60.4828 -43.1453
60.4647 -43.202
60.5317 -43.5353
60.6236 -43.6442
60.7058 -43.6744
60.6925 -43.7106
60.5628 -43.6203
60.5486 -43.63
60.5994 -44.1961
60.5853 -44.1936
60.5392 -43.8517
60.4911 -43.8036
60.4458 -43.83
60.4439 -43.7853
60.5205 -43.7533
60.4564 -43.3417
60.4369 -43.3131
60.3181 -43.5928
60.3155 -43.5592
60.3558 -43.4342
60.3278 -43.3586
60.37 -43.4022
60.3953 -43.3064
60.3772 -43.1706
60.3511 -43.1659
60.3525 -43.2928
60.3266 -43.1322
60.3069 -43.105
60.2744 -43.177
60.238 -43.1239
60.2244 -43.3031
60.1767 -43.11
60.1436 -43.117
60.1686 -43.1992
60.1344 -43.2097
60.1161 -43.0939
60.0825 -43.1245
60.1353 -43.5878
60.1897 -43.6264
60.1469 -43.66
60.1842 -44.0967
60.1922 -44.1706
60.2825 -44.0522
60.3553 -44.0586
60.3842 -44.1011
60.2864 -44.0808
60.25 -44.1581
60.3333 -44.2453
60.3278 -44.2714
60.2592 -44.2189
60.2208 -44.235
60.2297 -44.3178
60.1917 -44.2622
60.1503 -44.3092
60.1528 -44.4439
60.0064 -44.552
59.9814 -44.6109
60.0044 -44.6645
60.1011 -44.6661
60.0942 -44.6967
59.9969 -44.7128
59.9925 -44.7611
60.1136 -44.8847
60.1428 -44.847
60.1533 -44.8861
60.1078 -44.9275
60.0258 -44.8356
60.0319 -44.9697
60.0756 -44.9445
60.1033 -45.1039
60.0664 -45.1053
60.0786 -45.162
60.1086 -45.1381
60.19 -44.8247
60.1978 -44.7611
60.2183 -44.7683
60.2039 -44.8339
60.243 -44.8128
60.2744 -44.7306
60.3283 -44.7167
60.5097 -44.4761
60.5614 -44.4667
60.2039 -44.9258
60.1664 -45.2003
60.2125 -45.18
60.2803 -45.0836
60.3244 -44.9278
60.3608 -44.9403
60.4683 -44.8459
60.4883 -44.9289
60.6017 -44.7692
60.6508 -44.7753
60.7375 -44.631
60.6711 -44.8136
60.5689 -44.88
60.4764 -45.0128
60.4342 -45.2128
60.4575 -45.2789
60.6025 -45.1481
60.6575 -45.0614
60.6297 -45.2342
60.5883 -45.2061
60.4916 -45.4781
60.5133 -45.4606
60.545 -45.3806
60.6053 -45.3739
60.6811 -45.2078
60.6658 -45.2975
60.7186 -45.3153
60.7 -45.3775
60.6569 -45.3581
60.6083 -45.467
60.5614 -45.4667
60.5811 -45.505
60.4739 -45.567
60.5089 -45.617
60.5336 -45.6758
60.5769 -45.5914
60.5608 -45.6892
60.6064 -45.7106
60.6353 -45.6836
60.6314 -45.7636
60.6025 -45.8056
60.5531 -45.7975
60.5728 -45.972
60.6772 -45.6378
60.6986 -45.5792
60.7078 -45.6053
60.6664 -45.7345
60.6939 -45.8545
60.7636 -45.5775
60.7778 -45.6286
60.9019 -45.2531
60.9264 -45.3147
60.9814 -45.3317
61.0075 -45.3922
60.9961 -45.4164
60.9575 -45.3878
60.7486 -45.7997
60.7522 -45.8806
60.8019 -45.8233
60.8266 -45.7547
60.8492 -45.8739
60.7986 -45.9986
60.7358 -46.0114
60.725 -46.1561
60.7536 -46.2217
60.7722 -46.2158
60.8741 -45.8728
60.883 -45.9869
60.8064 -46.1353
60.8064 -46.1925
60.8844 -46.022
61.0955 -45.2822
61.1869 -45.2006
61.2047 -45.217
61.0933 -45.355
61.0986 -45.39
61.2475 -45.5014
61.1758 -45.5211
61.1105 -45.4808
61.0003 -45.6461
60.9122 -46.007
60.9211 -46.0656
60.968 -46.1058
61.0381 -45.9078
61.0742 -45.6817
61.0905 -45.7778
61.1417 -45.6203
61.1689 -45.6989
61.1789 -45.7772
61.2166 -45.8692
61.2644 -45.8317
61.3189 -45.7147
61.335 -45.7903
61.2333 -45.9328
61.2472 -46.1145
61.1767 -45.8567
61.1325 -45.8381
61.1297 -45.9522
61.0925 -45.9145
61.0447 -46.0559
61.0678 -46.2897
61.0453 -46.1764
61.0158 -46.1214
60.9797 -46.2114
60.9836 -46.2531
61.0456 -46.2633
61.0841 -46.4064
61.0466 -46.3767
61.0147 -46.5131
61.0178 -46.5622
60.9503 -46.5417
60.9708 -46.6375
60.9228 -46.6031
60.9069 -46.6567
60.9244 -46.88
60.8878 -46.7106
60.8533 -46.7167
60.7975 -46.9283
60.8167 -46.9806
60.8786 -46.8475
60.8283 -47.0297
60.8769 -47.0409
60.9294 -46.9147
60.9525 -46.9486
60.9286 -47.1758
60.8939 -47.2483
60.9508 -47.2984
60.8778 -47.727
60.8444 -47.7528
60.8891 -47.4767
60.8708 -47.3275
60.8591 -47.3256
60.8086 -47.6542
60.8761 -47.9244
60.8114 -48.1867
60.8222 -48.2428
60.863 -48.1772
60.9986 -47.7025
61.0114 -47.7197
60.9772 -48.3739
60.9958 -48.4072
61.0203 -48.2303
61.0328 -47.87
61.0419 -47.8336
61.0758 -47.8558
61.0553 -47.92
61.0858 -47.9283
61.1878 -47.7695
61.0878 -48.0667
61.1139 -48.1167
61.1803 -48.2167
61.205 -48.2075
61.2578 -48.0997
61.295 -48.0817
61.3239 -47.9164
61.3269 -48.0428
61.3119 -48.1603
61.2481 -48.1822
61.1758 -48.287
61.1364 -48.2167
61.1292 -48.3881
61.1555 -48.4408
61.1856 -48.3095
61.2094 -48.2978
61.2189 -48.3059
61.1725 -48.4714
61.1914 -48.5411
61.2416 -48.5553
61.208 -48.6381
61.243 -48.6344
61.285 -48.5778
61.2972 -48.3919
61.3069 -48.3814
61.2975 -48.5045
61.3472 -48.4828
61.3683 -48.3497
61.3819 -48.5575
61.3922 -48.6717
61.4389 -48.6422
61.3728 -48.8564
61.4003 -48.8614
61.395 -49.06
61.458 -48.8486
61.528 -48.4761
61.5606 -48.3378
61.5761 -48.3217
61.605 -48.3442
61.4542 -48.9967
61.4892 -49.0283
61.4906 -49.1047
61.5133 -49.1119
61.5336 -49.0453
61.5522 -49.2811
61.5747 -49.242
61.6011 -49.2547
61.6025 -48.7314
61.6339 -48.5903
61.615 -48.8636
61.6422 -48.9386
61.618 -49.0517
61.6872 -49.0692
61.7333 -48.9297
61.7828 -48.87
61.7186 -49.1422
61.8169 -49.1167
61.9555 -48.747
61.9847 -48.7631
61.9803 -48.9197
61.86 -49.1614
61.83 -49.1931
61.7455 -49.1828
61.7119 -49.2345
61.7655 -49.3542
61.893 -49.1744
61.9061 -49.2189
61.8225 -49.4206
61.8469 -49.4408
61.9286 -49.3275
61.9369 -49.4047
62.0486 -48.8933
62.0772 -48.8706
62.0817 -49.0111
62.1333 -48.9739
62.0753 -49.0753
62.0836 -49.0992
62.2042 -49.0061
62.2122 -49.0353
62.1075 -49.1486
62.0275 -49.15
61.9983 -49.3836
62.0633 -49.3861
62.0586 -49.4278
61.9964 -49.5372
61.9955 -49.6697
62.0194 -49.6964
62.0703 -49.4742
62.0872 -49.5019
62.0886 -49.6845
62.1158 -49.6936
62.0961 -49.4525
62.0766 -49.3358
62.1136 -49.4261
62.1342 -49.2936
62.1722 -49.2942
62.1589 -49.3631
62.2047 -49.3472
62.2025 -49.4006
62.1497 -49.4522
62.1494 -49.6845
62.245 -49.4706
62.2272 -49.3431
62.2614 -49.2933
62.2505 -49.5689
62.2989 -49.5364
62.2739 -49.7958
62.3061 -49.7956
62.285 -49.8795
62.3644 -49.9064
62.3083 -49.9681
62.3225 -50.0286
62.393 -50.1325
62.4908 -50.3134
62.6697 -50.2239
62.735 -50.0717
62.7892 -50.0533
62.8836 -49.8795
62.895 -49.8861
62.7753 -50.1461
62.7006 -50.265
62.7389 -50.3156
63.0567 -49.7006
63.0594 -49.797
62.8825 -50.257
62.7847 -50.3508
62.8514 -50.4003
62.9916 -50.2297
63.0086 -50.1481
63.0453 -50.2431
62.9744 -50.282
62.9494 -50.4661
62.9742 -50.61
63.008 -50.4961
63.0541 -50.5142
63.0242 -50.5539
63.0547 -50.5947
63.0944 -50.6064
63.1364 -50.4358
63.1625 -50.4525
63.1944 -50.3678
63.2225 -50.0472
63.2355 -50.36
63.1858 -50.4425
63.2072 -50.5345
63.2128 -50.6945
63.1375 -50.9053
63.1769 -50.9197
63.2408 -50.7834
63.24 -50.8358
63.1578 -50.9845
63.1842 -51.0595
63.218 -51.0484
63.2414 -50.9561
63.2575 -50.9745
63.2625 -51.0484
63.2919 -51.0231
63.2928 -51.0897
63.3394 -51.1078
63.3689 -51.0442
63.3897 -51.0622
63.4636 -51.0039
63.4736 -51.0475
63.3828 -51.1075
63.378 -51.1584
63.423 -51.132
63.44 -51.1725
63.4664 -51.1728
63.5017 -51.0292
63.5275 -50.7731
63.5544 -50.7611
63.5233 -51.0831
63.5742 -51.1419
63.6081 -51.1425
63.6061 -50.8997
63.6436 -50.5872
63.6083 -50.5536
63.6672 -50.505
63.6419 -51.122
63.6217 -51.187
63.5186 -51.1181
63.503 -51.1564
63.5511 -51.3692
63.5672 -51.3914
63.6247 -51.3028
63.6783 -51.5314
63.7186 -51.3478
63.703 -51.5511
63.7597 -51.5314
63.8067 -51.4117
63.8083 -51.4539
63.843 -51.4767
63.8872 -51.3769
63.9414 -51.4447
63.9617 -51.3636
63.985 -51.4234
63.9689 -51.4995
64.0105 -51.6581
64.043 -51.5614
64.0072 -51.3325
64.0294 -51.3353
64.0544 -51.3881
64.0936 -50.8733
64.1703 -50.6886
64.1614 -50.3378
64.2 -50.2161
64.1886 -50.1119
64.0916 -50.0728
64.133 -50.0717
64.1641 -50.0797
64.1972 -50.0478
64.2369 -50.1395
64.1783 -50.5406
64.2139 -50.5328
64.3472 -50.3353
64.3461 -50.4181
64.2333 -50.5928
64.0825 -51.4047
64.1111 -51.6308
64.1236 -51.6478
64.1694 -51.5475
64.1397 -51.3578
64.1833 -51.4946
64.18 -51.7531
64.203 -51.7467
64.1875 -51.3595
64.173 -51.2611
64.25 -50.8497
64.2597 -50.9064
64.2608 -51.0103
64.3053 -50.9869
64.4005 -50.9022
64.4258 -50.795
64.3961 -50.6431
64.4466 -50.6981
64.383 -50.3633
64.443 -50.1781
64.4744 -50.1939
64.4305 -50.4631
64.4697 -50.6409
64.4811 -50.6522
64.5428 -50.4453
64.5175 -50.6506
64.5553 -50.6659
64.5855 -50.6247
64.583 -50.8792
64.6108 -50.8911
64.6522 -50.7925
64.63 -50.5953
64.658 -50.4567
64.6747 -50.4808
64.6583 -50.602
64.6917 -50.6281
64.6897 -50.4022
64.6655 -50.2914
64.5016 -50.1728
64.3327 -49.6664
64.3396 -49.5846
64.428 -49.6947
64.4283 -49.7881
64.5247 -50.0608
64.6316 -50.1236
64.6872 -49.9895
64.7077 -50.0453
64.695 -50.1647
64.7261 -50.2139
64.7602 -50.1889
64.8616 -49.9997
64.8369 -50.1486
64.758 -50.3739
64.763 -50.5433
64.9675 -50.7128
65.0089 -50.6886
65.0219 -50.7792
65.1186 -50.8397
65.2 -50.7331
65.15 -50.8781
65.2197 -50.9789
65.1494 -50.9606
65.1003 -50.8858
65.0797 -50.9422
65.0622 -50.8797
64.9786 -50.8844
65.0028 -50.7431
64.9508 -50.7147
64.8819 -50.7172
64.8314 -50.6453
64.7944 -50.71
64.7616 -50.6334
64.7402 -50.6989
64.7689 -50.7133
64.615 -51.1286
64.6191 -51.2106
64.7158 -51.1556
64.7547 -51.0242
64.7858 -51.0647
64.7758 -51.185
64.7305 -51.2953
64.6503 -51.335
64.6164 -51.4136
64.478 -51.4906
64.3705 -51.7128
64.3061 -51.6653
64.2 -51.985
64.235 -52.0334
64.2958 -52.0131
64.3222 -52.0736
64.3991 -52.0395
64.383 -52.1039
64.4883 -52.0814
64.5519 -52.1025
64.6144 -52.0478
64.6772 -52.1531
64.743 -52.0539
64.7361 -51.9708
64.8139 -51.8872
64.8855 -51.6158
64.8561 -51.5395
64.9514 -51.4139
65.0039 -51.2589
65.0333 -51.275
65.0019 -51.3217
64.9505 -51.495
64.888 -51.6945
64.9669 -51.6464
64.9916 -51.5533
65.0214 -51.6786
64.9786 -51.7364
64.8958 -51.7942
64.8655 -51.7556
64.7886 -52.0778
64.8144 -52.0858
64.8569 -51.9589
64.8764 -51.9425
64.9189 -52.0572
64.8622 -52.0453
64.7997 -52.1803
64.8297 -52.2247
64.8578 -52.16
64.8839 -52.2222
64.9089 -52.2206
64.9622 -52.0159
64.9791 -52.0114
64.9808 -52.0956
65.0102 -52.0717
65.0647 -52.26
65.0841 -52.2853
65.1108 -52.2172
65.1202 -52.1506
65.1647 -52.2128
65.303 -52.0145
65.3044 -52.042
65.2103 -52.1967
65.1991 -52.3075
65.3114 -52.1864
65.3308 -52.2086
65.2878 -52.3192
65.338 -52.3303
65.1869 -52.5097
65.2283 -52.5031
65.2919 -52.452
65.2805 -52.5122
65.3153 -52.5634
65.39 -52.4078
65.5428 -51.8556
65.5739 -51.8378
65.6019 -51.8822
65.64 -51.8786
65.7489 -51.3922
65.7602 -50.9825
65.6808 -50.7436
65.7022 -50.5428
65.7114 -50.5514
65.6897 -50.7378
65.7097 -50.7922
65.7503 -50.6847
65.7972 -51.2325
65.673 -51.9789
65.5608 -51.9164
65.5039 -52.0556
65.388 -52.4911
65.4247 -52.54
65.5186 -52.4439
65.5089 -52.5747
65.5266 -52.6042
65.5025 -52.6845
65.528 -52.7842
65.5694 -52.7886
65.6125 -52.6645
65.6419 -52.7175
65.6333 -52.7672
65.6647 -52.7525
65.7369 -52.6809
65.7939 -52.6772
65.8011 -52.7117
65.6827 -52.7836
65.6669 -53.1506
65.6822 -53.2361
65.7208 -53.1608
65.795 -52.8592
65.8064 -52.9025
65.7283 -53.2189
65.7469 -53.2686
65.8058 -53.0325
65.8103 -53.0867
65.848 -53.055
65.9336 -52.6636
65.8847 -52.5089
65.8911 -52.2659
65.9105 -52.2672
65.9986 -52.005
66.0052 -51.9283
66.0155 -51.86
66.0658 -51.7928
65.9989 -52.175
65.9036 -52.2989
65.9019 -52.5056
65.9489 -52.5975
65.9919 -52.5183
66.0122 -52.5736
65.9608 -52.6839
65.945 -52.7883
65.8569 -53.1392
65.8652 -53.2242
65.8878 -53.2147
65.8894 -53.1442
65.9102 -53.2645
65.9936 -53.0414
65.9314 -53.3617
65.9572 -53.4608
65.9794 -53.4658
66.0189 -53.3033
66.0339 -53.3256
66.0205 -53.4397
66.0341 -53.4625
66.1708 -53.005
66.2478 -52.7675
66.3661 -52.5878
66.4878 -51.9647
66.5194 -52.0314
66.6197 -51.9183
66.7053 -51.5817
66.7008 -51.4506
66.7216 -51.4656
66.735 -51.5239
66.8439 -51.2714
66.8789 -51.1131
66.8236 -50.8014
66.8719 -50.9097
66.8997 -51.007
66.9347 -50.9567
66.9455 -51.0445
66.7322 -51.68
66.658 -51.9778
66.5183 -52.122
66.3525 -52.7106
66.2316 -52.9133
66.1189 -53.3075
66.1183 -53.6483
66.1336 -53.6617
66.2353 -53.5111
66.2402 -53.6119
66.2766 -53.6584
66.3066 -53.6361
66.3269 -53.6967
66.398 -53.6681
66.4255 -53.63
66.435 -53.6584
66.483 -53.5989
66.5286 -53.5133
66.5116 -53.0547
66.5486 -52.9347
66.5186 -52.4831
66.5422 -52.4183
66.5761 -52.95
66.5455 -53.1728
66.5703 -53.427
66.5939 -53.3861
66.6161 -53.3331
66.6008 -53.4747
66.6644 -53.3681
66.6816 -53.0959
66.68 -52.8514
66.7039 -52.5831
66.7314 -52.6556
66.773 -52.6986
66.8008 -52.6503
66.8255 -52.6703
66.7608 -53.0939
66.7928 -53.0739
66.8108 -53.0775
66.8358 -53.0533
66.8636 -52.5858
66.8519 -52.3811
66.873 -52.4628
66.8928 -52.2956
66.9189 -52.3417
66.9055 -52.4786
66.9455 -52.5022
66.9783 -52.4645
66.8908 -52.7395
66.9466 -53.7481
66.9644 -53.817
66.9886 -53.8195
66.9928 -53.6083
67.0136 -53.7956
67.0591 -53.8356
67.0716 -53.7909
67.0689 -53.5431
67.1086 -53.3867
67.0739 -53.9567
67.1628 -53.8511
67.1891 -53.6478
67.1986 -53.3961
67.21 -53.4795
67.215 -53.5892
67.2392 -53.4772
67.2672 -52.9056
67.3175 -52.6139
67.3314 -51.5875
67.3011 -51.467
67.1602 -51.3056
67.1236 -51.1897
67.1875 -50.3488
67.2222 -50.5331
67.1558 -51.2225
67.3464 -51.5225
67.3661 -51.4828
67.403 -51.1542
67.4228 -51.1381
67.3528 -51.9672
67.3994 -52.1414
67.3094 -53.2156
67.2055 -53.7772
67.2569 -53.8803
67.4055 -53.8214
67.5536 -53.3267
67.6733 -52.9225
67.6783 -52.9578
67.65 -53.0917
67.6783 -53.0717
67.7205 -52.8956
67.7353 -52.8175
67.7494 -52.7453
67.733 -52.3081
67.6747 -51.9156
67.6283 -51.8247
67.6328 -51.1622
67.4819 -50.5995
67.4933 -50.1967
67.5322 -50.7131
67.5958 -50.8761
67.7311 -50.2747
67.6833 -49.9772
67.7005 -49.9561
67.745 -50.2636
67.6322 -50.8236
67.6242 -51.0081
67.6591 -50.9045
67.7103 -51.3178
67.7336 -51.2972
67.7169 -51.0231
67.8197 -50.6494
67.8466 -50.4325
67.8894 -50.4689
67.9036 -50.7986
67.8461 -50.8514
67.8758 -50.7586
67.8486 -50.6503
67.7611 -51.14
67.7783 -51.2314
67.8378 -51.2509
67.8755 -51.3684
67.905 -51.1111
67.8753 -50.9997
67.9144 -50.9722
67.9691 -51.0575
67.9725 -51.1845
67.9183 -51.3747
67.9344 -51.5614
67.9228 -51.5717
67.83 -51.3297
67.8111 -51.3214
67.7755 -51.3961
67.745 -51.3825
67.7505 -51.5886
67.698 -51.6945
67.7275 -51.84
67.7564 -51.8
67.7819 -51.6683
67.7772 -51.8095
67.7466 -51.9289
67.8066 -52.3017
67.8244 -52.342
67.8628 -52.1553
67.8814 -51.92
67.9641 -51.6481
67.7897 -52.677
67.7639 -52.9703
67.5153 -53.5675
67.5222 -53.7209
67.6064 -53.7531
67.6516 -53.5631
67.7586 -53.5553
67.7919 -53.7017
67.8239 -53.6039
67.8553 -53.4845
67.8183 -53.4567
67.7944 -53.4478
67.8094 -53.2489
67.8719 -53.4806
67.8952 -53.4353
67.8802 -53.3059
67.8558 -53.2739
67.88 -53.0559
67.9091 -53.1261
67.9058 -53.2967
67.9286 -53.24
67.9653 -53.1967
67.9727 -52.9206
67.9869 -52.9264
67.983 -53.26
68.04 -53.1959
68.0628 -53.0817
67.935 -52.5761
67.9397 -52.2506
67.923 -52.1884
67.945 -52.0939
67.9778 -52.065
67.9503 -52.1906
67.9727 -52.677
68.1111 -53.1406
68.1594 -53.0833
68.1733 -53.1281
68.1311 -53.2686
68.1528 -53.2822
68.1522 -53.4544
68.198 -53.1703
68.1655 -52.797
68.1897 -52.7797
68.1891 -52.5797
68.0514 -51.972
68.065 -51.2028
67.9154 -50.6123
67.9128 -50.2506
67.9333 -50.1533
67.9436 -50.1503
67.9644 -50.55
67.9952 -50.5456
68.0853 -51.0433
68.1475 -51.207
68.1941 -51.4242
68.2041 -51.4242
68.2108 -51.092
68.2891 -51.1481
68.3705 -51.1269
68.3822 -51.1767
68.4028 -51.1803
68.4058 -51.3933
68.4272 -51.5878
68.4019 -51.6078
68.2905 -51.24
68.2086 -52.2483
68.1937 -52.4989
68.2275 -52.4467
68.2533 -52.5581
68.2908 -52.5383
68.2647 -52.76
68.2316 -52.6325
68.2505 -52.9314
68.2694 -52.9272
68.3066 -52.7814
68.2828 -53.1097
68.3066 -53.2061
68.2694 -53.3439
68.3303 -53.3881
68.3514 -53.242
68.3069 -53.0883
68.4075 -52.8095
68.4647 -52.4261
68.5097 -52.4733
68.5825 -51.9478
68.5541 -51.9497
68.5419 -51.3639
68.5603 -51.3475
68.5569 -51.1633
68.6014 -51.0739
68.6455 -51.0039
68.6683 -51.0303
68.6986 -51.0603
68.6133 -50.8761
68.6305 -50.8539
68.6666 -50.9164
68.7325 -50.9872
68.7714 -50.7772
68.8105 -50.7511
68.7336 -51.1242
68.7516 -51.2911
68.9319 -50.9633
68.9108 -51.0595
68.8869 -51.0756
68.8891 -51.1903
68.9269 -51.1145
68.9808 -51.0811
69.0405 -51.1328
69.0494 -51.0817
69.098 -51.1222
69.1261 -50.7692
69.1008 -50.7342
69.0694 -50.9042
69.0769 -50.6595
69.023 -50.5256
68.9447 -50.5186
68.9019 -50.3453
68.925 -50.3111
68.9725 -50.4667
69.013 -50.4925
69.0241 -50.4628
68.9972 -50.3381
69.0478 -50.3453
69.055 -50.2592
69.0194 -50.26
68.9853 -50.2967
68.9594 -50.247
68.9641 -50.2061
69.0394 -50.1886
69.0761 -50.255
69.0514 -50.4345
69.1028 -50.6806
69.128 -50.6744
69.1222 -50.4944
69.1589 -50.1595
69.2041 -50.1297
69.2247 -50.1453
69.1922 -50.2733
69.2011 -50.4703
69.2375 -50.4614
69.3361 -50.3728
69.3383 -50.4325
69.3086 -50.5242
69.2586 -50.5475
69.2216 -50.5719
69.173 -50.8861
69.1975 -51.1192
69.2183 -51.0961
69.2828 -50.8681
69.3203 -50.9931
69.338 -50.9681
69.3416 -50.8345
69.393 -50.8992
69.4314 -50.8389
69.4575 -50.8658
69.485 -50.6945
69.4461 -50.4828
69.488 -50.5167
69.5064 -50.232
69.5291 -50.2289
69.4861 -50.8781
69.5139 -50.8753
69.5547 -50.7914
69.5833 -50.7953
69.6208 -50.8461
69.6339 -50.8253
69.6433 -50.7478
69.5916 -50.4181
69.6144 -50.4244
69.6525 -50.4408
69.6697 -50.7853
69.7058 -50.8195
69.7833 -50.5975
69.7575 -50.192
69.8355 -50.3217
69.8733 -50.3136
69.9255 -50.5897
69.9733 -50.5658
69.9764 -50.3061
70.0153 -50.2122
70.0361 -50.2428
70.0414 -50.37
69.9958 -50.6956
69.9625 -51.2858
70.0333 -51.0467
69.9939 -50.985
70.0233 -50.8611
70.0391 -50.9089
70.0677 -51.2514
69.9597 -51.4556
69.975 -51.5692
70.0283 -51.5453
70.0078 -51.6392
70.0522 -52.2653
70.1405 -52.4828
70.28 -52.8769
70.3908 -53.9345
70.5891 -54.3661
70.6541 -54.6281
70.7311 -54.5445
70.7997 -54.2933
70.8297 -54.0636
70.7447 -52.7225
70.4805 -51.7553
70.3227 -50.6764
70.333 -50.5592
70.3608 -50.5367
70.3939 -50.5959
70.3858 -50.6625
70.4041 -50.6753
70.49 -50.5314
70.4164 -50.7781
70.4308 -51.0372
70.463 -51.0961
70.4678 -50.9836
70.4761 -50.9517
70.5058 -51.0575
70.5014 -51.2125
70.5667 -51.3453
70.6233 -51.1967
70.5075 -50.8778
70.54 -50.8739
70.5708 -50.8981
70.5378 -50.7642
70.5547 -50.7567
70.6111 -50.9878
70.6286 -50.9758
70.6572 -50.8672
70.6147 -50.6586
70.6239 -50.6181
70.6455 -50.6533
70.6825 -50.8717
70.6591 -51.1011
70.7275 -51.0794
70.763 -51.0717
70.688 -51.2067
70.7064 -51.43
70.7516 -51.4345
70.7666 -51.2767
70.8069 -51.2686
70.8083 -51.2211
70.7147 -50.7997
70.7072 -50.6825
70.7402 -50.6334
70.8189 -50.9189
70.9 -51.4283
71.0266 -51.952
71.0658 -51.8217
70.9539 -51.1903
70.9711 -50.95
71.0219 -50.9183
71.0539 -51.4689
71.0705 -51.4831
71.0908 -51.3781
71.1122 -51.3895
71.1286 -51.2428
71.1455 -51.257
71.1072 -51.6092
71.1341 -51.8175
71.0944 -52.0614
71.1175 -52.2442
71.1339 -52.2356
71.2519 -51.8639
71.2528 -51.58
71.2747 -51.5272
71.3053 -51.5292
71.3403 -51.6922
71.3614 -51.6458
71.3369 -51.8069
71.2542 -52.0156
71.1408 -52.4828
71.16 -52.5486
71.1961 -52.5494
71.2227 -52.4889
71.2405 -52.3139
71.2833 -52.2467
71.3525 -52.2822
71.428 -51.9728
71.4397 -51.3881
71.483 -51.3455
71.5052 -51.7119
71.3775 -52.3994
71.3814 -52.7075
71.4228 -52.9908
71.5216 -52.6986
71.5628 -52.4306
71.5716 -52.1253
71.6116 -51.7514
71.7041 -51.6422
71.7278 -51.6645
71.7216 -51.7834
71.6553 -51.8639
71.6119 -52.1522
71.6302 -52.5714
71.6894 -52.5781
71.68 -52.9025
71.7083 -53.2633
71.8167 -52.9214
71.8611 -52.8567
71.8739 -52.9042
71.9089 -52.9084
71.9922 -52.7006
72.0155 -52.7089
72.0114 -52.7811
71.9055 -53.0331
71.8425 -52.9839
71.7708 -53.3289
71.7797 -53.3733
71.8222 -53.3219
71.8569 -53.3192
71.9178 -53.3814
72.0339 -53.3933
72.0636 -53.4422
72.1183 -53.6906
72.1444 -53.7217
72.2428 -53.7531
72.3097 -53.8497
72.3369 -53.8236
72.3483 -53.5603
72.3622 -53.622
72.3369 -53.9397
72.3133 -53.9506
72.2583 -53.8478
72.2147 -53.8453
72.1314 -53.8017
72.0444 -53.5814
71.8519 -53.3967
71.8341 -53.4122
71.7369 -53.6339
71.7469 -53.8783
71.7153 -53.765
71.6794 -53.7217
71.6494 -53.7308
71.6283 -53.8014
71.6425 -53.9333
71.7116 -54.0331
71.7075 -54.1003
71.6767 -54.0414
71.6336 -54.0995
71.5469 -53.8481
71.5086 -53.8561
71.4419 -53.9159
71.3633 -54.4183
71.3619 -54.8781
71.4272 -54.97
71.4283 -55.1211
71.4641 -55.1836
71.4833 -55.2675
71.3866 -55.117
71.3775 -55.1656
71.3986 -55.3842
71.4789 -55.5556
71.6292 -55.6778
71.6247 -55.6075
71.6444 -55.5831
71.6728 -55.8795
71.7139 -55.8522
71.8027 -55.4439
71.7686 -55.2581
71.83 -55.3764
71.8816 -55.32
71.9186 -54.8228
72.06 -54.5203
72.22 -54.4306
72.0589 -54.6481
72.018 -54.6267
71.9314 -54.92
71.9239 -55.2672
71.9847 -55.5897
72.0419 -55.5133
72.0617 -55.2831
72.0803 -55.4036
72.0939 -55.4028
72.2464 -54.8839
72.3622 -54.9445
72.3508 -54.7647
72.3644 -54.8114
72.4039 -54.9708
72.3735 -55.2108
72.3725 -55.2858
72.465 -55.3108
72.4605 -55.3417
72.4019 -55.3459
72.3897 -55.5072
72.4211 -55.6261
72.4477 -55.6439
72.5219 -55.4703
72.505 -55.3736
72.5072 -54.9828
72.5269 -55.0186
72.5736 -54.9864
72.6092 -54.6581
72.6292 -54.6425
72.6339 -54.8439
72.6722 -54.8722
72.6941 -54.5897
72.743 -54.7531
72.7722 -54.5353
72.7969 -54.5695
72.7589 -54.8256
72.7794 -54.9217
72.828 -54.605
72.9025 -54.6978
72.9327 -54.8114
72.9842 -54.7808
72.9986 -54.7981
72.9947 -55.0172
73.0116 -55.0528
73.058 -55.0103
73.0628 -55.0272
73.0128 -55.1584
73.0369 -55.22
73.0558 -55.6761
73.0928 -55.7095
73.1211 -55.652
73.1061 -55.4792
73.1641 -55.3597
73.1794 -55.3606
73.1819 -55.1453
73.2122 -55.1475
73.2383 -55.352
73.2597 -55.4586
73.31 -55.3311
73.3278 -55.3672
73.3883 -55.2542
73.3531 -55.0999
73.4116 -55.17
73.4511 -55.4445
73.5783 -55.6622
73.6319 -56.0231
73.6591 -56.0675
73.6772 -55.8497
73.6875 -55.8489
73.6772 -56.0192
73.6927 -56.0378
73.7158 -55.9264
73.7366 -55.9506
73.7625 -55.9464
73.6989 -55.6581
73.7272 -55.615
73.7552 -55.8378
73.8561 -55.9386
73.8358 -55.6717
73.8608 -55.632
73.8875 -55.6939
73.9611 -56.0995
74.005 -56.0881
74.0508 -56.36
74.1147 -56.1986
74.1158 -56.3117
74.2558 -56.14
74.2794 -56.1725
74.1464 -56.6744
74.0972 -57.3081
74.1394 -57.2834
74.2847 -56.3203
74.3069 -56.3275
74.2928 -56.5742
74.3275 -56.5317
74.3347 -56.6903
74.3491 -56.6906
74.3775 -56.1281
74.3939 -56.1431
74.4141 -56.2125
74.4025 -56.5878
74.4494 -56.7875
74.4791 -56.1445
74.5105 -56.262
74.5553 -56.2067
74.5419 -56.3772
74.6016 -56.5997
74.6139 -56.5045
74.6441 -56.4728
74.6511 -56.7617
74.6816 -56.7772
74.6777 -57.0264
74.7389 -57.0486
74.735 -57.1567
74.7653 -57.1556
74.7964 -57.122
74.7594 -56.9789
74.8227 -56.8033
74.8678 -56.9989
74.9178 -57.0492
74.9033 -57.2753
75.053 -57.9275
75.0436 -58.1058
75.0603 -58.1547
75.1025 -58.1308
75.1358 -57.9806
75.1661 -57.9183
75.1927 -57.9892
75.203 -58.2233
75.2919 -58.4095
75.3203 -58.43
75.3294 -58.3031
75.3639 -58.3597
75.3872 -58.2611
75.4022 -58.2572
75.3939 -58.4342
75.3389 -58.5231
75.3464 -58.6978
75.37 -58.6625
75.4353 -58.2217
75.4855 -58.1814
75.5253 -58.1792
75.5672 -58.4331
75.6486 -58.3161
75.6678 -58.6
75.6919 -58.5614
75.6977 -58.4456
75.7336 -58.5372
75.7077 -59.0753
75.75 -59.0525
75.7719 -59.0959
75.7575 -59.1989
75.7755 -59.2267
75.8077 -59.2311
75.8114 -59.3008
75.8461 -59.14
75.8722 -59.2164
75.8597 -59.5111
75.7936 -59.76
75.8161 -59.8156
75.835 -59.7956
75.9141 -59.6028
75.9619 -59.7903
75.9197 -59.9183
75.9741 -60.1139
75.9974 -60.1156
76.065 -60.515
75.9933 -60.7383
76.0869 -60.9042
76.1092 -60.8308
76.1505 -60.8619
76.1753 -61.2994
76.165 -61.4628
76.1989 -61.7436
76.2222 -62.1809
76.2436 -62.1725
76.2866 -62.2397
76.2628 -62.6264
76.235 -62.7753
76.2111 -62.7308
76.1936 -62.7789
76.2441 -62.8564
76.2744 -62.8209
76.2978 -62.8539
76.3394 -63.0597
76.3702 -63.4814
76.3111 -63.5045
76.1997 -63.7453
76.1758 -63.725
76.1347 -64.0125
76.1575 -64.1389
76.2605 -64.2153
76.3153 -64.1664
76.353 -64.3175
76.345 -64.4264
76.2791 -64.3659
76.233 -64.4331
76.2586 -64.6833
76.2194 -64.6786
76.17 -64.5717
76.1686 -64.6981
76.1269 -64.6039
76.1197 -64.6945
76.1725 -64.8453
76.1744 -65.0211
76.1083 -64.975
76.1352 -65.2389
76.1653 -65.2003
76.1822 -65.2128
76.1694 -65.3589
76.148 -65.3195
76.1294 -65.3639
76.0714 -65.2956
76.023 -65.367
76.03 -65.6306
76.0997 -65.8886
76.148 -65.7497
76.2047 -65.7711
76.228 -65.5864
76.265 -65.6803
76.2819 -66.1773
76.2236 -66.2122
76.1472 -66.4078
76.1083 -66.3639
76.0869 -66.3975
76.0891 -66.5095
76.178 -66.757
76.2114 -66.6703
76.2169 -66.8106
76.2414 -66.8192
76.2628 -67.032
76.1914 -67.2811
76.1628 -67.3047
76.133 -67.0406
76.0991 -67.0111
76.075 -67.0597
75.9811 -66.6178
75.9133 -66.4514
75.9089 -66.5036
76.0914 -68.5172
76.1189 -68.5697
76.1366 -68.4486
76.1566 -68.4747
76.1608 -68.8092
76.1867 -68.7489
76.2189 -68.927
76.2428 -68.9125
76.2986 -69.3256
76.3808 -69.6336
76.4358 -69.5695
76.4816 -69.0656
76.5861 -68.7114
76.5791 -68.0306
76.5994 -67.9828
76.6208 -67.9864
76.6514 -68.0956
76.6669 -68.0214
76.705 -68.0925
76.6572 -68.7856
76.7636 -70.0081
76.7919 -70.0797
76.823 -70.0834
76.8758 -69.8925
76.8978 -69.8997
77.0005 -69.5395
77.0125 -69.6725
76.7941 -70.3781
76.7866 -70.5192
76.8644 -70.9225
76.9005 -70.9809
76.9003 -70.8336
76.9372 -70.6831
76.9594 -71.245
77.0197 -71.3803
77.0619 -71.367
77.0747 -71.2245
77.1333 -71.1942
77.1494 -70.6967
77.1772 -70.9245
77.1894 -70.8959
77.2392 -69.9445
77.1691 -68.6139
77.1994 -67.9442
77.1078 -66.3964
77.1261 -66.4122
77.145 -66.4403
77.1744 -66.19
77.195 -66.1931
77.1737 -66.9167
77.2214 -67.9509
77.2022 -68.1909
77.2539 -69.0478
77.2755 -69.0878
77.3725 -68.3934
77.3864 -67.62
77.3578 -66.8242
77.2775 -66.5259
77.2503 -66.2206
77.2697 -66.2081
77.3125 -66.5008
77.4158 -66.6567
77.4344 -66.5211
77.4214 -66.2197
77.4383 -66.102
77.4664 -66.0733
77.5527 -66.2314
77.5628 -66.1617
77.5925 -66.2386
77.613 -66.2836
77.6266 -66.507
77.6855 -66.7247
77.7141 -66.6613
77.6683 -67.1564
77.6361 -67.1461
77.5639 -67.28
77.518 -67.6464
77.5036 -68.3922
77.5478 -68.3661
77.5778 -68.407
77.6639 -68.6995
77.6514 -68.8156
77.575 -68.6364
77.5272 -68.5959
77.505 -68.6572
77.4494 -69.2067
77.5555 -70.2625
77.5789 -70.2489
77.6891 -69.4936
77.7542 -69.4936
77.6903 -69.8478
77.6775 -70.6842
77.7 -70.6964
77.8203 -70.2064
77.8253 -69.9931
77.8411 -69.9931
77.8583 -70.3761
77.78 -70.6703
77.7589 -71.2378
77.7847 -71.4184
77.8083 -71.4197
77.855 -71.2275
77.8819 -71.2511
77.86 -71.6281
77.8939 -71.5945
77.9191 -71.6281
77.8861 -71.9395
78.0094 -72.3559
78.0505 -72.2934
78.0586 -72.5898
78.1455 -72.87
78.1503 -73.0134
78.1675 -73.0431
78.1897 -72.7328
78.2214 -72.8159
78.253 -72.6945
78.2875 -72.6564
78.3141 -72.8497
78.3516 -72.8217
78.3764 -72.6784
78.4194 -72.5856
78.4405 -72.6745
78.4653 -72.5922
78.485 -72.6242
78.5211 -72.5523
78.6347 -71.52
78.6033 -70.7889
78.6564 -70.7909
78.7 -70.7006
78.7794 -70.0136
78.8003 -69.8436
78.7983 -69.3478
78.8828 -69.1378
78.8289 -68.8439
78.8394 -68.7934
78.9136 -69.15
78.9289 -69.1667
78.9647 -69.0884
79.0303 -68.6159
79.073 -68.0414
79.0372 -67.7506
79.0511 -67.6667
79.0761 -67.7375
79.0928 -67.6917
79.1111 -67.1878
79.1541 -67.1711
79.1269 -67.1
79.1133 -67.007
79.1511 -66.9764
79.1408 -66.9203
79.0964 -66.9189
79.1422 -66.7531
79.1372 -66.3395
79.1139 -66.3378
79.1397 -65.8922
79.1594 -65.8956
79.2005 -65.7306
79.2269 -65.71
79.2492 -65.6845
79.2564 -65.5286
79.2878 -65.5534
79.3786 -65.1361
79.4044 -65.1442
79.4928 -64.88
79.5336 -64.8236
79.59 -64.8156
79.6325 -64.8761
79.6533 -65.0114
79.7041 -64.9072
79.7594 -65.027
79.7814 -64.9522
79.8475 -65.13
79.863 -64.9989
79.895 -65.0431
79.965 -64.9533
79.9961 -65.0534
80.0205 -65.0253
80.1472 -63.7877
80.1558 -64.1442
80.1864 -64.2031
80.2475 -64.1725
80.2408 -64.2553
80.1411 -64.3334
80.0916 -64.5289
80.0628 -64.9664
80.103 -65.285
80.04 -65.5495
80.0158 -66.0675
80.1147 -66.4425
80.0641 -66.7309
80.0661 -67.0817
80.1039 -67.0811
80.1955 -67.4948
80.2094 -67.4453
80.2672 -67.5217
80.2991 -67.4622
80.3203 -67.4695
80.345 -67.4345
80.4878 -66.7086
80.5205 -66.7786
80.555 -66.7161
80.563 -66.5111
80.67 -65.9867
80.7114 -65.6983
80.7903 -65.075
80.8444 -64.985
80.8625 -65.0211
80.895 -64.9928
80.9128 -64.7345
80.9561 -64.795
80.9883 -64.7611
81.0544 -63.9281
81.1394 -63.7067
81.145 -63.5742
81.1158 -63.4722
81.0055 -63.3717
80.7511 -62.7947
80.7778 -62.7369
80.9555 -63.1986
81.1272 -63.3628
81.1636 -63.3553
81.2233 -62.9747
81.1986 -62.2403
81.068 -61.515
81.1655 -60.8922
81.1989 -61.0395
81.2961 -61.2006
81.313 -61.1584
81.3303 -61.2431
81.36 -61.3083
81.4739 -60.7886
81.5136 -60.7922
81.6889 -61.3717
81.753 -61.4525
81.7789 -61.4028
81.818 -61.2183
81.9447 -60.0625
81.8511 -58.8178
81.7672 -58.6633
81.7339 -58.762
81.6905 -58.7078
81.6416 -58.4306
81.5811 -57.6239
81.5319 -57.5231
81.3311 -56.5203
81.3425 -56.4497
81.3997 -56.6239
81.4509 -56.9999
81.4727 -57.0917
81.6033 -57.5283
81.6636 -58.1381
81.7633 -58.36
81.8572 -58.4586
81.8886 -58.5661
81.9766 -59.4103
81.9969 -59.467
82.2278 -56.5867
82.2208 -56.4244
82.1683 -56.3256
82.1639 -56.2631
82.2322 -56.1331
82.2632 -55.9823
82.2425 -55.2831
82.2186 -55.3381
82.1566 -55.1136
82.1861 -55.0981
82.2114 -55.2228
82.233 -55.1642
82.2817 -55.3006
82.2758 -55.5353
82.2947 -55.4733
82.3642 -54.4506
82.3169 -54.0797
82.1161 -53.5597
82.0719 -53.5561
82.0186 -53.6214
81.9447 -53.5003
81.8939 -53.5086
81.7286 -53.7803
81.6536 -53.7911
81.5539 -53.797
81.5094 -53.6058
81.508 -53.4808
81.5491 -53.4775
81.6041 -53.5225
81.6761 -53.5409
81.7803 -53.1269
81.863 -52.9309
81.9636 -52.9528
82.0119 -53.0283
82.0294 -52.9645
82.0319 -52.7628
81.973 -52.3297
81.9016 -51.382
81.7053 -50.2434
81.6364 -50.1764
81.6097 -49.8653
81.6433 -49.62
81.7297 -50.0111
81.7769 -50.4925
81.8097 -50.5936
81.8733 -50.9181
81.9269 -51.0531
81.9503 -50.9625
81.8702 -49.8209
81.8955 -49.5709
81.9333 -49.4386
82.1505 -50.5575
82.2072 -50.7367
82.3017 -50.7922
82.433 -51.0533
82.4772 -51.0797
82.5022 -51.1078
82.5086 -50.8011
82.5033 -49.6103
82.4425 -48.9889
82.3475 -48.6825
82.2833 -47.9425
82.2119 -47.5634
82.1697 -47.5995
82.0977 -46.3928
82.0147 -45.9703
81.9789 -45.9961
81.9289 -45.747
81.7786 -45.1114
81.7542 -44.64
81.8358 -44.1744
81.8889 -44.5889
81.94 -44.7217
81.9383 -44.5322
81.9678 -44.4728
81.9897 -44.9256
82.0397 -44.9306
82.1008 -44.3997
82.135 -44.62
82.1969 -44.7911
82.2666 -44.6672
82.3025 -44.4267
82.3114 -44.1289
82.213 -42.3297
82.2264 -42.3378
82.28 -42.8275
82.2803 -43.3022
82.3466 -43.8639
82.378 -43.8803
82.3958 -43.7456
82.4114 -43.757
82.483 -44.3842
82.5086 -44.455
82.6672 -45.2547
82.7505 -45.7353
82.7822 -45.6078
82.7816 -43.2022
82.7578 -42.0856
82.7183 -42.1603
82.6961 -42.1422
82.6553 -41.8472
82.6225 -41.8089
82.5447 -41.8775
82.4811 -41.7189
82.485 -41.5861
82.54 -41.5564
82.5755 -41.6809
82.5916 -41.6364
82.6464 -41.6181
82.7172 -41.8733
82.7397 -41.8781
82.7455 -41.702
82.7147 -41.3275
82.5705 -40.6058
82.5603 -40.2036
82.4789 -40.0092
82.4441 -40.0897
82.4217 -40.0786
82.3655 -39.9125
82.3714 -39.7739
82.4041 -39.7542
82.4461 -39.8842
82.4697 -39.8742
82.5036 -39.7667
82.56 -40.0122
82.5816 -39.9803
82.6294 -39.8689
82.6825 -39.9345
82.7144 -40.1356
82.833 -41.7986
82.85 -44.6725
82.8739 -44.9003
82.85 -44.9628
82.843 -45.9339
82.8716 -46.4206
82.9644 -46.8881
82.9655 -46.7659
83.0055 -46.702
83.0541 -46.467
83.0839 -45.9386
82.9664 -45.0803
82.933 -45.1028
82.9644 -44.755
82.9341 -44.4189
82.9136 -43.4881
82.9239 -43.7394
83.0253 -45.0836
83.1125 -45.507
83.1522 -45.4114
83.1258 -45.2803
83.1611 -45.1161
83.1044 -44.7058
83.123 -44.7067
83.143 -44.7272
83.1661 -44.6575
83.1071 -43.2515
83.1998 -43.9987
83.2089 -42.8886
83.2744 -42.695
83.2214 -41.977
83.1717 -41.7058
83.0933 -41.8972
83.1278 -41.5361
82.9633 -40.4772
82.96 -39.4808
82.8975 -39.0078
82.8636 -39.0192
82.8158 -38.9058
82.7822 -38.6703
82.7466 -38.6361
82.7508 -38.5514
82.8283 -38.4808
82.8219 -38.6967
82.8511 -38.777
82.8972 -38.7834
82.9178 -38.8272
82.9717 -39.1375
82.9933 -39.1184
83.0111 -38.9145
83.0225 -37.575
83.0461 -38.7592
83.0814 -38.6128
83.1447 -37.4167
83.1583 -37.5475
83.1703 -37.5778
83.1972 -38.5272
83.2547 -38.86
83.2814 -38.7284
83.345 -38.8236
83.3925 -38.7425
83.4094 -38.84
83.4333 -38.7994
83.3592 -37.7964
83.3778 -37.7522
83.4314 -38.0589
83.458 -37.9203
83.4808 -37.9633
83.4914 -37.91
83.4969 -37.5292
83.3622 -36.4856
83.3711 -36.4172
83.4125 -36.6928
83.4383 -36.4989
83.4908 -36.9042
83.4961 -36.7511
83.5141 -36.81
83.5369 -36.6722
83.5541 -36.0825
83.5347 -35.2347
83.5989 -34.6825
83.5428 -34.48
83.5875 -34.4406
83.5933 -34.3267
83.5489 -34.2828
83.4536 -33.8592
83.4858 -33.7453
83.5508 -34.0775
83.5703 -34.07
83.5925 -33.9
83.623 -33.0192
83.6228 -33
83.6119 -32.2339
83.5897 -32.3014
83.568 -32.2772
83.5961 -30.215
83.5291 -29.255
83.498 -29.2556
83.4775 -29.1
83.5072 -29.0217
83.505 -28.5433
83.4822 -28.5292
83.4678 -28.9206
83.4161 -28.6025
83.4327 -28.15
83.4594 -28.4378
83.4653 -28.2933
83.4639 -27.382
83.3697 -26.1
83.2989 -25.6703
83.2775 -25.6722
83.2066 -26.0392
83.1411 -27.1361
83.1755 -29.3447
83.1564 -30.4611
83.1114 -30.8408
83.0525 -32.0222
83.1247 -33
180.0 180.0
9.13038e-315 8.3003e-321
