CIC_MPM_VERS = 1.0
COMMENT Generated by Spacebel CCSDS library
CREATION_DATE = 2017-02-24T16:25:00.515219
ORIGINATOR = SVG² Control

META_START

USER_DEFINED_PROTOCOL = NONE
USER_DEFINED_CONTENT = REGION OF INTEREST
USER_DEFINED_SIZE = 2
USER_DEFINED_TYPE = REAL
USER_DEFINED_UNIT = [deg]

META_STOP

11.9964 -61.7525
12.0008 -61.755
12.0061 -61.7561
12.0086 -61.7611
12.0058 -61.7653
12.0033 -61.7694
12.0017 -61.7747
11.9997 -61.7794
12.0014 -61.7836
12.0047 -61.7872
12.0092 -61.7897
12.0103 -61.7853
12.0128 -61.7811
12.0153 -61.7769
12.0181 -61.7725
12.0206 -61.7681
12.0231 -61.7639
12.0256 -61.7594
12.0294 -61.7567
12.0336 -61.7533
12.0361 -61.7492
12.04 -61.7461
12.0456 -61.7447
12.0517 -61.745
12.0572 -61.7461
12.0614 -61.7489
12.065 -61.7519
12.0686 -61.7511
12.0739 -61.7511
12.0781 -61.7536
12.0831 -61.7553
12.0881 -61.7572
12.0933 -61.7556
12.0972 -61.7528
12.1006 -61.7489
12.1053 -61.7469
12.1108 -61.745
12.1169 -61.7442
12.1231 -61.7431
12.1283 -61.7414
12.1339 -61.7397
12.1386 -61.7375
12.1419 -61.7339
12.1458 -61.7308
12.1492 -61.7272
12.1539 -61.7247
12.16 -61.7253
12.1667 -61.7247
12.1722 -61.7247
12.1764 -61.7217
12.1803 -61.7189
12.1842 -61.7158
12.1883 -61.7128
12.1922 -61.7097
12.1969 -61.7075
12.1994 -61.7031
12.2019 -61.6986
12.2053 -61.695
12.21 -61.6928
12.2139 -61.69
12.2181 -61.6867
12.2214 -61.6831
12.2244 -61.6794
12.2278 -61.6758
12.2297 -61.6708
12.2308 -61.6653
12.2339 -61.6617
12.2367 -61.6586
12.2378 -61.6531
12.2375 -61.6475
12.2347 -61.6433
12.2336 -61.6369
12.2328 -61.6308
12.2331 -61.6244
12.2328 -61.6175
12.2311 -61.6119
12.2278 -61.61
12.2242 -61.6064
12.2206 -61.6047
12.2158 -61.6069
12.2111 -61.6094
12.2056 -61.6081
12.2008 -61.6061
12.1958 -61.6042
12.1908 -61.6025
12.1867 -61.5997
12.18 -61.6
12.1736 -61.5997
12.1669 -61.6
12.1614 -61.6019
12.1561 -61.6033
12.15 -61.6042
12.1444 -61.6047
12.1394 -61.6028
12.1353 -61.6
12.1311 -61.5975
12.1256 -61.5964
12.1208 -61.5986
12.1189 -61.6039
12.1192 -61.6106
12.1194 -61.6178
12.1164 -61.6214
12.1094 -61.6217
12.1039 -61.6203
12.0983 -61.6194
12.0922 -61.6189
12.0881 -61.6161
12.0844 -61.6131
12.0794 -61.6111
12.0761 -61.6147
12.0731 -61.6183
12.0689 -61.6214
12.0642 -61.6239
12.0581 -61.6247
12.0528 -61.6261
12.0481 -61.6286
12.0442 -61.6317
12.0408 -61.6353
12.0375 -61.6389
12.0342 -61.6425
12.0317 -61.6469
12.0292 -61.6514
12.0286 -61.6575
12.0275 -61.6633
12.0244 -61.6669
12.0225 -61.6719
12.0233 -61.6767
12.0186 -61.6792
12.0161 -61.6833
12.0169 -61.6897
12.0122 -61.6919
12.0061 -61.6928
12.0022 -61.6961
11.9983 -61.6989
11.9997 -61.7031
12.0033 -61.7067
12.0042 -61.7114
12.0039 -61.7175
12.0067 -61.7217
12.0103 -61.725
12.0092 -61.7308
12.0058 -61.7344
12.0028 -61.7381
12.0003 -61.7425
11.9975 -61.7469
11.9964 -61.7525
