CIC_MPM_VERS = 1.0
COMMENT Generated by Spacebel CCSDS library
CREATION_DATE = 2017-02-24T16:25:00.568719
ORIGINATOR = SVG² Control

META_START

USER_DEFINED_PROTOCOL = NONE
USER_DEFINED_CONTENT = REGION OF INTEREST
USER_DEFINED_SIZE = 2
USER_DEFINED_TYPE = REAL
USER_DEFINED_UNIT = [deg]

META_STOP

17.2575 -91.4369
17.2567 -91.0911
17.2561 -90.9842
17.5919 -90.9833
17.82 -90.9828
17.8206 -90.6303
17.8211 -90.2778
17.8208 -89.9258
17.8203 -89.5733
17.8192 -89.2208
17.8187 -89.1424
17.4833 -89.1428
17.1475 -89.1442
16.8114 -89.1583
16.475 -89.1806
16.1386 -89.2022
15.8897 -89.2178
15.8981 -88.9808
15.8927 -88.911
15.8611 -88.8719
15.8622 -88.795
15.7242 -88.6345
15.6978 -88.6225
15.7878 -88.557
15.8508 -88.5572
15.8369 -88.4969
15.9067 -88.5586
15.9469 -88.6161
15.9636 -88.6033
15.8311 -88.3922
15.7231 -88.2131
15.6714 -88.3139
15.6353 -88.3278
15.35 -88.6683
15.1253 -89.0089
15.0736 -89.1508
15.0033 -89.1814
14.9814 -89.1542
14.868 -89.2247
14.6486 -89.1444
14.5825 -89.1544
14.515 -89.2994
14.4277 -89.3549
14.4517 -89.3961
14.3864 -89.5269
14.4203 -89.5422
14.4133 -89.5733
14.3219 -89.5903
14.2863 -89.5535
14.2772 -89.575
14.2413 -89.4927
14.1997 -89.6461
14.0839 -89.7431
14.0436 -89.7378
14.0595 -89.8546
13.9003 -90.0375
13.8358 -90.1058
13.7455 -90.0951
13.8431 -90.3397
13.9264 -90.5978
13.9206 -90.9145
13.9383 -91.2253
14.0239 -91.4753
14.1469 -91.6931
14.2794 -91.9011
14.4322 -92.0908
14.5481 -92.2459
14.5883 -92.1872
14.7728 -92.1664
14.8436 -92.1861
14.9703 -92.1508
15.0778 -92.0658
15.2622 -92.2114
15.6047 -92.0092
15.9472 -91.8056
16.075 -91.7292
16.0758 -91.3794
16.0756 -91.0292
16.0756 -90.6794
16.075 -90.4467
16.2289 -90.4458
16.3522 -90.4039
16.4108 -90.3939
16.4803 -90.5975
16.5497 -90.6458
16.6758 -90.6789
16.8036 -90.8014
16.8617 -90.9419
16.8964 -90.9508
16.903 -90.9833
16.895 -91.0394
17.0611 -91.2047
17.1783 -91.2772
17.2575 -91.4369
