CIC_MPM_VERS = 1.0
COMMENT Generated by Spacebel CCSDS library
CREATION_DATE = 2017-02-24T16:25:00.574718
ORIGINATOR = SVG² Control

META_START

USER_DEFINED_PROTOCOL = NONE
USER_DEFINED_CONTENT = REGION OF INTEREST
USER_DEFINED_SIZE = 2
USER_DEFINED_TYPE = REAL
USER_DEFINED_UNIT = [deg]

META_STOP

12.666 -13.7126
12.6397 -13.0614
12.59 -13.0417
12.525 -13.0689
12.4731 -13.0378
12.4764 -12.9553
12.5411 -12.9317
12.543 -12.8917
12.48 -12.8414
12.4375 -12.6333
12.3592 -12.5728
12.3967 -12.4969
12.3828 -12.4364
12.3014 -12.3453
12.4103 -12.0989
12.3914 -11.9689
12.4289 -11.9083
12.3864 -11.8417
12.4367 -11.4864
12.4046 -11.3733
12.3633 -11.4411
12.2872 -11.43
12.2061 -11.495
12.1403 -11.4628
11.9961 -11.2539
12.0406 -11.1542
12.2072 -11.0453
12.2011 -10.8922
11.8935 -10.6524
12.1161 -10.5111
12.1853 -10.3333
12.2242 -10.3292
12.2094 -10.2731
12.1208 -9.98694
12.0281 -9.76111
12.0678 -9.6725
12.1278 -9.6675
12.2486 -9.46667
12.2498 -9.34544
12.3555 -9.29333
12.4461 -9.39889
12.4875 -9.36222
12.5042 -9.31131
12.4367 -9.05778
12.3531 -8.94667
12.2237 -8.97994
12.1781 -8.89944
12.0444 -8.90417
12.0081 -8.79657
11.6617 -8.83167
11.6589 -8.70305
11.4758 -8.60778
11.4939 -8.53417
11.4303 -8.51417
11.3716 -8.35965
11.3353 -8.41028
11.3228 -8.35472
11.2819 -8.37611
11.2911 -8.47472
11.2264 -8.515
10.9919 -8.68278
10.955 -8.67139
10.9642 -8.60278
10.9753 -8.54417
11.0589 -8.48889
11.0572 -8.35111
11.0078 -8.28972
10.5494 -8.28222
10.4217 -8.21556
10.4372 -8.12222
10.3564 -8.09389
10.3378 -7.985
10.2433 -7.94056
10.1655 -7.97768
10.0994 -8.00917
10.0105 -8.13333
9.94416 -8.16056
9.86722 -8.10472
9.80305 -8.11583
9.49788 -8.13818
9.3975 -8.05139
9.3875 -7.97055
9.42389 -7.86194
9.37527 -7.85972
9.21777 -7.92083
9.18277 -7.90833
9.09972 -7.74222
9.07277 -7.73694
9.02166 -7.895
8.93305 -7.93667
8.80111 -7.95639
8.76722 -7.91444
8.75694 -7.79472
8.62083 -7.67472
8.37976 -7.64798
8.37638 -7.74861
8.42222 -7.765
8.48611 -7.82472
8.43583 -7.83056
8.42833 -7.88
8.49777 -7.93528
8.49666 -8.19833
8.44266 -8.24229
8.35638 -8.22111
8.25222 -8.25111
8.16389 -8.07278
8.19166 -7.98861
8.06639 -7.96917
8.01861 -7.94833
8.03194 -8.05
7.59139 -8.18667
7.545 -8.21222
7.61861 -8.39917
7.55987 -8.46896
7.61861 -8.55611
7.69167 -8.55722
7.69666 -8.67055
7.57222 -8.72305
7.51833 -8.70805
7.30028 -8.83944
7.25361 -8.90417
7.28805 -8.92861
7.19394 -9.11091
7.2325 -9.09778
7.3125 -9.19806
7.38139 -9.20417
7.41637 -9.30506
7.38861 -9.39
7.425 -9.4225
7.36366 -9.48442
7.48944 -9.41333
7.74359 -9.3552
7.93194 -9.43611
8.03277 -9.41028
8.05833 -9.42833
8.13389 -9.46278
8.17527 -9.49139
8.24277 -9.51722
8.34638 -9.48444
8.41389 -9.58194
8.38972 -9.65611
8.45555 -9.6275
8.48916 -9.6625
8.48777 -9.69417
8.43277 -9.70667
8.56968 -9.77371
8.49194 -9.83778
8.48222 -9.95222
8.42138 -10.0453
8.43472 -10.0636
8.50472 -10.0567
8.53222 -10.1622
8.48777 -10.2489
8.4887 -10.2665
8.495 -10.3861
8.355 -10.4858
8.31027 -10.5494
8.33805 -10.6522
8.27575 -10.7013
8.435 -10.6503
8.57166 -10.5897
8.625 -10.5003
8.68416 -10.4672
8.75139 -10.5303
8.88944 -10.5953
9.057 -10.5712
9.08 -10.7339
9.18111 -10.7269
9.295 -10.6567
9.38778 -10.7483
9.43333 -10.8286
9.65833 -10.9364
9.9975 -11.2147
9.99611 -11.895
9.93139 -11.8933
9.875 -12.1319
9.93888 -12.2356
9.86222 -12.5033
9.71083 -12.5195
9.66222 -12.5836
9.39916 -12.7047
9.32722 -12.7881
9.28222 -12.8442
9.27047 -12.9009
9.28889 -12.9306
9.23444 -12.9608
9.10361 -13.0075
9.04583 -13.0958
9.08694 -13.1875
9.03845 -13.2984
9.07333 -13.3258
9.15472 -13.2506
9.18416 -13.2369
9.16472 -13.2814
9.18472 -13.3231
9.34944 -13.3097
9.27305 -13.3769
9.28889 -13.4128
9.43666 -13.3983
9.41639 -13.485
9.49972 -13.5453
9.54083 -13.5872
9.56833 -13.5867
9.50416 -13.7164
9.51333 -13.7264
9.78111 -13.5597
9.83694 -13.6583
9.77527 -13.6481
9.74333 -13.6775
9.74889 -13.7369
9.78611 -13.7556
9.9075 -13.7025
9.84194 -13.7872
9.8575 -13.8386
10.0386 -14.0669
10.0708 -14.0439
10.0769 -13.9931
10.1011 -14.0636
10.1511 -14.0533
10.0625 -14.0867
10.0469 -14.1347
10.0783 -14.1803
10.1044 -14.1833
10.1375 -14.1464
10.1769 -14.1378
10.1017 -14.2208
10.1533 -14.2761
10.2019 -14.3214
10.2261 -14.4269
10.2425 -14.4667
10.4244 -14.5506
10.5064 -14.5353
10.4717 -14.6283
10.5056 -14.6625
10.88 -14.5047
10.7439 -14.6083
10.6389 -14.7025
10.6989 -14.7164
10.8111 -14.6664
10.6942 -14.755
10.7517 -14.7953
10.8717 -14.74
10.8208 -14.8089
10.9397 -14.8144
10.9467 -14.7792
11.0225 -14.6881
10.9764 -14.7553
10.9906 -14.8206
10.9697 -14.8764
11.0347 -14.8892
11.0258 -14.9208
10.9339 -14.9083
10.908 -14.9144
10.8683 -14.9806
10.7686 -14.9575
10.7811 -15.0236
10.8519 -15.0786
10.8978 -15.0736
10.925 -15.0306
10.9639 -15.0197
11.1978 -14.8553
11.3853 -14.7842
11.5067 -14.6914
11.5122 -14.5153
11.6789 -14.2767
11.6408 -14.0022
11.6692 -13.8781
11.7442 -13.8611
11.7147 -13.7994
11.6855 -13.7917
11.7153 -13.7092
12.0014 -13.7067
12.1436 -13.8903
12.1532 -13.9706
12.2097 -13.9567
12.2456 -13.8786
12.2575 -13.7147
12.2931 -13.6942
12.3517 -13.6636
12.4714 -13.6442
12.5689 -13.7147
12.666 -13.7126
