CIC_MPM_VERS = 1.0
COMMENT Generated by Spacebel CCSDS library
CREATION_DATE = 2017-02-24T16:25:00.585219
ORIGINATOR = SVG² Control

META_START

USER_DEFINED_PROTOCOL = NONE
USER_DEFINED_CONTENT = REGION OF INTEREST
USER_DEFINED_SIZE = 2
USER_DEFINED_TYPE = REAL
USER_DEFINED_UNIT = [deg]

META_STOP

12.3346 -16.6778
12.3611 -16.4639
12.4608 -16.2092
12.43 -15.6856
12.5569 -15.4072
12.6847 -15.2183
12.6767 -13.9283
12.666 -13.7126
12.5689 -13.7147
12.4714 -13.6442
12.3517 -13.6636
12.2931 -13.6942
12.2575 -13.7147
12.2456 -13.8786
12.2097 -13.9567
12.1532 -13.9706
12.1436 -13.8903
12.0014 -13.7067
11.7153 -13.7092
11.6855 -13.7917
11.7147 -13.7994
11.7442 -13.8611
11.6692 -13.8781
11.6408 -14.0022
11.6789 -14.2767
11.5122 -14.5153
11.5067 -14.6914
11.3853 -14.7842
11.1978 -14.8553
10.9639 -15.0197
10.9239 -15.0908
10.9661 -15.1039
10.9855 -15.1139
11.173 -15.0131
11.2272 -15.0145
10.9939 -15.2342
11.03 -15.2744
11.0906 -15.2103
11.1419 -15.2203
11.123 -15.2431
11.1483 -15.3608
11.2953 -15.4267
11.3756 -15.3819
11.3608 -15.3378
11.38 -15.3256
11.3889 -15.3619
11.4455 -15.3439
11.3403 -15.4547
11.338 -15.5092
11.4897 -15.4708
11.5175 -15.3536
11.5444 -15.332
11.5853 -15.3258
11.5722 -15.2428
11.6206 -15.2797
11.5967 -15.2022
11.6381 -15.1836
11.5705 -15.1361
11.5697 -15.0506
11.6092 -15.0108
11.6147 -15.0944
11.6639 -15.13
11.7022 -15.1314
11.6719 -15.2167
11.7214 -15.1858
11.7528 -15.2289
11.6672 -15.265
11.7125 -15.2889
11.6706 -15.285
11.6461 -15.2944
11.6797 -15.3461
11.5906 -15.372
11.5978 -15.4261
11.6875 -15.4258
11.6558 -15.4906
11.7067 -15.4908
11.6831 -15.5475
11.7275 -15.5556
11.88 -15.4383
11.8703 -15.1864
11.94 -15.0797
11.9297 -15.0628
11.8542 -15.0892
11.7928 -15.0592
11.7467 -14.9567
11.7631 -14.9233
11.8186 -15.0525
11.8586 -15.0675
11.9483 -15.0272
11.9533 -14.9906
11.9736 -15.0042
11.9833 -15.0858
11.9103 -15.1875
11.9053 -15.2258
11.963 -15.3608
11.9589 -15.4311
11.9017 -15.5253
11.7442 -15.8267
11.8333 -15.8011
11.8808 -15.8047
11.8208 -15.8242
11.7658 -15.8983
11.7342 -15.9636
11.8019 -15.9567
11.9819 -15.8467
11.9978 -15.7783
12.0292 -15.8639
11.9508 -15.9406
11.9133 -15.9803
11.8836 -16.1331
11.9967 -16.3339
12.0997 -16.3578
12.3325 -16.1053
12.1961 -16.3464
12.1717 -16.4583
12.3346 -16.6778
