CIC_MPM_VERS = 1.0
COMMENT Generated by Spacebel CCSDS library
CREATION_DATE = 2017-02-24T16:25:00.615218
ORIGINATOR = SVG² Control

META_START

USER_DEFINED_PROTOCOL = NONE
USER_DEFINED_CONTENT = REGION OF INTEREST
USER_DEFINED_SIZE = 2
USER_DEFINED_TYPE = REAL
USER_DEFINED_UNIT = [deg]

META_STOP

8.21027 -59.9445
8.22888 -59.832
8.275 -59.8014
8.5336 -59.9891
8.50916 -59.9525
8.37944 -59.8558
8.12833 -59.4353
8.22611 -59.5225
8.3475 -59.7528
8.38666 -59.782
8.41 -59.765
8.16 -59.3275
7.8625 -58.9536
7.59833 -58.6539
7.28166 -58.4675
7.0125 -58.4789
6.94222 -58.5533
6.54916 -58.6183
6.44972 -58.6347
6.38 -58.6833
6.41333 -58.5964
6.78055 -58.4867
6.86611 -58.4261
6.89528 -58.3275
6.79528 -57.9958
6.48222 -57.6367
6.27083 -57.5195
6.34111 -57.4975
6.29 -57.3639
6.15833 -57.21
5.99724 -57.1597
5.5925 -57.1847
5.48581 -57.2481
5.31333 -57.3356
5.22944 -57.2867
5.22055 -57.2611
5.26917 -57.2525
5.23222 -57.2128
5.16417 -57.1906
5.14083 -57.2289
5.17777 -57.2661
5.16028 -57.2972
5.01666 -57.2892
5.00611 -57.3758
5.01028 -57.6883
4.91278 -57.8536
4.79861 -57.9264
4.65472 -57.8386
4.55916 -57.8825
4.28778 -57.9542
4.15222 -58.0717
3.99472 -58.0406
3.88667 -57.9292
3.665 -57.8358
3.61028 -57.735
3.46111 -57.637
3.39556 -57.667
3.35583 -57.6422
3.37083 -57.2994
3.26389 -57.2933
3.03528 -57.2106
2.82083 -57.2022
2.79167 -57.1278
2.71583 -57.0936
2.62472 -57.0231
2.02697 -56.6919
2.02194 -56.5578
1.94446 -56.4709
1.90333 -56.5547
1.93972 -56.6283
1.91361 -56.6708
1.91639 -56.9792
1.95278 -57.0531
2.01083 -57.0675
2.02389 -57.1006
1.94722 -57.2369
1.98139 -57.3031
1.95555 -57.3531
1.73639 -57.5075
1.69806 -57.5644
1.72055 -57.7536
1.68222 -57.8253
1.65694 -57.9808
1.60139 -57.9747
1.51222 -58.0139
1.56583 -58.2528
1.60333 -58.3119
1.54944 -58.3475
1.45055 -58.5039
1.32055 -58.4711
1.26778 -58.5156
1.28694 -58.6953
1.22861 -58.7264
1.18555 -58.8072
1.20194 -58.8658
1.30278 -58.9283
1.33118 -59.0005
1.37917 -59.2328
1.71889 -59.5314
1.73111 -59.6428
1.77139 -59.6781
1.84639 -59.6311
1.86528 -59.7519
2.28722 -59.7347
2.33055 -59.8497
2.62667 -59.9653
2.91139 -59.9769
3.28694 -59.8597
3.46805 -59.8214
3.56389 -59.8583
3.62833 -59.7606
3.9525 -59.5189
4.01639 -59.5986
4.14639 -59.6358
4.16722 -59.7053
4.2275 -59.7328
4.30944 -59.7128
4.38889 -59.6761
4.43028 -59.7547
4.5175 -60.1478
4.57333 -60.1522
4.70722 -60.0258
5.09305 -59.9747
5.13444 -60.0519
5.22591 -60.1114
5.27361 -60.2006
5.17639 -60.4406
5.21666 -60.667
5.20528 -60.7329
5.94 -61.39
6.06676 -61.2791
6.12889 -61.2192
6.18722 -61.1131
6.28222 -61.1139
6.32889 -61.1567
6.49222 -61.1536
6.57444 -61.2047
6.70194 -61.1381
6.75972 -60.8961
6.80916 -60.9094
6.75805 -60.7131
6.9475 -60.4083
6.93028 -60.3681
7.02417 -60.3314
7.1125 -60.2783
7.17555 -60.3578
7.18111 -60.4953
7.12389 -60.5356
7.19444 -60.6178
7.25805 -60.6344
7.31639 -60.5881
7.43667 -60.6458
7.45583 -60.6911
7.52889 -60.7197
7.56611 -60.6936
7.60111 -60.6328
7.80222 -60.5353
7.84604 -60.3409
7.98139 -60.1781
8.04139 -60.0233
8.21027 -59.9445
