CIC_MPM_VERS = 1.0
COMMENT Generated by Spacebel CCSDS library
CREATION_DATE = 2017-02-24T16:25:00.694218
ORIGINATOR = SVG² Control

META_START

USER_DEFINED_PROTOCOL = NONE
USER_DEFINED_CONTENT = REGION OF INTEREST
USER_DEFINED_SIZE = 2
USER_DEFINED_TYPE = REAL
USER_DEFINED_UNIT = [deg]

META_STOP

18.6989 -72.8156
18.8342 -73.2183
18.9325 -73.2953
18.9686 -73.2247
18.835 -72.8575
18.7397 -72.8014
18.6989 -72.8156
180.0 180.0
19.7002 -71.7515
19.4983 -71.6922
19.3456 -71.7397
19.3319 -71.767
19.2417 -71.6964
19.2197 -71.6294
19.0989 -71.6783
18.9689 -71.8539
18.9578 -71.7792
18.7989 -71.71
18.7161 -71.7264
18.6114 -71.8875
18.6242 -71.9708
18.6086 -71.9915
18.5425 -71.9464
18.4772 -71.885
18.4419 -71.9103
18.3222 -71.6947
18.2022 -71.7692
18.0956 -71.7489
18.0542 -71.7715
18.1797 -71.9169
18.2397 -72.0695
18.1786 -72.5878
18.1753 -72.7511
18.1386 -72.8125
18.2425 -73.3458
18.2572 -73.4447
18.2139 -73.6028
18.2367 -73.6897
18.1961 -73.7208
18.1486 -73.8195
18.1136 -73.8417
18.0411 -73.7892
18.0242 -73.8033
18.0228 -73.882
18.245 -74.0981
18.3064 -74.2336
18.2894 -74.362
18.4086 -74.477
18.6078 -74.4239
18.6661 -74.2428
18.6583 -74.1492
18.5392 -73.7586
18.5853 -73.6078
18.5758 -73.5753
18.5486 -73.5961
18.5492 -73.7039
18.4978 -73.6583
18.5169 -73.4233
18.4289 -72.8947
18.4336 -72.7753
18.425 -72.7336
18.5522 -72.632
18.5572 -72.4122
18.5256 -72.3658
18.5397 -72.3453
18.6694 -72.3217
18.7817 -72.5472
19.0439 -72.8183
19.0922 -72.7889
19.0947 -72.7247
19.1267 -72.7089
19.215 -72.7989
19.2817 -72.775
19.2922 -72.7142
19.3336 -72.7706
19.3719 -72.7469
19.4075 -72.6783
19.4522 -72.6967
19.4447 -72.7614
19.5994 -72.9928
19.6331 -73.405
19.6792 -73.4603
19.725 -73.4639
19.8305 -73.4078
19.8953 -73.2047
19.9205 -73.1145
19.9328 -72.8506
19.9236 -72.7031
19.8128 -72.3914
19.7522 -72.3153
19.7836 -72.2036
19.7494 -72.2095
19.7181 -71.9892
19.7142 -71.8639
19.6792 -71.9083
19.655 -71.8236
19.7036 -71.8456
19.7002 -71.7515
180.0 180.0
9.13038e-315 8.60662e-321
