CIC_MPM_VERS = 1.0
COMMENT Generated by Spacebel CCSDS library
CREATION_DATE = 2017-02-24T16:25:00.706218
ORIGINATOR = SVG² Control

META_START

USER_DEFINED_PROTOCOL = NONE
USER_DEFINED_CONTENT = REGION OF INTEREST
USER_DEFINED_SIZE = 2
USER_DEFINED_TYPE = REAL
USER_DEFINED_UNIT = [deg]

META_STOP

15.6714 -88.3139
15.7231 -88.2131
15.6839 -88.1611
15.6875 -88.1197
15.7992 -87.9689
15.8181 -87.9272
15.8622 -87.9542
15.9169 -87.6928
15.8828 -87.6286
15.8103 -87.535
15.783 -87.4708
15.8503 -87.3556
15.7875 -87.0767
15.7556 -86.9122
15.7914 -86.6345
15.7717 -86.3533
15.8931 -86.1347
15.8989 -85.9886
15.9464 -85.9164
15.9917 -85.9039
16.0167 -86.015
16.0203 -85.927
15.9731 -85.7033
15.9442 -85.6706
15.8914 -85.42
15.9219 -85.1197
15.9861 -85.0231
15.9869 -84.9467
15.8925 -84.6953
15.8706 -84.61
15.8192 -84.6286
15.7761 -84.602
15.8175 -84.415
15.8547 -84.5139
15.8049 -84.2439
15.6478 -84.0578
15.4819 -83.8797
15.5217 -83.9847
15.5492 -84.0997
15.5306 -84.2053
15.4794 -84.1792
15.5317 -84.1467
15.4594 -84.0897
15.4144 -84.12
15.3514 -84.0775
15.3339 -84.0289
15.3017 -83.9931
15.3081 -83.9325
15.2911 -83.9578
15.2408 -83.9208
15.2586 -83.8289
15.3164 -83.8881
15.3911 -84.0267
15.4142 -84.0022
15.3589 -83.8861
15.2231 -83.7647
15.2 -83.7219
15.2908 -83.6236
15.2817 -83.5311
15.1994 -83.5414
15.2336 -83.5897
15.1953 -83.6242
15.16 -83.5833
15.2061 -83.4825
15.2797 -83.5067
15.3661 -83.7217
15.3975 -83.7067
15.2875 -83.4717
15.2217 -83.3539
15.0989 -83.3103
15.0183 -83.195
14.9933 -83.1309
14.9897 -83.1769
15.0247 -83.3908
14.9911 -83.4175
15.0128 -83.507
14.9497 -83.5311
14.8683 -83.7189
14.785 -83.8439
14.7994 -83.9214
14.7525 -83.9325
14.7842 -84.1181
14.7289 -84.1033
14.7164 -84.1967
14.7633 -84.2372
14.7447 -84.2678
14.665 -84.2753
14.6736 -84.3256
14.6278 -84.4492
14.6855 -84.6822
14.8278 -84.8186
14.7006 -85.0258
14.5736 -85.0328
14.5433 -85.0867
14.5667 -85.1153
14.445 -85.1758
14.3403 -85.1558
14.3153 -85.1792
14.2811 -85.315
14.2056 -85.3881
14.1081 -85.4683
14.0553 -85.5242
13.9578 -85.7328
13.8286 -85.7367
13.8392 -85.8008
13.9142 -85.8539
13.9069 -85.9092
14.003 -86.0225
14.0658 -86.0158
14.0444 -86.0883
13.9708 -86.1758
13.7708 -86.313
13.758 -86.3542
13.7925 -86.5306
13.7528 -86.7611
13.7108 -86.7635
13.5225 -86.7328
13.3767 -86.7328
13.3567 -86.6967
13.2947 -86.6964
13.2608 -86.7431
13.2967 -86.8278
13.2411 -86.9097
13.0417 -86.9525
13.0003 -87.0636
12.9874 -87.3001
13.0255 -87.2689
13.0339 -87.3256
13.0719 -87.3572
13.0967 -87.3036
13.1078 -87.4192
13.258 -87.477
13.2736 -87.5131
13.3589 -87.4122
13.3728 -87.38
13.4125 -87.3984
13.4005 -87.4708
13.3472 -87.5292
13.4078 -87.6228
13.4517 -87.6164
13.4606 -87.642
13.3664 -87.6772
13.3553 -87.74
13.4075 -87.8145
13.4705 -87.7144
13.5264 -87.7833
13.8181 -87.6953
13.8641 -87.7505
13.9019 -87.8786
13.8981 -87.9003
13.8694 -88.007
13.9305 -88.0408
13.9639 -88.06
13.9878 -88.1967
13.8683 -88.3531
13.8656 -88.4892
13.9814 -88.5047
14.0141 -88.6614
14.0975 -88.7214
14.1378 -88.7672
14.0931 -88.8094
14.1142 -88.8314
14.2072 -88.9086
14.1883 -88.9547
14.3347 -89.0372
14.3256 -89.1261
14.4277 -89.3549
14.515 -89.2994
14.5825 -89.1544
14.6486 -89.1444
14.868 -89.2247
14.9814 -89.1542
15.0033 -89.1814
15.0736 -89.1508
15.1253 -89.0089
15.35 -88.6683
15.6353 -88.3278
15.6714 -88.3139
