CIC_MPM_VERS = 1.0
COMMENT Generated by Spacebel CCSDS library
CREATION_DATE = 2017-02-24T16:25:00.770719
ORIGINATOR = SVG² Control

META_START

USER_DEFINED_PROTOCOL = NONE
USER_DEFINED_CONTENT = REGION OF INTEREST
USER_DEFINED_SIZE = 2
USER_DEFINED_TYPE = REAL
USER_DEFINED_UNIT = [deg]

META_STOP

48.4121 22.1514
48.4041 22.2714
48.3608 22.2603
48.3617 22.3194
48.3211 22.3158
48.2441 22.3833
48.2453 22.5078
48.1018 22.6205
48.1147 22.7442
48.0868 22.841
48.0367 22.8869
48.0105 22.8653
47.9533 22.8949
47.8794 22.7708
47.8364 22.7744
47.7686 22.6122
47.7911 22.4417
47.7439 22.4214
47.7458 22.3189
47.5086 22.0103
47.375 22.0047
47.3544 21.9225
47.2622 21.8689
47.0255 21.6517
47.0008 21.6958
46.895 21.6092
46.6486 21.4383
46.62 21.3267
46.4869 21.2617
46.4475 21.2961
46.4144 21.2875
46.3914 21.1972
46.33 21.1872
46.2389 21.0536
46.2772 20.8297
46.2389 20.7533
46.1992 20.7631
46.1844 20.7217
46.158 20.3356
46.1153 20.2611
46.1669 20.1183
46.128 19.8072
46.175 19.7108
46.1736 19.5706
45.9933 19.2497
45.9872 19.1553
46.0236 19.1239
46.0194 19.0839
45.9676 19.0382
45.8967 18.8281
45.8867 18.803
45.9211 18.6992
45.8761 18.6292
45.8017 18.5594
45.7603 18.279
45.7844 18.1892
45.7667 18.0825
45.8089 17.7994
45.9405 17.5767
45.9547 17.4261
45.95 17.3586
45.9744 17.3206
46.1183 17.2097
46.2066 17.0642
46.2461 16.9392
46.3186 16.8764
46.4752 16.6092
46.6364 16.3917
46.6878 16.4267
46.7797 16.3183
46.8411 16.3505
46.8725 16.2817
46.8514 16.1067
47.01 16.3469
47.0294 16.4592
47.0608 16.5169
47.0953 16.4681
47.1344 16.5278
47.1553 16.5205
47.1469 16.4561
47.2528 16.4386
47.28 16.4917
47.4072 16.4506
47.4528 16.6455
47.54 16.7125
47.6297 16.6489
47.6644 16.4339
47.698 16.4506
47.7147 16.5325
47.7561 16.5558
47.7439 16.6867
47.7362 16.6964
47.6853 16.7619
47.688 16.7973
47.7103 17.0836
47.8444 17.0575
47.868 17.0158
47.8878 17.0905
47.9772 17.1036
48.0018 17.1799
48.025 17.2517
47.828 17.6033
47.7469 17.7842
47.7408 18.3375
47.8167 18.8125
47.8184 18.8494
47.8778 18.7669
47.9561 18.7703
47.9939 18.8083
48.0358 18.8275
48.0688 19.0012
48.0891 19.4764
48.2122 19.535
48.2319 19.6622
48.13 19.9186
48.1803 20.0655
48.2603 20.1503
48.2547 20.2919
48.3058 20.3647
48.5378 20.51
48.5758 20.8247
48.4925 21.1255
48.5753 21.4428
48.4983 21.6142
48.4494 21.628
48.3508 21.738
48.3655 21.8628
48.3772 22.1017
48.4121 22.1514
