CIC_MPM_VERS = 1.0
COMMENT Generated by Spacebel CCSDS library
CREATION_DATE = 2017-02-24T16:25:00.784219
ORIGINATOR = SVG² Control

META_START

USER_DEFINED_PROTOCOL = NONE
USER_DEFINED_CONTENT = REGION OF INTEREST
USER_DEFINED_SIZE = 2
USER_DEFINED_TYPE = REAL
USER_DEFINED_UNIT = [deg]

META_STOP

65.956 -21.3803
65.895 -21.2792
65.8397 -21.2886
65.79 -21.3503
65.765 -21.475
65.7397 -21.3397
65.688 -21.4381
65.688 -21.5895
65.7605 -21.6703
65.7675 -21.7708
65.6769 -21.6647
65.6511 -21.6483
65.6322 -21.4064
65.5928 -21.4364
65.5569 -21.475
65.6 -21.3333
65.5822 -21.2994
65.5308 -21.3031
65.4441 -21.4789
65.4372 -21.2122
65.238 -21.1442
65.1625 -21.0989
65.1947 -21.0697
65.2852 -21.1058
65.3389 -21.0689
65.4367 -21.0972
65.4561 -21.0817
65.3416 -20.9164
65.4683 -20.9889
65.5741 -20.9458
65.6917 -20.6825
65.6764 -20.6261
65.5469 -20.6456
65.585 -20.6131
65.5761 -20.5695
65.5108 -20.5475
65.4875 -20.4931
65.495 -20.4467
65.5428 -20.4306
65.5703 -20.5272
65.5925 -20.4108
65.5241 -20.3953
65.6489 -20.3236
65.7236 -20.2631
65.8089 -20.3161
65.8561 -20.3092
66.0241 -20.447
66.0858 -20.4208
66.1247 -20.095
65.8919 -19.8694
65.8644 -19.705
65.7561 -19.6478
65.7333 -19.5595
65.7625 -19.5489
65.7258 -19.452
65.7852 -19.3981
65.8364 -19.3911
65.9519 -19.5131
65.9992 -19.4183
66.0489 -19.4564
66.0839 -19.3447
66.0667 -19.0556
66.1066 -19.1083
66.16 -19.0697
66.1891 -18.9586
66.1825 -18.9103
66.1452 -18.917
66.2 -18.8658
66.1911 -18.7845
66.1394 -18.8056
66.1675 -18.6986
66.1325 -18.6261
66.0866 -18.6622
66.0919 -18.5678
66.028 -18.5211
65.9727 -18.5403
65.9108 -18.2894
65.7844 -18.1806
65.7047 -18.1336
65.6433 -18.0695
65.6861 -18.0628
65.7589 -18.1039
65.8383 -18.0703
65.9228 -18.1453
65.9219 -18.2056
66.0566 -18.3156
66.1519 -18.3331
66.173 -18.2106
66.1122 -17.8208
65.9508 -17.5597
65.973 -17.5519
65.9964 -17.4383
65.9577 -17.4122
66.0947 -17.3583
66.1275 -17.2592
66.1605 -17.2714
66.2128 -17.1036
66.1855 -16.9689
66.1189 -16.9183
66.1464 -16.7242
66.1003 -16.6383
66.1594 -16.6886
66.183 -16.5206
66.143 -16.4283
66.1789 -16.4864
66.2708 -16.417
66.475 -16.5775
66.5008 -16.5556
66.5044 -16.2031
66.5344 -16.1783
66.498 -15.9353
66.4205 -15.9378
66.3658 -15.6933
66.3341 -15.6861
66.2878 -15.7731
66.2239 -15.6253
66.1883 -15.4586
66.1428 -15.3819
66.1755 -15.3408
66.2528 -15.3422
66.2989 -15.0717
66.3789 -14.9439
66.3833 -14.5575
66.2772 -15.0011
66.2116 -14.9364
66.1697 -14.9769
66.1361 -15.1492
66.0991 -15.1542
66.0961 -15.0656
66.07 -15.0525
66.0289 -14.8997
66.0661 -14.7308
66.0436 -14.6633
65.958 -14.6058
65.8894 -14.6469
65.7591 -14.8922
65.7214 -14.8178
65.7908 -14.3819
65.783 -14.3369
65.7169 -14.3981
65.6714 -14.2747
65.5408 -14.5311
65.5541 -14.4631
65.6328 -14.3243
65.6583 -14.242
65.5989 -14.0003
65.6122 -13.8703
65.5253 -13.8108
65.5316 -13.6583
65.51 -13.6117
65.373 -13.6756
65.3636 -13.8336
65.3344 -13.7269
65.3122 -13.745
65.2766 -13.9681
65.303 -13.6986
65.2666 -13.5686
65.2194 -13.6395
65.193 -14.035
65.1925 -13.6222
65.1514 -13.6653
65.1152 -13.6847
65.0966 -13.625
65.1628 -13.5353
65.1597 -13.5122
65.073 -13.4978
64.9925 -13.6161
64.9878 -13.7792
65.073 -14.0103
65.0575 -14.0094
65.0305 -14.0978
65.0219 -14.2172
65.0128 -13.9225
64.9327 -13.7081
64.9125 -13.742
64.9339 -14.0511
64.9039 -13.9422
64.8822 -13.8028
64.8614 -13.7653
64.8236 -13.827
64.8397 -13.955
64.8186 -13.9006
64.7997 -13.8336
64.79 -14.03
64.7575 -14.0192
64.7264 -14.0142
64.6889 -14.2431
64.7586 -14.3881
64.7916 -14.48
64.6836 -14.3411
64.6725 -14.2711
64.6458 -14.2808
64.6428 -14.4494
64.6272 -14.405
64.5939 -14.4331
64.5672 -14.5575
64.5467 -14.497
64.6055 -14.3453
64.4061 -14.5394
64.383 -14.7461
64.4119 -14.5683
64.4294 -14.702
64.3153 -14.9064
64.323 -14.9439
64.3019 -14.9528
64.3017 -14.8917
64.2725 -14.9133
64.2572 -15.0017
64.2828 -15.1664
64.2614 -15.2208
64.3264 -15.2731
64.2955 -15.2783
64.3036 -15.3308
64.363 -15.372
64.2775 -15.3839
64.183 -15.7097
64.1411 -15.9911
64.1261 -15.9908
64.0564 -16.1492
63.9128 -16.4436
63.8416 -16.7819
63.8028 -16.7836
63.865 -16.8853
63.7966 -16.9114
63.7847 -16.9669
63.8911 -16.9406
63.9172 -16.9667
63.8272 -17.0172
63.7947 -16.9861
63.7608 -17.5658
63.7455 -17.6261
63.7739 -17.7167
63.7469 -17.7231
63.7319 -17.87
63.6617 -17.9306
63.6697 -17.7981
63.6389 -17.8217
63.6247 -17.9628
63.6053 -17.8572
63.5308 -17.9283
63.4708 -18.1644
63.47 -18.22
63.5058 -18.1789
63.5461 -18.3075
63.4572 -18.2622
63.4028 -18.8681
63.485 -19.5217
63.5381 -19.8933
63.5364 -20.1706
63.6139 -20.3389
63.6678 -20.4461
63.7022 -20.5019
63.6408 -20.4364
63.7316 -20.539
63.777 -20.4936
63.7297 -20.3111
63.7833 -20.4436
63.823 -20.4022
63.7511 -20.5614
63.708 -20.5647
63.7678 -20.7692
63.7989 -20.6864
63.8425 -20.6728
63.8294 -20.7147
63.7989 -20.7464
63.8266 -20.9789
63.8753 -21.1747
63.9228 -21.1945
63.9397 -21.0464
63.9547 -21.195
63.918 -21.3006
63.8861 -21.2069
63.8492 -21.3656
63.8228 -21.6397
63.8697 -21.7628
63.8503 -22.2825
63.8036 -22.6836
63.8547 -22.6986
63.9108 -22.7031
63.948 -22.6314
63.9683 -22.7283
64.0639 -22.7258
64.0841 -22.6886
64.0444 -22.5897
63.9778 -22.5475
64.0667 -21.9767
64.0975 -22.0475
64.1114 -21.9731
64.0983 -21.9475
64.1239 -21.9197
64.1522 -22.0392
64.1569 -21.9303
64.1764 -21.7161
64.2128 -21.775
64.2289 -21.9261
64.3428 -21.7547
64.3941 -21.4542
64.3869 -21.7328
64.3061 -21.9319
64.3094 -22.0925
64.3447 -22.0333
64.378 -21.9844
64.3964 -22.0411
64.5008 -21.9789
64.608 -21.7025
64.6475 -21.5142
64.6589 -21.6703
64.5266 -21.9886
64.5211 -22.0289
64.5091 -22.0736
64.4686 -22.0878
64.4839 -22.2506
64.5683 -22.2431
64.5527 -22.3417
64.6 -22.3617
64.6602 -22.4408
64.6722 -22.3236
64.7336 -22.19
64.6686 -22.4039
64.6944 -22.3922
64.7439 -22.3228
64.7591 -22.3275
64.7797 -22.4397
64.8094 -22.4506
64.7716 -22.6503
64.795 -22.6675
64.7967 -22.7772
64.798 -23.132
64.8264 -23.2914
64.8141 -23.5656
64.7378 -23.6639
64.7494 -23.9325
64.8892 -24.0578
64.9272 -23.8339
64.8922 -23.6878
64.9477 -23.3136
64.9222 -23.2633
64.9433 -23.2228
64.9905 -23.2392
65.0158 -23.1903
65.0052 -23.0836
64.9519 -23.1603
64.918 -23.11
64.9589 -23.1119
65.06 -22.6986
64.9989 -22.6742
64.9758 -22.5775
65.0078 -22.6256
65.0508 -22.5294
65.0475 -21.7911
65.0675 -21.845
65.1575 -21.7295
65.1961 -21.7342
65.2033 -21.8086
65.1264 -21.9647
65.1047 -22.0708
65.1858 -22.5314
65.2466 -22.4417
65.3211 -22.1942
65.4336 -21.815
65.5253 -22.1078
65.4425 -22.1781
65.4403 -22.2797
65.4769 -22.3842
65.5033 -22.3669
65.5352 -22.1775
65.595 -22.1089
65.5372 -22.3256
65.5042 -22.495
65.6166 -22.555
65.5716 -22.5361
65.5311 -22.5739
65.5266 -22.6783
65.5819 -22.7169
65.6225 -22.6836
65.6258 -22.7633
65.5011 -22.72
65.5414 -22.8872
65.5891 -22.7953
65.613 -22.8508
65.5847 -22.86
65.5647 -22.9125
65.6075 -22.9511
65.5422 -23.0142
65.5478 -23.1503
65.5794 -23.1608
65.5622 -23.1967
65.5042 -23.1945
65.4828 -23.2292
65.4678 -23.6522
65.4172 -23.7228
65.403 -23.9075
65.4444 -24
65.4714 -24.0544
65.493 -24.3336
65.4894 -24.5092
65.5136 -24.515
65.5594 -24.3761
65.63 -24.3331
65.608 -24.1575
65.518 -23.8922
65.5325 -23.8067
65.5947 -24.0131
65.6472 -24.0836
65.6078 -23.8033
65.7758 -24.1261
65.8066 -24.1058
65.6764 -23.575
65.6416 -23.5533
65.6058 -23.562
65.6405 -23.4669
65.6694 -23.2969
65.6972 -23.5253
65.725 -23.5161
65.7725 -23.2339
65.7508 -23.5219
65.7761 -23.7436
65.863 -23.87
65.8925 -23.8658
65.9189 -23.8217
65.8592 -23.3156
65.9647 -23.7403
66.0094 -23.8161
66.0566 -23.8011
66.0608 -23.6867
66.0483 -23.5239
66.1041 -23.6583
66.1175 -23.6622
66.0947 -23.3936
66.1383 -23.5958
66.1589 -23.5839
66.1919 -23.3714
66.1383 -23.1422
66.0761 -23.1078
66.1066 -23.0389
66.0786 -22.9814
66.0228 -22.9808
66.0144 -22.9653
66.0472 -22.9306
66.0191 -22.8456
65.9747 -22.8781
65.9978 -22.8136
65.9122 -22.8297
65.9716 -22.7833
66.0472 -22.7653
66.0553 -22.6803
65.9733 -22.5695
65.8644 -22.6214
65.97 -22.5364
65.9417 -22.4586
65.8872 -22.43
65.8341 -22.4681
65.8389 -22.4358
65.908 -22.3586
66.0533 -22.4728
66.0908 -22.3833
66.0764 -22.495
66.1736 -22.9122
66.2266 -22.9889
66.2611 -22.822
66.2458 -22.5306
66.2683 -22.3683
66.2719 -22.5608
66.3005 -22.5064
66.2925 -22.7006
66.3047 -22.7092
66.3672 -22.61
66.3094 -22.8097
66.3453 -22.8244
66.2986 -22.9386
66.3297 -23.1461
66.3533 -23.1903
66.3636 -23.0394
66.3911 -23.0497
66.4272 -23.1322
66.4389 -23.0939
66.4158 -22.8742
66.4417 -22.88
66.465 -22.9464
66.4191 -22.4517
66.448 -22.4325
66.4566 -22.4078
66.3928 -22.3581
66.335 -22.2044
66.2744 -22.232
66.2416 -21.9283
66.1925 -21.8681
66.1675 -21.745
66.0725 -21.7217
66.0667 -21.6442
66.0202 -21.6686
66.0339 -21.622
66.0805 -21.6403
66.0928 -21.55
66.0614 -21.5108
66.0447 -21.5592
66.0191 -21.5278
66.0261 -21.3917
65.998 -21.325
65.9855 -21.3217
65.9522 -21.5414
65.956 -21.3803
