CIC_MPM_VERS = 1.0
COMMENT Generated by Spacebel CCSDS library
CREATION_DATE = 2017-02-24T16:25:00.791218
ORIGINATOR = SVG² Control

META_START

USER_DEFINED_PROTOCOL = NONE
USER_DEFINED_CONTENT = REGION OF INTEREST
USER_DEFINED_SIZE = 2
USER_DEFINED_TYPE = REAL
USER_DEFINED_UNIT = [deg]

META_STOP

12.1813 92.7685
12.0744 92.7555
12.0172 92.7616
11.9492 92.7283
11.8761 92.7422
11.9339 92.7536
11.9408 92.7789
11.9089 92.7958
11.708 92.7602
11.6517 92.6772
11.6117 92.6839
11.6811 92.7336
11.6433 92.7566
11.5033 92.7272
11.5139 92.6744
11.6086 92.6164
11.6403 92.6475
11.7136 92.5633
11.9142 92.548
11.9292 92.5705
11.86 92.6097
11.9433 92.6247
12.1417 92.6403
12.2336 92.7077
12.1725 92.7194
12.1813 92.7685
180.0 180.0
6.74889 93.8344
6.75667 93.8072
6.92055 93.7647
7.02194 93.6805
7.01389 93.6455
7.17666 93.6689
7.23583 93.803
7.18262 93.8679
6.95528 93.9289
6.74889 93.8344
180.0 180.0
10.5239 92.5011
10.5367 92.3708
10.7769 92.3528
10.8983 92.4905
10.8761 92.5258
10.7771 92.5607
10.6664 92.5572
10.5239 92.5011
180.0 180.0
35.4808 77.8314
35.5017 77.9402
35.5742 77.9725
35.5433 78.1369
35.6391 78.2019
35.7914 78.57
35.8819 78.7005
35.9258 78.8094
35.8925 78.9344
35.9861 79.3433
35.9633 79.4327
35.9289 79.4572
35.8789 79.4402
35.855 79.4739
35.8678 79.5869
35.8017 79.6658
35.7592 79.6344
35.6508 79.6936
35.5683 79.8669
35.6175 79.9191
35.5958 79.9641
35.4375 80.0219
35.4061 80.0705
35.4458 80.1361
35.5589 80.2016
35.5578 80.238
35.5033 80.2977
35.5228 80.3494
35.5064 80.3872
35.4253 80.3866
35.3253 80.2839
35.1936 80.2922
35.0869 80.1908
34.8939 80.2016
34.7361 80.0883
34.6589 80.0452
34.6628 79.8875
34.5744 79.8439
34.5528 79.7616
34.5197 79.7227
34.4686 79.7605
34.4428 79.7542
34.4117 79.6836
34.4328 79.5455
34.4105 79.5316
34.1994 79.5722
34.1903 79.5116
34.1139 79.5222
34.0169 79.4133
34.0155 79.0272
33.9703 78.9089
33.9366 78.9075
33.7544 79.0194
33.6261 79.0314
33.6336 78.918
33.608 78.9108
33.4086 78.9374
33.3186 78.9922
33.2872 79.0794
33.2197 79.1036
33.1897 79.3647
33.1617 79.4064
32.9833 79.3541
32.9058 79.4183
32.8589 79.4611
32.803 79.4636
32.7499 79.5272
32.6769 79.5164
32.5469 79.3741
32.4944 79.3069
32.5155 79.2536
32.4847 79.1475
32.3764 79.0991
32.3661 78.9239
32.4789 78.7803
32.6228 78.7722
32.6394 78.743
32.5705 78.5955
32.5661 78.4205
32.5439 78.3958
32.3005 78.4833
32.2361 78.475
32.2094 78.5447
32.0353 78.6805
31.9589 78.7694
31.7853 78.6933
31.685 78.7425
31.6158 78.8411
31.5553 78.7816
31.5317 78.7264
31.4808 78.725
31.4575 78.7828
31.3158 78.7647
31.2867 78.8183
31.2989 78.8939
31.36 78.9419
31.3256 78.9986
31.4114 79.0186
31.4392 79.0869
31.3408 79.2175
31.2442 79.2402
30.9414 79.5903
30.9897 79.7489
30.9167 79.9097
30.7919 80.0841
30.7475 80.2355
30.7297 80.2564
30.6758 80.1875
30.6219 80.2278
30.565 80.2036
30.5647 80.3219
30.4644 80.5389
30.4764 80.6014
30.2047 81.0274
30.1814 80.9364
30.2169 80.9041
30.1747 80.8586
30.143 80.8755
29.7967 80.48
29.7892 80.4202
29.7442 80.3741
29.6064 80.41
29.44 80.2413
29.3225 80.2758
29.3106 80.3069
29.2055 80.2878
29.2147 80.24
29.1494 80.2591
29.1125 80.1497
28.9842 80.1247
28.9364 80.0622
28.8361 80.0558
28.6972 80.313
28.6294 80.3577
28.6289 80.4402
28.5669 80.5086
28.6583 80.5055
28.6847 80.57
28.5053 80.8311
28.4572 80.9105
28.3692 81.1889
28.13 81.32
28.1744 81.3883
28.1236 81.4703
28.0833 81.4761
27.8572 81.8802
27.9222 81.9997
27.8572 82.1708
27.6794 82.4241
27.7111 82.7011
27.5053 82.7644
27.4489 83.1764
27.3433 83.2758
27.3375 83.3305
27.3967 83.39
27.4728 83.3864
27.4692 83.6077
27.3522 83.8583
27.3686 83.8783
27.4275 83.8327
27.453 83.9237
27.4447 84.0403
27.5161 84.0989
27.4764 84.1925
27.3883 84.2977
27.3419 84.595
27.2353 84.6791
27.1408 84.6811
27.0567 84.6441
27.0075 84.7503
26.9675 84.9333
26.8505 85.0364
26.8708 85.1672
26.8544 85.1944
26.795 85.1866
26.7669 85.2116
26.7358 85.3344
26.8669 85.6233
26.8017 85.7261
26.673 85.7286
26.6025 85.8072
26.5703 85.8555
26.663 86.0294
26.5856 86.2066
26.6142 86.3258
26.4214 86.7258
26.5326 86.9485
26.5289 86.9944
26.5872 87.0538
26.4133 87.1336
26.3478 87.328
26.4147 87.3905
26.4356 87.4769
26.3794 87.593
26.4486 87.9219
26.3672 88.0033
26.4311 88.0894
26.7314 88.1927
26.9203 88.1491
27.1025 87.9969
27.2122 88.013
27.4369 88.0667
27.4853 88.0458
27.8414 88.1958
27.8681 88.1424
27.9047 88.1205
27.9492 88.1361
28.0292 88.5341
28.1131 88.6116
28.0164 88.8272
27.8425 88.8813
27.49 88.7797
27.438 88.7833
27.321 88.9179
27.2822 88.9014
27.253 88.8064
27.1473 88.7505
27.1086 88.8433
27.0805 88.8677
26.955 88.873
26.9878 88.9216
26.8292 89.1102
26.8147 89.2208
26.86 89.3608
26.7711 89.6361
26.7269 89.6183
26.7014 89.8419
26.7358 89.99
26.7533 90.143
26.8942 90.3441
26.9036 90.3922
26.7742 90.6825
26.778 91.3075
26.8008 91.3714
26.8733 91.4189
26.8747 91.4922
26.8044 91.5422
26.8 91.7125
26.8633 91.8358
26.8542 91.9169
26.8939 91.9153
26.8519 91.9972
26.8619 92.07
26.9203 92.1122
27.0228 92.0833
27.0808 92.0155
27.1681 92.0153
27.2858 92.1144
27.4719 92.0078
27.4161 91.7753
27.4569 91.7655
27.5364 91.6313
27.625 91.598
27.6667 91.6008
27.7651 91.6596
27.7281 91.9705
27.8158 92.2539
27.8714 92.2566
27.8633 92.2791
27.7983 92.3061
27.798 92.3353
27.8444 92.3583
27.8047 92.3794
27.9555 92.6994
28.0364 92.7291
28.063 92.6622
28.1178 92.6803
28.2017 92.8025
28.178 92.8239
28.3719 93.118
28.4489 93.1694
28.6283 93.2255
28.6836 93.558
28.6969 93.738
28.8644 94.0491
28.97 94.0344
28.9678 94.1336
29.1442 94.2852
29.285 94.5961
29.3275 94.6319
29.2806 94.7336
29.1675 94.8005
29.1586 94.9472
29.1005 95.2236
29.0447 95.3453
29.0414 95.4391
29.0761 95.4794
29.1408 95.4961
29.1347 95.543
29.2444 95.5791
29.4655 96.0639
29.3697 96.1669
29.2575 96.2311
29.2414 96.2894
29.2906 96.3625
29.2553 96.3952
29.1831 96.353
29.083 96.1227
28.9953 96.1822
28.9433 96.1486
28.8997 96.1727
28.9408 96.2503
29.0325 96.3439
29.07 96.5047
28.8964 96.5339
28.8011 96.6116
28.7578 96.6164
28.6922 96.4966
28.5939 96.4347
28.5569 96.3453
28.4858 96.3683
28.4153 96.2647
28.3511 96.4019
28.4672 96.5905
28.4264 96.7408
28.3755 96.7791
28.3322 96.9989
28.3814 97.1058
28.3178 97.2336
28.2403 97.2983
28.2227 97.3495
28.0892 97.3161
28.0186 97.3941
27.8967 97.3677
27.8783 97.3172
27.9167 97.2991
27.9075 97.2494
27.565 96.8955
27.3842 96.9572
27.1386 97.1589
27.0925 97.1444
27.1347 96.9919
27.178 96.8883
27.2103 96.8614
27.2547 96.8841
27.3558 96.7636
27.3669 96.61
27.2942 96.5241
27.2708 96.1941
27.1925 96.0358
27.0355 95.9191
26.9722 95.7739
26.8914 95.7177
26.8953 95.658
26.8214 95.6108
26.823 95.5194
26.7155 95.4497
26.6447 95.2711
26.6794 95.2536
26.62 95.1483
26.3486 95.0683
26.2281 95.0816
26.0708 95.1775
26.0019 95.135
25.9283 95.0207
25.7511 95.0391
25.5911 94.8786
25.4097 94.635
25.2453 94.5775
25.19 94.5889
25.1364 94.7286
25.0303 94.7355
24.7253 94.5977
24.7089 94.5386
24.6114 94.5086
24.48 94.3891
24.3717 94.3591
24.2286 94.28
23.8597 94.1536
23.8436 94.1283
23.9178 94.0366
24.0169 93.6358
23.9642 93.5291
23.9675 93.4772
24.0764 93.4058
24.0911 93.3641
24.0736 93.3366
23.9817 93.328
23.9214 93.3844
23.7831 93.3978
23.4755 93.4044
23.0733 93.3503
23.0089 93.2936
23.0089 93.2389
23.0572 93.2066
23.0539 93.1472
23.0144 93.125
22.9011 93.1441
22.7894 93.0986
22.5272 93.12
22.4278 93.1827
22.2483 93.1911
22.2369 93.1425
22.1915 93.1635
22.2103 93.058
22.1589 93.0405
22.0039 93.0061
21.9914 92.9847
22.0292 92.9503
21.9536 92.9011
22.0964 92.8127
22.1597 92.7186
22.1522 92.6975
22.0314 92.6822
21.9822 92.6013
22.1381 92.5625
22.1517 92.6044
22.7219 92.5147
22.7617 92.4686
22.8533 92.4597
22.9178 92.3944
23.2236 92.3486
23.2847 92.3836
23.5264 92.3119
23.6961 92.2889
23.7225 92.2522
23.6597 92.2272
23.6544 92.2069
23.7363 92.1744
23.6453 92.0305
23.6783 92.005
23.7228 91.9458
23.5128 91.9675
23.48 91.9525
23.4103 91.845
23.2567 91.7672
23.195 91.7952
23.0744 91.81
22.9431 91.6136
23.003 91.5466
23.1475 91.5003
23.2619 91.4261
23.2633 91.3928
23.2069 91.3775
23.0744 91.4036
23.105 91.34
23.3733 91.2822
23.653 91.1591
23.9744 91.2739
23.9953 91.3611
24.0339 91.3761
24.0978 91.3708
24.1105 91.4047
24.0905 91.4822
24.1131 91.6316
24.2242 91.6572
24.1489 91.7147
24.1583 91.7552
24.2392 91.7578
24.2281 91.7891
24.1814 91.8464
24.1569 91.9
24.2756 91.9325
24.3267 91.9177
24.3494 91.9466
24.3261 91.9977
24.3789 91.9747
24.3789 92.098
24.4142 92.1352
24.7425 92.2486
24.8964 92.248
24.9072 92.2816
24.8578 92.3894
24.8899 92.4966
25.0333 92.4022
25.1775 92.0936
25.1819 92.003
25.1394 91.4758
25.2078 91.2578
25.1497 90.8216
25.1761 90.7761
25.1489 90.4125
25.185 90.3278
25.2961 89.8378
25.3739 89.8144
25.6475 89.8633
25.7375 89.8203
25.7674 89.8266
25.8948 89.8534
25.9414 89.8633
25.9439 89.8616
25.956 89.8536
26.2283 89.6736
26.2233 89.63
26.1536 89.5891
26.0708 89.6364
25.9622 89.553
26.0036 89.5128
25.9983 89.4327
26.1419 89.1494
26.385 89.0747
26.4461 88.9539
26.3678 88.918
26.3356 88.9947
26.2425 89.0552
26.2302 89.008
26.2794 88.9277
26.2783 88.8836
26.2317 88.8494
26.3 88.7636
26.2694 88.6994
26.2894 88.6716
26.3236 88.7413
26.3919 88.6941
26.555 88.4291
26.5964 88.4194
26.6253 88.4011
26.4867 88.3347
26.4517 88.3536
26.4894 88.378
26.45 88.4947
26.3558 88.5225
26.3692 88.4575
26.303 88.3739
26.1433 88.1797
26.0339 88.1833
25.9892 88.1311
25.8692 88.1052
25.7783 88.1583
25.815 88.2575
25.7942 88.2875
25.5319 88.5211
25.4681 88.7011
25.5164 88.7725
25.4542 88.8411
25.4017 88.8216
25.3264 88.8825
25.3053 89.0058
25.278 89.0064
25.1969 88.9447
25.1831 88.5589
25.1878 88.4508
25.0231 88.438
24.8675 88.3322
24.9489 88.2153
24.9183 88.1352
24.8819 88.1633
24.6842 88.0433
24.6405 88.0748
24.5086 88.1255
24.3094 88.5547
24.3167 88.6911
24.2508 88.7375
24.1875 88.7439
24.1714 88.7083
24.108 88.7077
24.0536 88.7272
23.9158 88.733
23.8725 88.6141
23.8472 88.598
23.6411 88.568
23.4603 88.79
23.3086 88.7114
23.2433 88.7339
23.2428 88.8472
23.1958 88.9866
23.0828 88.8689
22.9608 88.8647
22.8333 88.9733
22.6341 88.9425
22.5558 88.9511
22.4655 88.9977
22.2764 89.0072
22.1486 89.0964
22.1171 89.0644
22.0988 89.0598
21.9417 89.0641
21.9183 89.0366
21.9047 88.995
21.9781 88.9119
21.9336 88.915
21.8658 89.0164
21.6333 89.0903
21.6094 89.0636
21.6075 88.9875
21.675 88.8761
21.7539 88.8675
21.7558 88.8561
21.6328 88.8555
21.6158 88.828
21.6489 88.7758
21.5917 88.795
21.553 88.7725
21.5719 88.7061
21.7769 88.6955
22.0114 88.7633
22.0719 88.7091
22.128 88.7572
22.0778 88.6833
22.0158 88.7275
21.9311 88.6777
21.9553 88.6258
22.0967 88.6378
22.1908 88.6844
22.2006 88.6611
22.1417 88.633
22.0369 88.6255
21.8747 88.5716
21.7636 88.5667
21.7806 88.6086
21.743 88.6289
21.6608 88.5975
21.5292 88.5419
21.5205 88.498
21.5569 88.483
21.8139 88.5375
21.9503 88.4961
21.8022 88.4961
21.7942 88.4655
21.6614 88.4733
21.6056 88.4414
21.5964 88.3841
21.6811 88.3786
21.6092 88.3366
21.6075 88.3058
21.7661 88.2983
21.7917 88.2566
21.5617 88.3039
21.5486 88.2542
21.6061 88.2041
21.8014 88.2058
21.8747 88.155
21.9706 88.145
22.0472 88.2086
22.0947 88.2153
22.1833 88.17
22.2086 88.0803
22.2352 88.0795
22.2189 88.0336
22.2592 87.9875
22.3864 87.9447
22.4192 87.9044
22.3172 87.9367
22.205 88
22.1722 88.1419
22.1164 88.1755
22.0811 88.1572
22.0158 88.0447
21.9694 88.0444
21.8286 87.9605
21.6508 87.6897
21.5083 87.1122
21.3583 86.9453
21.1844 86.8333
21.0994 86.8366
20.923 86.9125
20.7811 86.9619
20.7739 86.8783
20.7594 86.8914
20.7528 86.9855
20.7106 86.998
20.6964 86.9408
20.6744 87.0261
20.5931 86.8869
20.4522 86.7264
20.3675 86.723
20.4011 86.7719
20.3783 86.7969
20.1725 86.4836
20.0969 86.4775
19.9969 86.4022
20.0858 86.1797
19.9803 86.3167
19.9653 86.3905
19.9072 86.2639
19.8222 85.9683
19.6614 85.4461
19.6997 85.4244
19.7417 85.5722
19.8772 85.5633
19.9011 85.4522
19.7639 85.2489
19.5219 85.1
19.4733 85.1325
19.5169 85.2055
19.5764 85.1919
19.6853 85.3872
19.6544 85.4102
19.6111 85.3802
19.6103 85.3108
19.5664 85.3161
19.6267 85.4405
19.3342 85.0141
19.1144 84.7861
19.1444 84.7325
19.0925 84.7272
18.7703 84.5386
18.4961 84.2416
18.4964 84.2786
18.3333 84.1243
18.2922 84.1064
18.1428 83.7758
17.9475 83.5308
17.7897 83.4033
17.6869 83.295
17.7117 83.2369
17.6656 83.2969
17.6414 83.2628
17.5964 83.2366
17.3697 82.7722
17.1008 82.3644
16.9603 82.2694
16.8769 82.2586
16.8372 82.3442
16.9211 82.3636
16.6044 82.3117
16.5122 82.2025
16.3108 81.7266
16.3731 81.5389
16.3478 81.5233
16.3833 81.4058
16.3186 81.2494
16.0811 81.1753
15.8353 80.9978
15.7844 81.02
15.7767 81.0014
15.8633 80.8978
15.9322 80.9122
16.0233 80.8891
15.9111 80.8975
15.7161 80.8091
15.8406 80.8075
15.883 80.7658
15.8769 80.5541
15.7097 80.2897
15.3092 80.0908
15.0489 80.0489
14.8158 80.0916
14.5964 80.1822
14.5618 80.147
14.5647 80.1983
14.2564 80.1372
14.2572 80.1061
14.1914 80.043
14.2367 80.1289
14.133 80.1292
13.8089 80.2475
13.6608 80.2308
13.4539 80.3158
13.583 80.2452
13.7233 80.1433
13.6453 80.1483
13.6175 80.1255
13.6903 80.0925
13.6178 80.0494
13.5483 80.0844
13.4275 80.298
13.3342 80.3497
13.1344 80.3053
12.8678 80.263
12.5133 80.1653
12.2303 80.0061
12.0239 79.8639
11.6386 79.7622
11.4256 79.7847
11.4286 79.8194
11.3672 79.8167
11.3839 79.7666
11.3186 79.6961
11.2986 79.6958
11.3614 79.7702
11.345 79.8311
10.8314 79.845
10.3053 79.8583
10.2672 79.7869
10.2583 79.7636
10.2944 79.603
10.3144 79.383
10.2247 79.2672
10.1519 79.2361
10.0311 79.2778
9.74416 79.0352
9.46805 78.91
9.35916 78.9808
9.2875 79.0977
9.2825 79.23
9.31611 79.3069
9.30944 79.3453
9.255 79.3364
9.18166 79.4303
9.14833 79.4408
9.23666 79.3194
9.27305 78.9647
9.17666 78.6622
9.14778 78.6564
9.12889 78.5372
9.08166 78.3839
8.90416 78.1925
8.75416 78.1636
8.76 78.198
8.65524 78.1115
8.57222 78.1428
8.46222 78.1144
8.255 77.87
8.13472 77.5872
8.06972 77.5408
8.12333 77.303
8.39666 76.9675
8.58889 76.8155
8.89444 76.5517
8.9225 76.5694
8.94666 76.5772
8.97472 76.6628
9.00389 76.6394
8.93889 76.5269
9.1225 76.4547
9.16639 76.4819
9.23416 76.4161
9.49694 76.3077
9.65808 76.2957
9.95277 76.2383
9.96472 76.2525
9.91389 76.2922
9.87389 76.2633
9.87472 76.3144
9.71916 76.3369
9.81694 76.3405
9.69889 76.3664
9.67528 76.395
9.54 76.3503
9.50639 76.385
9.49527 76.47
9.52861 76.4992
9.56194 76.4119
9.66608 76.4157
9.86028 76.3841
9.93472 76.3255
10.0786 76.2439
10.0108 76.2236
10.1742 76.1797
10.1994 76.2342
10.2331 76.23
10.203 76.2066
10.6408 75.9764
10.9197 75.885
11.3983 75.6991
11.4764 75.6105
11.7003 75.5286
11.8581 75.3525
11.9369 75.3019
11.9386 75.3802
11.9467 75.3336
11.9825 75.2839
12.0105 75.2964
12.0078 75.1925
12.1425 75.1539
12.5631 74.9427
12.8455 74.8428
12.8647 74.8103
13.3117 74.7139
13.6319 74.6639
13.6556 74.7039
13.6931 74.6922
13.6653 74.655
13.8367 74.6172
13.9869 74.5108
14.2569 74.4297
14.2434 74.5088
14.2944 74.4094
14.5253 74.3533
14.4628 74.4008
14.5497 74.3633
14.5155 74.3336
14.5178 74.3041
14.5605 74.295
14.6222 74.2647
14.6828 74.2708
14.7378 74.2233
14.7144 74.1941
14.8036 74.0886
14.8675 74.2036
14.8461 74.113
14.8919 74.0791
14.9828 74.0322
15.0828 73.9147
15.1547 73.9608
15.3597 73.8805
15.3758 73.8069
15.4072 73.793
15.3897 73.9391
15.4597 73.79
15.5142 73.8647
15.4875 73.7716
15.5814 73.7361
15.6197 73.7164
15.8239 73.6336
15.9514 73.5247
16.0756 73.4616
16.1605 73.4505
16.1089 73.4477
16.2764 73.3986
16.5225 73.3017
16.5508 73.3236
16.6031 73.3086
16.6011 73.3764
16.8381 73.2772
17.2228 73.2294
17.5661 73.1278
17.5864 73.1991
17.6058 73.1314
17.8755 73.0614
18.2161 72.9511
18.2794 72.938
18.2214 73.0566
18.1814 73.0619
18.2461 73.0691
18.3017 72.9672
18.4342 72.8894
18.5297 72.913
18.5248 72.9453
18.4919 72.9683
18.4717 73.015
18.563 72.9086
18.743 72.8505
18.8219 72.9286
18.7742 72.9716
18.7294 72.9928
18.8172 73.0111
18.8575 72.9203
18.9117 72.9019
18.9942 73.0344
19 72.9853
19.085 72.9686
18.8939 72.8105
18.9431 72.77
19.0003 72.8066
19.1455 72.8105
19.2556 72.825
19.2336 72.7664
19.3128 72.7866
19.2886 72.9739
19.2058 73.0161
19.217 73.0465
19.2964 72.9855
19.3353 72.7858
19.4761 72.7436
19.5325 72.8783
19.5278 72.7855
19.5675 72.7661
19.573 72.7308
19.7211 72.6883
19.7055 72.7316
19.7869 72.73
19.7461 72.6753
19.8411 72.648
20.295 72.7536
20.4722 72.8564
20.6208 72.8855
20.7686 72.9425
20.7955 72.8891
20.8731 72.893
20.8342 72.8344
20.9789 72.8911
21.0019 72.7797
21.0408 72.7778
21.0333 72.8455
21.0678 72.853
21.1286 72.8036
21.1114 72.7511
21.1589 72.7155
21.1483 72.6739
21.0919 72.6675
21.1089 72.6116
21.2061 72.7283
21.2581 72.6075
21.3239 72.5939
21.3669 72.565
21.3883 72.5766
21.4553 72.7519
21.475 72.7153
21.4222 72.6128
21.4836 72.6197
21.635 72.8186
21.645 72.9044
21.7505 73.1058
21.6639 72.5416
21.6839 72.5244
21.848 72.5675
21.9828 72.7194
21.9083 72.5405
21.9292 72.5239
22.0908 72.5214
22.1953 72.5755
22.2089 72.6253
22.1769 72.6961
22.2411 72.8241
22.2114 72.8958
22.2286 72.923
22.2786 72.9075
22.2333 72.753
22.2703 72.6602
22.245 72.3989
22.2722 72.3822
22.3297 72.4033
22.3631 72.3797
22.2528 72.3027
22.3011 72.2608
22.2731 72.1519
22.2478 72.185
22.2833 72.2383
22.235 72.24
22.2253 72.3047
22.1464 72.325
22.0442 72.2889
21.9728 72.1255
21.9494 72.0586
21.9283 72.0436
21.9247 72.1558
21.8353 72.1619
21.8647 72.085
21.8286 72.093
21.8525 71.9955
21.7869 71.9972
21.7858 72.1725
21.6308 72.3044
21.4653 72.2425
21.3044 72.1033
21.2019 72.1105
21.1839 72.0797
21.1266 71.9285
20.9533 71.5736
20.78 71.1819
20.6989 70.8408
20.9244 70.3325
21.1944 70.0102
21.5528 69.6919
21.8472 69.3605
21.8933 69.303
22.2478 68.9628
22.3283 68.9444
22.4506 69.0139
22.4736 69.0786
22.4305 69.05
22.3969 69.0705
22.4094 69.1661
22.4017 69.2072
22.3028 69.1711
22.2749 69.2119
22.3244 69.3936
22.3814 69.5255
22.4506 69.5169
22.4425 69.5489
22.3722 69.5558
22.3536 69.615
22.4739 69.7355
22.4128 69.8017
22.5017 69.9208
22.5533 70.1744
22.6214 70.2136
22.8167 70.3233
22.9853 70.5114
23.0608 70.5239
23.1275 70.4753
23.0761 70.4047
22.9353 70.3894
22.9536 70.2819
22.9542 70.2233
22.9489 70.1564
22.9886 70.1292
22.923 70.13
22.8328 69.7928
22.7428 69.7044
22.8272 69.2758
22.8858 69.1272
23.1561 68.6494
23.2492 68.5908
23.2783 68.5391
23.3336 68.6033
23.3717 68.5102
23.4181 68.538
23.4083 68.4608
23.4694 68.4455
23.505 68.4494
23.4869 68.4244
23.5047 68.4058
23.6128 68.4083
23.653 68.4669
23.6842 68.5391
23.78 68.6759
23.8203 68.7305
23.7269 68.4475
23.5808 68.3214
23.5936 68.1683
23.6161 68.14
23.6742 68.2225
23.7158 68.1955
23.7733 68.1961
23.9444 68.2905
23.9147 68.3305
23.9739 68.3619
23.97 68.7472
24.3164 68.7452
24.3236 68.7578
24.3328 68.8247
24.2703 68.838
24.2419 68.8705
24.2894 68.8866
24.3256 68.9269
24.2578 68.9944
24.2972 69.0803
24.2581 69.1894
24.2699 69.2286
24.2883 69.4222
24.2814 69.5986
24.1944 69.6965
24.1728 70.0278
24.1972 70.0711
24.3085 70.1209
24.3678 70.3811
24.4319 70.5455
24.4222 70.5933
24.2872 70.5797
24.2436 70.6441
24.2383 70.785
24.2744 70.8858
24.3103 70.8627
24.3692 70.9416
24.4089 71.0986
24.4333 71.1058
24.458 71.0061
24.5964 70.9769
24.6444 70.9997
24.6863 71.0871
24.7222 71.0605
25.1725 70.8686
25.2381 70.7914
25.4169 70.6744
25.5111 70.6797
25.7019 70.6628
25.715 70.6183
25.6756 70.3791
25.7128 70.2722
25.8347 70.1825
25.9933 70.0861
26.2444 70.1739
26.5108 70.1894
26.5564 70.1683
26.5947 70.085
26.5942 69.8008
26.7503 69.5089
26.8117 69.485
26.8755 69.4966
27.1783 69.5833
27.2389 69.6566
27.6 70.0375
27.7361 70.0839
27.8289 70.128
28.0233 70.3758
28.0392 70.5144
27.99 70.5986
27.7314 70.7377
27.7097 70.7944
27.7122 70.8944
27.8486 71.2397
27.8761 71.6269
27.9619 71.8969
28.1175 71.918
28.2158 71.9922
28.4025 72.2066
28.68 72.2922
28.785 72.3897
29.0358 72.9483
29.5617 73.2697
29.9428 73.3975
30.0203 73.5886
30.0706 73.7989
30.195 73.9719
30.3142 73.9344
30.3647 73.8561
30.3986 73.9066
30.7011 74.2166
31.0642 74.5686
31.0253 74.6289
31.0589 74.663
31.0992 74.6725
31.1422 74.5375
31.1944 74.5308
31.4817 74.6391
31.598 74.5884
31.7247 74.5161
31.8167 74.538
31.8719 74.6202
31.9439 74.7847
32.0197 74.8141
32.0319 74.9628
32.0989 75.0375
32.0708 75.108
32.1725 75.3278
32.2756 75.3822
32.305 75.3575
32.4803 75.0375
32.465 74.7444
32.5011 74.6875
32.5933 74.6536
32.8389 74.7133
32.8361 74.6669
32.7805 74.6464
32.7589 74.5986
32.7758 74.3597
32.8153 74.333
32.8694 74.3639
33.0005 74.3341
33.1644 74.0383
33.2105 74.0119
33.2764 74.0241
33.3433 74.1258
33.5105 74.1825
33.5539 74.1625
33.6389 74.0147
33.6878 73.985
33.7556 73.9947
33.8344 74.0558
33.8483 74.17
33.9011 74.2575
33.9644 74.2947
34.0191 74.2444
34.0211 73.9558
34.09 73.9078
34.1322 73.9264
34.1755 74.0141
34.2083 74.0211
34.3061 73.9683
34.3158 73.8547
34.3533 73.8061
34.3986 73.7991
34.5936 73.9461
34.6614 73.9577
34.7547 74.2475
34.7819 74.3891
34.6964 74.6794
34.6241 75.2005
34.553 75.4
34.5072 75.8055
34.608 75.9375
34.6294 76.0466
34.5853 76.1605
34.6094 76.2291
34.7003 76.2936
34.77 76.4703
34.7386 76.7386
34.6722 76.8014
34.6589 76.87
34.6814 76.9169
34.9405 76.9641
34.9825 77.0239
35.04 77.0652
35.0939 77.0411
35.2173 77.2381
35.3122 77.5276
35.4048 77.7555
35.4808 77.8314
180.0 180.0
12.9051 92.877
12.8658 92.9561
12.5389 92.9916
12.4164 92.9369
12.4319 92.8553
12.39 92.86
12.3353 92.9139
12.3043 92.9027
12.3042 92.7864
12.3147 92.7333
12.4142 92.7141
12.6053 92.715
12.6539 92.7836
12.7911 92.7383
12.9023 92.7929
12.9825 92.8322
13.1242 92.8344
13.4603 92.8903
13.5703 93.0386
13.5327 93.0633
13.3605 93.0503
13.3306 93.0036
13.2669 93.0822
13.0281 92.9878
13.0703 92.938
13.0117 92.9314
12.9739 92.9628
12.9822 92.9247
12.9294 92.8814
12.9051 92.877
180.0 180.0
9.13038e-315 8.50287e-321
