CIC_MPM_VERS = 1.0
COMMENT Generated by Spacebel CCSDS library
CREATION_DATE = 2017-02-24T16:25:00.801219
ORIGINATOR = SVG² Control

META_START

USER_DEFINED_PROTOCOL = NONE
USER_DEFINED_CONTENT = REGION OF INTEREST
USER_DEFINED_SIZE = 2
USER_DEFINED_TYPE = REAL
USER_DEFINED_UNIT = [deg]

META_STOP

-8.43889 137.647
-8.40111 137.63
-8.08417 137.756
-7.66611 137.994
-7.51667 138.151
-7.40528 138.417
-7.37951 138.553
-7.36861 138.746
-7.38278 138.807
-7.54389 138.926
-7.5725 139.067
-7.84528 138.976
-7.89917 138.886
-8.07889 138.899
-8.08223 138.833
-8.14056 138.782
-8.16084 138.672
-8.3725 138.461
-8.42139 138.332
-8.39611 137.755
-8.43889 137.647
180.0 180.0
-1.35722 130.964
-1.25528 130.771
-1.11472 130.69
-1.08722 130.714
-0.99 130.64
-0.961111 130.664
-0.891411 130.899
-0.910556 131.034
-1.07 131.072
-1.32556 131.001
-1.35722 130.964
180.0 180.0
-1.80528 99.1155
-1.68056 98.8811
-1.275 98.633
-1.19194 98.5928
-0.976945 98.653
-0.946111 98.6975
-0.9275 98.86
-0.943334 98.9222
-0.998889 98.9422
-1.05639 98.9319
-1.23389 99.0641
-1.36944 99.108
-1.40444 99.1622
-1.45639 99.1636
-1.44694 99.1253
-1.68472 99.2916
-1.73667 99.2861
-1.62167 99.2286
-1.65306 99.2205
-1.76611 99.2552
-1.77228 99.1955
-1.80528 99.1155
180.0 180.0
-1.29611 109.505
-1.27556 109.434
-1.25444 109.414
-1.01611 109.441
-0.976945 109.478
-1.03258 109.756
-1.13861 109.779
-1.29611 109.505
180.0 180.0
-2.84194 100.031
-2.82667 100.008
-2.52889 99.9647
-2.49278 99.9769
-2.53028 100.033
-2.66722 100.19
-2.7588 100.203
-2.84194 100.031
180.0 180.0
-8.85417 115.126
-8.83806 115.094
-8.79667 115.125
-8.77639 115.173
-8.71667 115.177
-8.59223 115.076
-8.44972 114.892
-8.39611 114.718
-8.39028 114.603
-8.20972 114.468
-8.10472 114.446
-8.0906 114.478
-8.19139 114.847
-8.18611 115.001
-8.06334 115.153
-8.11222 115.356
-8.25389 115.59
-8.36028 115.709
-8.39972 115.712
-8.49389 115.615
-8.61639 115.336
-8.735 115.209
-8.80223 115.243
-8.84472 115.21
-8.85417 115.126
180.0 180.0
-2.37648 99.8592
-2.22222 99.57
-2.14889 99.5266
-2.05306 99.5447
-2.01611 99.6103
-2.06528 99.6816
-2.37648 99.8592
180.0 180.0
-3.24972 107.988
-3.05611 107.876
-3.07806 107.818
-3.11361 107.843
-3.16056 107.836
-3.22583 107.654
-3.21556 107.612
-2.915 107.616
-2.93 107.554
-2.90667 107.547
-2.86583 107.602
-2.58583 107.65
-2.55725 107.708
-2.57833 107.995
-2.64389 108.032
-2.60139 108.057
-2.64611 108.14
-2.74722 108.26
-2.84444 108.293
-3.13611 108.208
-3.16694 108.082
-3.2325 108.077
-3.24972 107.988
180.0 180.0
-4.23917 123.158
-4.23778 123.067
-4.11472 122.964
-4.05111 122.952
-3.97885 123.046
-4.01139 123.1
-3.99167 123.195
-4.05306 123.25
-4.11 123.254
-4.23917 123.158
180.0 180.0
-2.47556 126.07
-2.4625 126.009
-2.40306 125.966
-2.08389 125.861
-1.995 125.893
-1.9788 125.959
-2.01611 126
-2.15861 125.969
-2.41861 126.086
-2.47556 126.07
180.0 180.0
-8.05722 129.774
-8.04556 129.699
-7.90778 129.584
-7.82167 129.59
-7.79857 129.632
-7.82028 129.809
-7.89917 129.858
-7.93639 129.858
-8.05722 129.774
180.0 180.0
-8.01834 125.798
-8.01834 125.776
-7.85639 125.81
-7.65783 125.973
-7.72167 126.183
-7.60028 126.63
-7.67306 126.721
-7.66889 126.808
-7.73806 126.84
-7.76334 126.825
-7.75306 126.709
-7.81695 126.562
-7.96278 126.474
-7.88695 126.075
-7.94056 125.897
-8.01834 125.798
180.0 180.0
-1.90722 136.235
-1.86333 136.202
-1.77306 135.902
-1.69222 135.662
-1.68389 135.486
-1.61 135.418
-1.59992 135.505
-1.64417 135.898
-1.68611 136.283
-1.72917 136.405
-1.7475 136.804
-1.78944 136.899
-1.82445 136.874
-1.86833 136.538
-1.90306 136.546
-1.87917 136.292
-1.90722 136.235
180.0 180.0
-10.93 122.844
-10.9111 122.822
-10.7886 122.808
-10.76 122.856
-10.635 123.165
-10.5394 123.23
-10.4364 123.379
-10.4814 123.389
-10.5939 123.352
-10.5995 123.408
-10.625 123.423
-10.6822 123.406
-10.6761 123.344
-10.8453 123.082
-10.8761 122.965
-10.912 122.967
-10.93 122.844
180.0 180.0
-10.6075 121.871
-10.6069 121.745
-10.5717 121.692
-10.5445 121.727
-10.4217 121.895
-10.4383 121.993
-10.5133 121.995
-10.6075 121.871
180.0 180.0
-2.01694 124.415
-1.88528 124.329
-1.695 124.368
-1.65752 124.425
-1.63528 124.608
-1.71889 125.007
-1.76417 125.068
-1.73806 125.105
-1.68861 125.118
-1.71417 125.192
-1.78389 125.189
-1.76611 125.23
-1.7325 125.252
-1.73056 125.288
-1.88111 125.324
-1.89083 125.055
-1.94556 125.011
-1.895 124.854
-2.01694 124.415
180.0 180.0
-10.3158 120.464
-10.2464 120.278
-10.2314 120.165
-9.92111 119.838
-9.86112 119.706
-9.77334 119.632
-9.73084 119.137
-9.69834 119.053
-9.56584 118.933
-9.45028 119.005
-9.42911 119.038
-9.37389 119.346
-9.36445 119.84
-9.28389 119.944
-9.45778 120.084
-9.49695 120.226
-9.66528 120.32
-9.62861 120.452
-9.74556 120.594
-9.89473 120.67
-9.94417 120.777
-10.0103 120.827
-10.0669 120.836
-10.2058 120.717
-10.3158 120.464
180.0 180.0
-9.1822 124.462
-9.03778 124.773
-8.79862 125.093
-8.69111 125.106
-8.64028 125.137
-8.60973 125.229
-8.51139 125.758
-8.48584 125.926
-8.525 126.044
-8.49917 126.232
-8.4275 126.359
-8.48639 126.563
-8.315 126.976
-8.36639 127.106
-8.33306 127.202
-8.39556 127.303
-8.43361 127.304
-8.68278 127.015
-8.78195 126.645
-8.955 126.462
-8.99028 126.153
-9.08834 125.998
-9.22972 125.529
-9.46093 125.096
-9.54834 124.992
-9.65778 124.976
-9.79417 124.809
-9.95417 124.649
-10.1175 124.493
-10.1742 124.406
-10.1828 124.106
-10.2383 124.073
-10.3758 123.805
-10.3536 123.659
-10.3631 123.467
-10.2322 123.496
-10.1883 123.565
-10.0886 123.758
-10.0542 123.757
-10.0269 123.646
-10.0595 123.599
-10.0339 123.577
-9.93723 123.579
-9.88056 123.658
-9.62945 123.675
-9.405 123.927
-9.30167 124.151
-9.25834 124.19
-9.1822 124.462
180.0 180.0
-8.41334 123.023
-8.37806 123.016
-8.2859 123.091
-8.23834 123.252
-8.26556 123.342
-8.37583 123.326
-8.40306 123.299
-8.41334 123.023
180.0 180.0
-5.69306 122.793
-5.64195 122.771
-5.68361 122.739
-5.63028 122.735
-5.68917 122.662
-5.50639 122.565
-5.37111 122.656
-5.25667 122.732
-5.23139 122.806
-5.19306 122.811
-5.21639 122.757
-5.03611 122.802
-5.03417 122.751
-4.97139 122.818
-4.46445 122.924
-4.39 123.028
-4.40584 123.073
-4.46056 123.076
-4.50139 123.144
-4.59084 123.199
-4.81556 123.216
-4.83056 123.189
-4.7125 123.144
-4.71389 123.117
-4.77472 123.109
-4.74472 123.045
-5.1925 122.979
-5.13861 123.028
-5.18083 123.1
-5.27445 123.214
-5.37111 123.159
-5.42639 123.05
-5.39028 122.993
-5.46056 122.878
-5.50917 122.858
-5.50834 122.91
-5.54861 122.908
-5.67611 122.83
-5.69306 122.793
180.0 180.0
-3.10722 106.524
-2.97583 106.435
-2.785 105.961
-2.66389 105.904
-2.50361 105.941
-2.45917 105.924
-2.40306 105.829
-2.17083 105.8
-2.11945 105.669
-2.11945 105.6
-2.07306 105.567
-2.13667 105.311
-2.07167 105.246
-2.07972 105.141
-1.95722 105.136
-1.82083 105.38
-1.77445 105.402
-1.66556 105.344
-1.56945 105.451
-1.52833 105.58
-1.53472 105.606
-1.61139 105.626
-1.66139 105.699
-1.71333 105.649
-1.76195 105.681
-1.79778 105.806
-1.53194 105.698
-1.4921 105.894
-1.57778 106.031
-1.76695 106.089
-1.87778 106.178
-2.0325 106.165
-2.31389 106.242
-2.45361 106.335
-2.48583 106.392
-2.53861 106.687
-2.56667 106.83
-2.59194 106.806
-2.61722 106.738
-2.6925 106.676
-2.90667 106.603
-2.94722 106.606
-3.0025 106.743
-3.09444 106.72
-3.10722 106.524
180.0 180.0
-3.32139 100.438
-3.17583 100.335
-3.12167 100.338
-2.99222 100.202
-2.81111 100.174
-2.78083 100.212
-2.7925 100.255
-3.06695 100.467
-3.11889 100.476
-3.17917 100.398
-3.3125 100.478
-3.32139 100.438
180.0 180.0
-8.92667 116.36
-8.9125 116.269
-8.85973 116.081
-8.90028 116.039
-8.91111 116.014
-8.8325 115.892
-8.8225 115.854
-8.75528 115.844
-8.72834 115.884
-8.77639 115.937
-8.76973 116.067
-8.62334 116.09
-8.45445 116.048
-8.24084 116.279
-8.21809 116.345
-8.21861 116.436
-8.28778 116.661
-8.35833 116.734
-8.56111 116.676
-8.81306 116.512
-8.86112 116.509
-8.86917 116.601
-8.90084 116.577
-8.92 116.47
-8.8325 116.488
-8.83528 116.445
-8.92667 116.36
180.0 180.0
-3.87056 130.818
-3.63472 130.404
-3.47056 129.991
-3.37556 129.959
-3.33167 129.829
-3.29695 129.514
-3.32833 129.498
-3.41778 129.559
-3.45972 129.549
-3.46861 129.504
-3.34889 128.996
-3.34695 128.942
-3.32361 128.932
-3.25778 128.976
-3.22361 128.95
-3.20778 128.878
-3.35222 128.693
-3.38444 128.671
-3.41861 128.691
-3.43833 128.656
-3.46306 128.478
-3.43083 128.414
-3.21944 128.277
-3.19639 128.173
-3.11417 128.198
-3.0725 128.184
-3.0725 128.144
-3.15167 128.08
-3.33528 128.044
-3.47139 127.94
-3.55472 127.924
-3.5375 127.906
-3.20778 127.869
-3.1675 127.834
-3.07111 128.097
-2.97944 128.117
-2.96833 128.068
-2.85933 128.182
-2.85139 128.752
-2.86583 128.866
-2.79944 129.046
-2.81722 129.07
-2.92333 129.081
-2.95944 129.179
-2.79806 129.385
-2.80972 129.614
-2.99778 130.026
-2.97722 130.329
-3.00333 130.399
-3.13667 130.587
-3.3775 130.646
-3.41028 130.674
-3.40833 130.766
-3.45222 130.825
-3.5075 130.812
-3.56361 130.865
-3.62111 130.872
-3.81944 130.822
-3.86167 130.846
-3.87056 130.818
180.0 180.0
-8.55556 124.115
-8.55139 124.051
-8.45528 124.033
-8.43139 124.009
-8.46889 123.932
-8.43278 123.919
-8.34188 123.982
-8.30806 124.049
-8.31556 124.076
-8.38139 124.095
-8.18528 124.254
-8.21667 124.302
-8.31973 124.295
-8.52778 124.162
-8.55556 124.115
180.0 180.0
-8.59611 123.412
-8.54862 123.226
-8.4925 123.261
-8.35973 123.477
-8.31889 123.461
-8.3175 123.364
-8.27137 123.41
-8.24917 123.562
-8.35167 123.513
-8.37667 123.556
-8.37334 123.598
-8.24084 123.618
-8.22389 123.665
-8.26 123.677
-8.18139 123.794
-8.235 123.933
-8.26417 123.939
-8.38195 123.731
-8.43834 123.692
-8.40917 123.65
-8.47361 123.571
-8.53917 123.605
-8.57195 123.582
-8.5725 123.544
-8.52778 123.501
-8.59611 123.412
180.0 180.0
-8.41472 138.867
-8.37667 138.58
-8.35 138.546
-8.31889 138.551
-8.18528 138.676
-8.17653 138.824
-8.37056 138.91
-8.41472 138.867
180.0 180.0
-8.46056 124.365
-8.42806 124.336
-8.28111 124.446
-8.23556 124.544
-8.23834 124.488
-8.27973 124.413
-8.25306 124.393
-8.13592 124.475
-8.13584 124.578
-8.19972 124.587
-8.15473 125.085
-8.2275 125.135
-8.32917 125.14
-8.36361 125.079
-8.44306 124.528
-8.43084 124.494
-8.46056 124.365
180.0 180.0
-8.26195 128.04
-8.20306 127.83
-8.11611 127.76
-8.10376 127.798
-8.13861 128.1
-8.15417 128.126
-8.26195 128.04
180.0 180.0
-9.10806 117.063
-9.01389 116.754
-8.88334 116.754
-8.80473 116.822
-8.66806 116.771
-8.51694 116.834
-8.51973 116.942
-8.38632 117.215
-8.48028 117.428
-8.40973 117.443
-8.41195 117.565
-8.50139 117.577
-8.48973 117.598
-8.43973 117.598
-8.46195 117.632
-8.53667 117.633
-8.57445 117.691
-8.59611 117.766
-8.70667 117.783
-8.71139 117.86
-8.74861 117.966
-8.65778 118.073
-8.6625 118.254
-8.63417 118.286
-8.59417 118.284
-8.46528 118.084
-8.47695 117.988
-8.245 117.707
-8.16445 117.727
-8.08556 117.922
-8.10861 118.099
-8.15 118.16
-8.33056 118.243
-8.37473 118.312
-8.24834 118.47
-8.2925 118.644
-8.3575 118.687
-8.53917 118.652
-8.52584 118.687
-8.45445 118.725
-8.38611 118.713
-8.30889 118.779
-8.28861 118.885
-8.31361 118.997
-8.47889 119.051
-8.62 119.036
-8.65389 119.058
-8.63695 119.135
-8.56028 119.168
-8.62945 119.195
-8.75473 119.113
-8.76417 118.984
-8.69111 118.909
-8.74445 118.704
-8.77639 118.726
-8.80278 118.924
-8.83945 118.947
-8.85417 118.832
-8.80611 118.759
-8.82861 118.61
-8.8725 118.47
-8.85639 118.418
-8.79 118.382
-8.66389 118.441
-8.58667 118.411
-8.78778 118.262
-8.86778 118.164
-8.85417 118.029
-8.93334 117.864
-8.90584 117.833
-9.04723 117.369
-9.01667 117.243
-9.10806 117.063
180.0 180.0
-5.43389 122.559
-5.42445 122.534
-5.335 122.547
-5.29 122.517
-5.39972 122.471
-5.39639 122.428
-5.35361 122.403
-5.32222 122.452
-5.31389 122.412
-5.3875 122.374
-5.38695 122.29
-5.32278 122.273
-5.07361 122.397
-4.83806 122.327
-4.74861 122.381
-4.72611 122.513
-4.62004 122.712
-4.74722 122.749
-4.95278 122.776
-5.07167 122.642
-5.185 122.598
-5.20056 122.636
-5.23945 122.599
-5.26556 122.654
-5.35 122.645
-5.43389 122.559
180.0 180.0
-8.94972 121.023
-8.88056 120.87
-8.82028 120.835
-8.82389 120.781
-8.87334 120.762
-8.8475 120.653
-8.79528 120.583
-8.83195 120.256
-8.76973 120.162
-8.83389 119.936
-8.86972 119.933
-8.86834 119.903
-8.75056 119.804
-8.58195 119.798
-8.49389 119.88
-8.42195 119.864
-8.44639 119.992
-8.38556 120.03
-8.40028 120.109
-8.30195 120.2
-8.26957 120.277
-8.2775 120.376
-8.23084 120.425
-8.27972 120.465
-8.24778 120.632
-8.32973 120.727
-8.33667 120.974
-8.42334 121.098
-8.46889 121.273
-8.58667 121.401
-8.57195 121.479
-8.60778 121.511
-8.47 121.62
-8.515 121.683
-8.43139 122.012
-8.46334 122.032
-8.50417 122.02
-8.63945 122.253
-8.60556 122.469
-8.5575 122.509
-8.49806 122.479
-8.39167 122.606
-8.35695 122.769
-8.21195 122.951
-8.18333 122.892
-8.23417 122.753
-8.20167 122.756
-8.08084 122.845
-8.1025 122.904
-8.14528 122.978
-8.30611 123.032
-8.35278 122.99
-8.33667 122.937
-8.39028 122.895
-8.44917 122.902
-8.46528 122.884
-8.42945 122.811
-8.46139 122.795
-8.56695 122.853
-8.59361 122.845
-8.75417 122.374
-8.7325 122.126
-8.88889 121.783
-8.84195 121.619
-8.79861 121.396
-8.8075 121.372
-8.88417 121.374
-8.92472 121.319
-8.89278 121.199
-8.94972 121.023
180.0 180.0
-0.669445 104.359
-0.532222 104.328
-0.4775 104.251
-0.348611 104.332
-0.430278 104.34
-0.343889 104.45
-0.348212 104.485
-0.443889 104.585
-0.484445 104.594
-0.521945 104.535
-0.617778 104.508
-0.614445 104.469
-0.575556 104.433
-0.598056 104.4
-0.6625 104.382
-0.669445 104.359
180.0 180.0
2.35139 96.3361
2.57055 96.0716
2.60806 95.9722
2.61694 95.8839
2.65472 95.8189
2.75722 95.7325
2.78056 95.6955
2.81889 95.6969
2.93861 95.7922
2.87861 95.9003
2.84222 95.923
2.74444 96.1136
2.65667 96.0955
2.68833 96.1544
2.47194 96.3766
2.50472 96.4258
2.3775 96.4836
2.35482 96.4574
2.35139 96.3361
180.0 180.0
-0.333611 104.934
-0.261667 104.773
-0.216945 104.735
-0.211667 104.678
-0.273333 104.537
-0.221111 104.441
-0.184167 104.433
-0.121111 104.507
0.0213889 104.563
-0.00551376 104.615
-0.06 104.676
-0.117778 104.717
-0.186944 104.759
-0.195833 104.815
-0.136111 104.838
-0.28 105.008
-0.289722 104.978
-0.28 104.922
-0.333611 104.934
180.0 180.0
-0.532222 127.159
-0.5075 127.113
-0.297222 127.105
-0.260833 127.185
-0.267997 127.243
-0.281389 127.292
-0.511111 127.22
-0.532222 127.159
180.0 180.0
-0.587778 98.4208
-0.528056 98.2761
-0.4725 98.3508
-0.251389 98.4214
-0.251945 98.4455
-0.409722 98.5111
-0.466357 98.5022
-0.557778 98.5016
-0.563889 98.4625
-0.528889 98.4647
-0.543889 98.418
-0.587778 98.4208
180.0 180.0
0.9225 102.39
1.02944 102.264
1.09917 102.231
1.1925 102.247
1.27889 102.202
1.40222 102.209
1.41167 102.277
1.20622 102.478
1.06306 102.447
0.969722 102.469
0.9225 102.39
180.0 180.0
3.98722 126.688
4.02694 126.666
4.12889 126.739
4.23 126.79
4.32666 126.686
4.51416 126.725
4.54194 126.741
4.48694 126.86
4.27361 126.916
4.14417 126.796
4.02472 126.81
3.98722 126.688
180.0 180.0
-0.888611 127.754
-0.830278 127.656
-0.766667 127.646
-0.778333 127.573
-0.822778 127.48
-0.809722 127.454
-0.7475 127.434
-0.653611 127.471
-0.519167 127.304
-0.458889 127.289
-0.412222 127.324
-0.344445 127.318
-0.328889 127.368
-0.414445 127.433
-0.415833 127.455
-0.310308 127.531
-0.358889 127.598
-0.463056 127.682
-0.609722 127.604
-0.708333 127.652
-0.710556 127.832
-0.776111 127.896
-0.853056 127.842
-0.888611 127.754
180.0 180.0
-5.47778 121.97
-5.28667 121.815
-5.16861 121.835
-5.14667 121.881
-5.10361 121.856
-5.06 121.908
-5.09889 121.923
-5.08097 121.981
-5.16389 122.035
-5.20139 122.066
-5.45028 122.049
-5.47778 121.97
180.0 180.0
-6.01822 107.003
-5.91472 107.033
-5.98556 107.182
-5.95278 107.279
-6.25 107.65
-6.24944 107.724
-6.18806 107.829
-6.34334 108.105
-6.33389 108.19
-6.265 108.217
-6.26306 108.315
-6.50806 108.546
-6.73611 108.591
-6.77834 108.631
-6.81834 108.786
-6.79389 108.83
-6.84778 108.923
-6.84306 108.989
-6.79861 108.997
-6.79472 109.041
-6.85667 109.136
-6.88306 109.308
-6.85667 109.451
-6.80695 109.491
-6.91778 109.867
-6.92334 110.033
-6.86278 110.183
-6.92945 110.266
-6.97833 110.396
-6.93194 110.494
-6.73139 110.628
-6.50611 110.673
-6.43722 110.781
-6.42972 111.023
-6.51083 111.065
-6.7 111.153
-6.70694 111.41
-6.63278 111.5
-6.77417 111.717
-6.81972 111.877
-6.78306 111.957
-6.79528 111.992
-6.90695 112.079
-6.91361 112.127
-6.88722 112.257
-6.91722 112.551
-6.87222 112.581
-6.92111 112.606
-6.97694 112.58
-7.04639 112.613
-7.09611 112.61
-7.16528 112.677
-7.19667 112.675
-7.21083 112.609
-7.25445 112.701
-7.20333 112.759
-7.21917 112.791
-7.29722 112.829
-7.54056 112.757
-7.59972 112.845
-7.7925 113.304
-7.73334 113.429
-7.72861 113.793
-7.61306 114.042
-7.70694 114.146
-7.76056 114.385
-7.83056 114.466
-7.89833 114.459
-8.44028 114.357
-8.5325 114.387
-8.45306 114.415
-8.62945 114.461
-8.6225 114.498
-8.71 114.622
-8.76973 114.61
-8.78195 114.555
-8.73584 114.363
-8.6875 114.396
-8.65306 114.376
-8.60833 114.27
-8.64084 114.098
-8.55083 113.842
-8.50139 113.803
-8.53111 113.721
-8.45667 113.632
-8.43639 113.529
-8.31223 113.325
-8.2775 113.202
-8.2925 113.08
-8.3975 112.919
-8.39695 112.866
-8.44584 112.662
-8.33584 112.336
-8.34889 112.243
-8.26278 111.781
-8.33056 111.76
-8.29667 111.713
-8.37334 111.695
-8.26195 111.36
-8.28444 111.161
-8.25111 111.14
-8.25667 111.018
-8.22667 110.938
-8.19695 110.715
-8.055 110.358
-7.84 109.906
-7.80056 109.72
-7.77472 109.414
-7.71972 109.389
-7.69945 109.084
-7.69528 108.897
-7.61111 108.869
-7.68167 108.78
-7.67639 108.689
-7.72333 108.678
-7.68639 108.628
-7.70417 108.517
-7.80334 108.477
-7.80611 108.421
-7.72583 107.855
-7.5425 107.553
-7.53722 107.494
-7.43778 106.942
-7.36861 106.408
-7.23667 106.383
-7.18306 106.47
-7.14306 106.459
-7.0825 106.535
-7.045 106.546
-6.98861 106.527
-6.96611 106.447
-7.00139 106.323
-6.86945 106.103
-6.82861 105.98
-6.87361 105.546
-6.81583 105.302
-6.84639 105.285
-6.84306 105.251
-6.76667 105.22
-6.76194 105.276
-6.67695 105.341
-6.675 105.379
-6.77556 105.428
-6.81639 105.484
-6.62056 105.63
-6.47611 105.632
-6.45278 105.663
-6.51695 105.721
-6.43917 105.814
-6.08167 105.877
-5.89972 106.018
-5.88195 106.076
-5.90111 106.104
-5.98917 106.114
-6.0075 106.143
-6.01278 106.203
-5.95028 106.243
-5.94334 106.285
-6.04361 106.486
-6.015 106.705
-6.10083 106.761
-6.07556 107.003
-6.01822 107.003
180.0 180.0
-6.48361 120.482
-6.38139 120.46
-6.27445 120.467
-6.19083 120.429
-5.97806 120.441
-5.81722 120.455
-5.76889 120.475
-5.78707 120.496
-6.00611 120.559
-6.42445 120.504
-6.48361 120.482
180.0 180.0
-3.77695 128.118
-3.75583 128.117
-3.65583 128.216
-3.65861 128.175
-3.77361 127.988
-3.77139 127.942
-3.72972 127.915
-3.69222 127.916
-3.59338 128.038
-3.59444 128.156
-3.52889 128.234
-3.51445 128.32
-3.53 128.346
-3.62167 128.338
-3.63945 128.308
-3.61417 128.257
-3.68806 128.282
-3.77695 128.118
180.0 180.0
-2.06611 130.121
-2.00861 129.981
-1.98056 129.867
-1.89833 129.724
-1.88111 129.718
-1.72917 130.116
-1.68544 130.354
-1.74083 130.348
-1.81 130.424
-1.8825 130.411
-1.91139 130.344
-1.93945 130.358
-1.9675 130.433
-2.01 130.384
-1.99972 130.345
-1.95639 130.339
-2.04833 130.255
-2.06611 130.121
180.0 180.0
-1.95389 125.432
-1.89639 125.438
-1.85944 125.379
-1.88722 125.354
-1.845 125.335
-1.78111 125.374
-1.78368 125.415
-1.80667 125.438
-1.80806 125.626
-1.81667 125.723
-1.78889 125.989
-1.81667 126.349
-1.86472 126.288
-1.92167 125.772
-1.95389 125.432
180.0 180.0
-8.02861 131.3
-7.95 131.302
-7.96028 131.264
-8.005 131.247
-8.01167 131.133
-7.98111 131.109
-7.86111 131.083
-7.74361 131.154
-7.73528 131.12
-7.6975 131.116
-7.6825 131.14
-7.71639 131.182
-7.71167 131.245
-7.66278 131.179
-7.48834 131.238
-7.42167 131.322
-7.39444 131.39
-7.34889 131.393
-7.27695 131.467
-7.12111 131.618
-7.11694 131.649
-7.16889 131.649
-7.13667 131.707
-7.2075 131.743
-7.24278 131.647
-7.34417 131.657
-7.46167 131.678
-7.70417 131.572
-7.76472 131.469
-7.82167 131.43
-7.86389 131.377
-8.00889 131.334
-8.02861 131.3
180.0 180.0
-3.83583 126.688
-3.61417 126.237
-3.59722 126.179
-3.35444 126.018
-3.17778 126.009
-3.11611 126.071
-3.12334 126.13
-3.17222 126.177
-3.17583 126.212
-3.10806 126.281
-3.05861 126.729
-3.07639 126.835
-3.20667 127.097
-3.26944 127.117
-3.26667 127.051
-3.32833 127.052
-3.37 127.092
-3.37 127.256
-3.60667 127.239
-3.65722 127.215
-3.69694 127.025
-3.775 126.922
-3.83583 126.688
180.0 180.0
-5.49945 102.28
-5.33778 102.099
-5.27778 102.163
-5.3725 102.381
-5.41028 102.405
-5.48743 102.378
-5.49945 102.28
180.0 180.0
-6.92195 134.198
-6.83083 134.07
-6.76806 134.051
-6.46306 134.104
-6.50667 134.208
-6.45084 134.186
-6.46528 134.148
-6.42222 134.115
-6.17234 134.123
-6.46402 134.462
-6.63667 134.495
-6.67139 134.461
-6.72306 134.39
-6.85167 134.326
-6.92195 134.198
180.0 180.0
-5.95028 132.741
-5.84778 132.657
-5.73556 132.682
-5.61667 132.619
-5.59583 132.699
-5.67886 132.738
-5.80695 132.808
-5.92361 132.783
-5.95028 132.741
180.0 180.0
-1.62639 123.257
-1.61139 123.23
-1.59278 123.122
-1.56556 123.11
-1.51195 123.18
-1.30722 123.165
-1.35028 123.094
-1.58111 122.92
-1.59556 122.881
-1.45722 122.806
-1.31472 122.822
-1.18667 122.897
-1.14611 123.181
-1.21417 123.238
-1.2975 123.195
-1.39889 123.23
-1.225 123.372
-1.31059 123.554
-1.43472 123.531
-1.52028 123.418
-1.51417 123.361
-1.42445 123.324
-1.42083 123.293
-1.48611 123.255
-1.62639 123.257
180.0 180.0
-1.74139 127.557
-1.66194 127.398
-1.61806 127.38
-1.4175 127.422
-1.43532 127.46
-1.45111 127.492
-1.33806 127.612
-1.345 127.708
-1.56417 128.119
-1.61556 128.157
-1.67639 128.148
-1.71417 128.09
-1.68806 127.714
-1.74139 127.557
180.0 180.0
-5.99917 132.852
-5.8425 132.882
-5.4075 133.076
-5.30222 133.114
-5.30421 133.178
-5.41278 133.159
-5.59167 133.112
-5.74306 132.969
-5.99917 132.852
180.0 180.0
-4.06972 116.096
-4.04167 116.053
-3.96361 116.06
-3.94167 116.093
-3.69361 116.008
-3.48972 116.042
-3.28445 116.18
-3.22306 116.262
-3.2854 116.271
-3.40778 116.257
-3.47528 116.319
-3.61556 116.294
-3.89528 116.309
-4.06972 116.096
180.0 180.0
-6.35833 134.559
-6.21 134.347
-6.11722 134.268
-6.04889 134.293
-5.96778 134.319
-5.92695 134.285
-5.81056 134.38
-5.78667 134.361
-5.76889 134.258
-5.73278 134.205
-5.68556 134.225
-5.72445 134.341
-5.48028 134.492
-5.43656 134.515
-5.44695 134.629
-5.56417 134.68
-5.59222 134.651
-5.64 134.743
-5.72861 134.726
-5.79417 134.736
-5.83417 134.701
-5.88472 134.757
-5.91611 134.727
-5.97944 134.729
-5.94806 134.635
-6.06056 134.748
-6.10695 134.77
-6.19333 134.681
-6.16361 134.754
-6.27584 134.727
-6.33306 134.682
-6.35833 134.559
180.0 180.0
2.01708 128.277
2.22889 128.237
2.27139 128.192
2.57111 128.434
2.63278 128.565
2.47944 128.685
2.415 128.692
2.07805 128.532
2.04389 128.47
2.03222 128.331
2.01708 128.277
180.0 180.0
3.02784 115.487
3.41778 115.571
3.42667 115.627
3.61278 115.571
3.85417 115.616
3.90639 115.564
4.23639 115.758
4.27944 115.852
4.34305 115.857
4.36805 115.886
4.27722 116.054
4.37583 116.167
4.37083 116.35
4.29528 116.451
4.3175 116.526
4.36611 116.522
4.38611 116.57
4.33472 116.642
4.33194 116.694
4.37305 116.743
4.33083 116.83
4.35916 117.233
4.19278 117.443
4.17124 117.588
4.11166 117.514
4.14583 117.385
4.08028 117.468
4.03305 117.467
4.0475 117.518
3.90583 117.692
3.89417 117.637
3.93528 117.561
3.92778 117.521
3.86972 117.705
3.78889 117.782
3.76722 117.778
3.77805 117.727
3.75611 117.72
3.72472 117.826
3.70639 117.831
3.63528 117.751
3.62972 117.62
3.6625 117.548
3.78889 117.47
3.63444 117.522
3.60583 117.503
3.64806 117.177
3.63444 117.051
3.59417 117.03
3.62083 117.124
3.6125 117.208
3.52028 117.213
3.47861 117.26
3.43056 117.444
3.3725 117.441
3.22806 117.341
3.25611 117.26
3.21583 117.28
3.16667 117.457
3.12278 117.455
3.08861 117.62
3.0475 117.632
2.97555 117.57
2.99278 117.662
2.96 117.683
2.92028 117.54
2.89556 117.732
2.87167 117.668
2.80861 117.618
2.78472 117.745
2.74583 117.788
2.67806 117.796
2.32611 118.083
2.07055 117.875
2.03972 117.887
2.03778 117.741
1.99472 117.84
1.87667 117.862
1.78917 118.001
1.64611 118.135
1.50472 118.391
1.43833 118.404
1.34111 118.613
1.04806 118.865
1.0725 118.923
1.03917 119.005
0.963055 118.999
0.815 118.825
0.800555 118.78
0.845 118.674
0.808889 118.365
0.925278 118.063
1.07333 117.985
1.11972 117.894
1.09444 117.89
1.02194 117.941
0.810278 118.035
0.784167 118.013
0.833611 117.894
0.75 117.753
0.320278 117.534
0.251667 117.524
0.103611 117.467
0.055 117.493
-0.0402778 117.528
-0.106111 117.477
-0.267778 117.436
-0.362222 117.501
-0.524042 117.442
-0.505556 117.474
-0.421945 117.63
-0.451389 117.631
-0.502778 117.546
-0.5275 117.597
-0.631667 117.576
-0.664445 117.563
-0.693889 117.507
-0.711111 117.491
-0.734444 117.605
-0.761944 117.625
-0.791389 117.614
-0.824722 117.45
-0.872778 117.451
-0.883056 117.424
-0.841945 117.383
-0.902222 117.337
-0.806389 117.29
-0.8325 117.263
-1.22556 116.991
-1.27222 116.815
-1.03167 116.737
-1.1325 116.712
-1.24833 116.788
-1.3675 116.756
-1.4325 116.594
-1.49972 116.531
-1.58667 116.564
-1.62722 116.535
-1.70306 116.325
-1.79361 116.227
-1.81278 116.27
-1.76556 116.396
-1.78389 116.446
-1.92306 116.459
-2.07222 116.438
-2.10167 116.351
-2.17028 116.281
-2.14556 116.38
-2.21417 116.414
-2.19083 116.605
-2.27083 116.597
-2.55695 116.513
-2.56111 116.475
-2.51667 116.464
-2.49472 116.418
-2.53639 116.302
-2.57278 116.34
-2.57222 116.393
-2.84583 116.374
-2.91639 116.342
-3.01556 116.242
-3.0025 116.221
-2.82611 116.151
-2.82333 116.132
-3.01028 116.109
-3.12028 116.265
-3.14444 116.264
-3.16556 116.161
-3.21889 116.188
-3.26195 116.179
-3.27639 116.124
-3.22833 116.172
-3.23472 116.13
-3.28306 116.089
-3.57389 115.989
-3.61 115.964
-3.76111 115.628
-3.95472 115.148
-4.17695 114.707
-4.185 114.635
-4.14695 114.611
-3.65583 114.602
-3.53083 114.522
-3.34945 114.546
-3.49861 114.481
-3.50278 114.436
-3.41167 114.267
-3.38583 114.262
-3.34389 114.303
-3.21667 114.356
-3.38583 114.21
-3.37139 114.121
-3.34528 114.099
-3.19361 114.117
-3.36194 114.032
-3.46167 113.824
-3.47611 113.671
-3.43583 113.609
-3.22778 113.636
-3.17222 113.603
-3.18472 113.465
-3.27361 113.347
-3.04306 113.104
-2.92722 113.035
-3.04028 113.017
-3.08278 112.95
-3.12722 112.947
-3.15306 112.982
-3.41528 112.652
-3.44472 112.532
-3.35167 112.412
-3.31389 112.246
-3.34611 112.162
-3.5375 111.963
-3.57389 111.889
-3.5375 111.804
-3.03611 111.829
-2.88972 111.749
-2.7625 111.746
-2.90056 111.672
-2.94917 111.693
-3.02167 111.539
-2.93611 111.467
-2.92333 111.324
-3.07861 111.034
-3.09444 110.907
-3.02167 110.752
-2.97056 110.79
-2.90833 110.933
-2.94861 110.79
-3.05944 110.708
-3.08139 110.663
-3.04917 110.62
-3.01361 110.643
-2.88361 110.599
-2.87111 110.57
-2.88083 110.488
-3.015 110.277
-2.97944 110.238
-2.90139 110.206
-2.80695 110.248
-2.7 110.221
-2.62333 110.155
-2.54944 110.198
-2.55833 110.266
-2.52145 110.279
-2.55028 110.237
-2.49417 110.19
-2.31 110.143
-2.23944 110.095
-2.0525 110.127
-1.94222 110.085
-1.82833 109.904
-1.71694 110
-1.46556 110.069
-1.31194 110.046
-1.24833 109.946
-1.11667 109.943
-1.08667 109.823
-0.953611 109.73
-0.869444 109.758
-0.984445 109.674
-0.968889 109.642
-0.893333 109.579
-0.871389 109.539
-0.857778 109.412
-0.909167 109.414
-0.916111 109.377
-0.850278 109.271
-0.689167 109.248
-0.667778 109.265
-0.744722 109.465
-0.726945 109.514
-0.649445 109.355
-0.614445 109.373
-0.561667 109.17
-0.502222 109.12
-0.363056 109.096
-0.358333 109.135
-0.235 109.045
-0.209444 109.081
-0.238889 109.223
0.0152778 109.154
0.0316667 109.172
0.00444444 109.3
0.0722222 109.211
0.224167 109.111
0.293611 109.036
0.3025 108.93
0.329167 108.915
0.608611 108.932
0.827222 108.848
0.923333 108.97
0.983611 108.984
1.14861 108.923
1.17944 108.93
1.21167 109.096
1.36528 109.231
1.3598 109.224
1.26053 109.134
1.21167 108.982
1.22889 108.983
1.36917 109.061
1.49333 109.058
1.54806 109.079
1.65083 109.237
1.81444 109.348
1.78305 109.282
1.94611 109.347
1.98583 109.572
2.06426 109.65
1.85361 109.555
1.80083 109.586
1.78444 109.67
1.61778 109.668
1.41444 109.85
1.40556 109.937
1.22333 110.068
1.11444 110.233
0.990278 110.349
0.941111 110.43
0.866389 110.52
0.853333 110.588
0.964444 110.844
1.01444 110.904
1.08639 111.236
1.01167 111.395
1.02528 111.503
0.960833 111.534
1.035 111.65
0.993889 111.798
1.01694 111.857
1.12472 111.942
1.14444 112.127
1.42528 112.185
1.49944 112.31
1.57 112.484
1.55417 113.043
1.49667 113.044
1.42278 112.98
1.43833 113.099
1.28639 113.433
1.31639 113.551
1.22944 113.643
1.29944 113.782
1.44389 113.925
1.46778 114.134
1.42417 114.194
1.50833 114.389
1.43222 114.544
1.45 114.588
1.63028 114.666
1.77056 114.711
1.82925 114.694
1.89722 114.853
2.04389 114.868
2.03417 114.81
2.14667 114.776
2.24889 114.805
2.29111 114.948
2.36055 114.95
2.41889 115.087
2.48083 115.148
2.49139 115.214
2.5225 115.237
2.60861 115.147
2.5975 115.098
2.61639 115.082
2.77194 115.129
2.8825 115.135
2.92555 115.156
3.045 115.271
2.98639 115.321
3.02784 115.487
180.0 180.0
1.25972 102.492
1.42055 102.309
1.44806 102.137
1.485 102.079
1.6 101.994
1.61917 102.007
1.5275 102.435
1.50222 102.478
1.43631 102.495
1.27389 102.505
1.25972 102.492
180.0 180.0
0.815115 122.847
0.923333 122.958
0.955555 122.958
0.923889 123.362
0.834167 123.875
0.884722 123.997
1.01167 124.289
1.16639 124.36
1.21444 124.536
1.18361 124.574
1.22528 124.614
1.26028 124.615
1.2775 124.546
1.32194 124.528
1.41167 124.61
1.43444 124.751
1.46778 124.838
1.57333 124.818
1.73583 124.992
1.71389 125.033
1.67694 125.037
1.68167 125.168
1.57944 125.166
1.51667 125.247
1.46762 125.221
1.37667 125.111
0.983611 124.908
0.810278 124.669
0.453055 124.453
0.3375 123.952
0.261944 123.631
0.309167 123.57
0.296111 123.335
0.319444 123.248
0.51125 123.071
0.481389 122.977
0.496389 122.504
0.4825 122.049
0.423055 121.802
0.544444 121.609
0.458055 121.337
0.4825 121.259
0.408056 121.114
0.481944 120.748
0.534167 120.657
0.53 120.521
0.475833 120.376
0.203611 120.143
-0.181945 120.002
-0.363056 120.019
-0.628056 120.071
-0.913889 120.267
-0.940556 120.322
-0.905 120.389
-0.977778 120.495
-1.12028 120.586
-1.22361 120.557
-1.39556 120.666
-1.36779 120.739
-1.34278 120.828
-1.38444 120.829
-1.42778 121.053
-1.40917 121.104
-1.01722 121.384
-0.894167 121.459
-0.807778 121.611
-0.809722 121.654
-0.9325 121.703
-0.963333 121.923
-0.930278 122.108
-0.799445 122.159
-0.763889 122.213
-0.750833 122.629
-0.799445 122.718
-0.751389 122.949
-0.724167 122.938
-0.674167 122.734
-0.651389 122.731
-0.568056 123.23
-0.653611 123.411
-0.828889 123.448
-1.03722 123.359
-1.05722 123.331
-1.03722 123.248
-0.853056 123.128
-0.863889 123.069
-0.894167 123.02
-0.906389 122.84
-0.944722 122.797
-1.1175 122.716
-1.155 122.651
-1.38389 122.48
-1.61417 122.188
-1.61472 122.029
-1.68472 121.901
-1.71333 121.805
-1.89694 121.708
-1.92639 121.662
-1.93528 121.545
-1.77778 121.344
-1.78111 121.311
-1.84639 121.294
-1.84778 121.34
-1.99417 121.34
-1.91556 121.392
-2.04556 121.526
-2.13722 121.551
-2.17361 121.597
-2.17917 121.706
-2.455 121.918
-2.60695 122.013
-2.69472 122.014
-2.88278 122.209
-2.89111 122.288
-2.915 122.312
-3.02167 122.262
-3.13611 122.388
-3.15167 122.47
-3.25306 122.43
-3.21806 122.368
-3.28111 122.3
-3.33639 122.3
-3.37833 122.375
-3.435 122.381
-3.40556 122.329
-3.36194 122.284
-3.38111 122.247
-3.45139 122.293
-3.53361 122.267
-3.56028 122.198
-3.63889 122.231
-3.72778 122.341
-3.73306 122.433
-3.87695 122.536
-3.89194 122.66
-3.94722 122.626
-3.97056 122.547
-4.00667 122.658
-4.12639 122.675
-4.125 122.709
-4.14 122.831
-4.09417 122.807
-4.05806 122.768
-4.04445 122.801
-4.05583 122.837
-4.22056 122.906
-4.42639 122.853
-4.43583 122.838
-4.35945 122.705
-4.45084 122.776
-4.48639 122.758
-4.48639 122.684
-4.40778 122.637
-4.39361 122.591
-4.44195 122.51
-4.42278 122.427
-4.52611 122.105
-4.65584 122.043
-4.72278 122.046
-4.80528 122.127
-4.84917 122.038
-4.85389 121.88
-4.81556 121.755
-4.83695 121.708
-4.66278 121.481
-4.49806 121.497
-4.40722 121.529
-4.25417 121.555
-4.24389 121.584
-4.15639 121.62
-4.04476 121.596
-3.97806 121.362
-3.88583 121.303
-3.86806 121.252
-3.82611 121.26
-3.66139 121.025
-3.54111 120.884
-3.44861 120.866
-3.27083 120.976
-3.21056 121.066
-2.87945 121.082
-2.82 121.033
-2.85 121.004
-2.82056 120.979
-2.76306 121.079
-2.67222 121.026
-2.6125 120.772
-2.68167 120.582
-2.80611 120.467
-2.96167 120.204
-3.15861 120.27
-3.25917 120.424
-3.51083 120.395
-3.71 120.446
-3.91361 120.353
-4.41139 120.362
-4.64278 120.447
-4.82667 120.391
-4.84694 120.315
-5.15278 120.266
-5.47972 120.426
-5.61889 120.464
-5.61472 120.408
-5.52195 120.35
-5.5425 120.221
-5.59073 120.074
-5.56167 119.929
-5.70417 119.784
-5.70195 119.675
-5.61806 119.623
-5.61945 119.59
-5.65972 119.569
-5.55667 119.516
-5.56639 119.461
-5.60056 119.466
-5.58945 119.429
-5.24639 119.37
-5.13028 119.403
-5.01167 119.477
-4.87972 119.524
-4.74389 119.492
-4.56639 119.595
-4.05583 119.612
-3.97806 119.647
-3.97528 119.598
-3.86722 119.532
-3.71 119.449
-3.57333 119.516
-3.49333 119.494
-3.42694 119.296
-3.48833 119.227
-3.51861 119.011
-3.57861 118.939
-3.38722 118.845
-3.21472 118.829
-3.09917 118.76
-3.06639 118.789
-3.07639 118.834
-2.89667 118.889
-2.8575 118.873
-2.865 118.771
-2.68917 118.778
-2.62472 118.817
-2.6625 118.879
-2.59 119.006
-2.51195 119.043
-2.45972 119.142
-2.20389 119.135
-1.99611 119.223
-1.95778 119.294
-1.97444 119.336
-1.84417 119.37
-1.69556 119.299
-1.42917 119.299
-1.24417 119.315
-0.948889 119.494
-0.863889 119.525
-0.743334 119.677
-0.705556 119.654
-0.634444 119.727
-0.877439 119.843
-0.813889 119.867
-0.362222 119.756
-0.127222 119.801
-0.112778 119.789
-0.127222 119.72
-0.0847223 119.66
-0.00527778 119.623
0.0241667 119.677
-0.0897222 119.782
-0.0663889 119.844
0.0536111 119.882
0.101667 119.872
0.2025 119.781
0.245556 119.79
0.264167 119.854
0.447778 119.895
0.521111 120.034
0.689444 120.021
0.742222 120.065
0.7925 120.206
0.831389 120.236
0.963611 120.252
0.989722 120.287
0.985555 120.334
0.847778 120.373
0.805278 120.42
0.773889 120.567
0.991111 120.68
0.973889 120.73
1.14722 120.802
1.29111 120.818
1.32417 120.827
1.32611 121.082
1.23278 121.243
1.24722 121.384
1.29472 121.446
1.28167 121.467
1.18555 121.436
1.08083 121.52
1.06167 121.637
1.09861 121.927
1.02111 121.973
1.02056 122.01
1.06361 122.063
1.0075 122.393
0.950555 122.657
0.815115 122.847
180.0 180.0
-0.448611 130.798
-0.447222 130.738
-0.348056 130.679
-0.305556 130.689
-0.3225 130.591
-0.436945 130.553
-0.254722 130.518
-0.270556 130.319
-0.211667 130.215
-0.2075 130.256
-0.220556 130.391
-0.191667 130.431
-0.143611 130.341
-0.188889 130.349
-0.146389 130.278
-0.110833 130.276
-0.0833333 130.338
-0.0888889 130.457
-0.0511111 130.64
-0.00853074 130.825
-0.0861111 131.156
-0.197778 131.311
-0.247222 131.3
-0.293889 131.343
-0.390278 131.251
-0.321111 131.098
-0.365833 130.99
-0.306944 130.907
-0.250556 130.876
-0.242222 130.799
-0.0972222 130.71
-0.0841667 130.619
-0.288889 130.738
-0.319167 130.916
-0.386389 130.933
-0.448611 130.798
180.0 180.0
1.71111 101.556
1.73833 101.474
1.9125 101.394
2.0275 101.408
2.0625 101.441
2.12 101.639
2.09861 101.693
1.93983 101.774
1.79056 101.727
1.71667 101.635
1.71111 101.556
180.0 180.0
0.551944 97.8155
0.574444 97.7025
0.816944 97.6122
0.940278 97.4778
0.941111 97.3839
1.00333 97.3964
1.27472 97.2291
1.39528 97.0591
1.42194 97.0708
1.41028 97.2353
1.48083 97.3291
1.53583 97.3347
1.47 97.4825
1.18972 97.6772
1.04944 97.9005
0.978055 97.9364
0.926389 97.9133
0.723055 97.8861
0.638889 97.8869
0.551944 97.8155
180.0 180.0
-2.60778 141.007
-3.27778 141.006
-3.94778 141.006
-4.6175 141.006
-5.28667 141.006
-5.955 141.006
-6.33309 141.006
-6.3725 140.951
-6.43583 140.949
-6.59667 140.898
-6.61694 140.85
-6.85111 140.9
-6.89342 141.006
-7.55944 141.006
-8.22472 141.007
-8.88889 141.007
-9.12834 141.008
-9.04639 140.842
-8.6875 140.533
-8.4925 140.36
-8.26889 140.052
-8.15222 139.965
-8.1 140.002
-8.08778 140.051
-8.04361 140.068
-7.98861 140.048
-7.94445 140.065
-7.94583 140.127
-7.88695 140.15
-7.92417 140.054
-8.05445 140.04
-8.10806 139.95
-8.125 139.62
-8.20222 139.424
-8.20445 139.337
-8.14056 139.251
-7.98667 139.221
-8.07833 139.228
-8.22056 138.974
-8.28861 138.946
-8.3 138.912
-8.16083 138.84
-8.11139 138.844
-8.08361 138.918
-7.92611 138.907
-7.86389 138.995
-7.64111 139.051
-7.58333 139.096
-7.53917 139.073
-7.5175 138.955
-7.37 138.891
-7.24889 138.739
-7.22583 138.673
-7.19861 138.663
-7.20195 138.929
-7.25028 139.024
-7.23889 139.176
-7.15861 139.239
-7.14972 139.211
-7.20806 139.153
-7.21361 139.042
-7.11778 138.76
-6.95111 138.571
-6.90889 138.562
-6.87833 138.598
-6.84361 138.913
-6.97361 139.187
-6.74889 138.749
-6.72722 138.689
-6.655 138.667
-6.64694 138.705
-6.70833 138.828
-6.4025 138.467
-6.27306 138.398
-6.03 138.327
-5.87861 138.279
-5.85195 138.394
-5.83778 138.367
-5.85611 138.304
-5.82944 138.207
-5.775 138.159
-5.68028 138.358
-5.68361 138.23
-5.73945 138.089
-5.72722 138.069
-5.59972 138.053
-5.43806 138.073
-5.43389 138.023
-5.47833 138.037
-5.49056 138.015
-5.3875 137.906
-5.32833 137.918
-5.37195 137.849
-5.31945 137.78
-5.25584 137.808
-5.28056 137.75
-5.14945 137.581
-5.11611 137.57
-5.155 137.527
-5.02056 137.274
-4.93917 137.282
-4.97389 137.225
-5.01083 137.219
-4.98361 137.154
-4.96861 137.087
-4.89472 137.099
-4.95222 137.015
-4.92139 136.947
-4.87444 136.978
-4.93111 136.832
-4.71445 136.437
-4.595 136.037
-4.50278 135.938
-4.44056 135.39
-4.46806 135.244
-4.32445 134.963
-4.26028 134.89
-4.25945 134.815
-4.12972 134.649
-4.105 134.644
-4.06333 134.691
-3.95528 134.683
-3.94389 134.75
-3.95333 134.924
-3.91639 134.713
-3.94722 134.628
-4.00889 134.6
-4.02639 134.522
-3.89861 134.354
-3.94028 134.361
-3.94583 134.306
-3.99778 134.34
-4.0225 134.317
-3.90083 134.133
-3.83583 134.194
-3.75861 134.141
-3.80778 134.126
-3.82695 134.09
-3.79695 134.045
-3.85972 133.985
-3.82278 133.948
-3.59083 133.838
-3.60667 133.799
-3.72694 133.827
-3.67306 133.698
-3.60945 133.707
-3.49167 133.637
-3.4625 133.638
-3.42333 133.696
-3.19278 133.713
-3.19361 133.769
-3.08806 133.849
-3.13056 133.916
-3.08556 133.91
-3.05194 133.862
-2.95056 133.875
-2.92333 133.825
-3.02389 133.803
-3.05056 133.731
-3.13667 133.659
-3.36806 133.662
-3.41306 133.641
-3.43917 133.557
-3.38028 133.514
-3.4425 133.486
-3.47056 133.557
-3.53417 133.59
-3.58056 133.577
-3.71611 133.41
-3.78722 133.404
-3.855 133.452
-4.06972 133.251
-4.1175 132.991
-4.09695 132.91
-3.84333 132.784
-3.66222 132.725
-3.63278 132.736
-3.65056 132.869
-3.56306 132.926
-3.40222 132.812
-3.30778 132.82
-3.27139 132.788
-3.28111 132.734
-3.33722 132.73
-3.34695 132.706
-3.24139 132.598
-3.21333 132.633
-3.03889 132.458
-2.92195 132.195
-2.96833 132.09
-2.91917 131.99
-2.86722 132.021
-2.79944 132.044
-2.7925 131.959
-2.7625 131.996
-2.72195 132.131
-2.71583 132.106
-2.68028 132.195
-2.69889 132.421
-2.74667 132.421
-2.71528 132.564
-2.81445 132.705
-2.77333 132.79
-2.44139 133.128
-2.41611 133.239
-2.44806 133.309
-2.52833 133.389
-2.64945 133.402
-2.50361 133.435
-2.505 133.457
-2.64611 133.451
-2.57417 133.474
-2.52222 133.473
-2.58861 133.518
-2.54556 133.634
-2.5775 133.677
-2.71806 133.679
-2.51861 133.705
-2.51583 133.731
-2.65556 133.806
-2.61528 133.819
-2.47889 133.815
-2.47 133.747
-2.42972 133.759
-2.47833 133.907
-2.4175 133.86
-2.40583 133.998
-2.39417 133.951
-2.38056 133.896
-2.3325 133.959
-2.34139 133.869
-2.31111 133.939
-2.22833 133.958
-2.23944 133.945
-2.27167 133.936
-2.30167 133.827
-2.26417 133.788
-2.1975 133.878
-2.13472 133.932
-2.11 133.866
-2.23944 133.6
-2.22361 133.248
-2.25167 133.024
-2.28528 132.937
-2.2475 132.821
-2.30861 132.69
-2.19417 132.592
-2.22028 132.456
-2.27167 132.343
-2.2675 132.297
-2.13945 132.134
-2.0875 132.043
-2.01333 132.096
-2.02222 132.027
-1.88806 131.936
-1.76889 131.967
-1.68333 132.025
-1.71139 131.912
-1.64222 131.882
-1.60028 131.896
-1.56056 131.973
-1.55111 131.952
-1.60778 131.805
-1.58111 131.791
-1.51278 131.789
-1.55306 131.782
-1.5825 131.729
-1.56556 131.705
-1.51417 131.717
-1.53056 131.639
-1.47083 131.51
-1.50778 131.439
-1.38389 131.288
-1.45028 131.336
-1.49833 131.288
-1.5175 131.196
-1.47917 131.179
-1.44833 131.094
-1.45722 130.978
-1.44083 130.947
-1.41472 130.948
-1.31472 131.027
-1.24695 131.056
-1.22417 131.171
-1.08722 131.253
-0.851667 131.242
-0.799445 131.328
-0.733611 131.516
-0.763889 131.525
-0.789167 131.512
-0.698056 131.863
-0.437778 132.152
-0.346667 132.423
-0.389722 132.762
-0.459722 132.926
-0.446667 132.975
-0.502222 133.034
-0.591111 133.234
-0.729722 133.402
-0.757778 133.749
-0.725556 133.801
-0.739167 133.874
-0.730278 133.984
-0.869444 134.173
-0.887222 134.122
-0.891945 134.072
-0.965278 134.029
-1.37306 134.269
-1.47972 134.226
-1.59222 134.189
-1.67083 134.09
-2.04611 134.152
-2.06056 134.128
-2.31944 134.16
-2.69389 134.392
-2.862 134.462
-2.85139 134.511
-2.83361 134.528
-2.57833 134.47
-2.52139 134.489
-2.46944 134.538
-2.51389 134.636
-2.66111 134.657
-2.96778 134.697
-2.99167 134.728
-2.96028 134.801
-2.9075 134.823
-2.90472 134.853
-3.01083 134.854
-3.11611 134.813
-3.24889 134.877
-3.25639 134.937
-3.33389 134.991
-3.39389 135.336
-3.35833 135.492
-3.305 135.555
-3.20528 135.602
-3.12028 135.764
-3.07389 135.74
-2.99389 135.904
-2.93889 135.938
-2.78695 135.954
-2.64945 136.142
-2.60139 136.232
-2.52222 136.283
-2.4475 136.286
-2.36667 136.342
-2.27972 136.335
-2.2175 136.409
-2.19417 136.534
-2.23528 136.539
-2.25306 136.749
-2.11056 137.064
-2.07861 137.228
-1.95459 137.199
-1.89833 137.105
-1.80306 137.121
-1.58333 137.559
-1.47444 137.846
-1.48806 137.929
-1.60389 138.055
-1.77222 138.558
-1.78472 138.641
-1.95389 138.844
-2.05028 139.154
-2.27222 139.603
-2.36806 139.81
-2.36056 140.064
-2.32361 140.153
-2.45028 140.31
-2.45167 140.37
-2.40361 140.364
-2.48389 140.708
-2.505 140.742
-2.54806 140.744
-2.60778 140.7
-2.63639 140.724
-2.60972 140.824
-2.60778 141.007
180.0 180.0
3.6475 108.182
3.69472 108.094
3.78694 108.184
3.79444 108.206
3.72889 108.277
3.81028 108.244
3.8522 108.062
4.01055 107.974
4.23611 108.21
4.23 108.24
4.06055 108.317
3.98667 108.393
3.93056 108.399
3.89361 108.36
3.88139 108.406
3.68639 108.324
3.6475 108.182
180.0 180.0
3.37139 125.892
3.37139 125.829
3.43056 125.805
3.42583 125.756
3.45028 125.741
3.59805 125.747
3.60833 125.695
3.66194 125.643
3.71083 125.655
3.7225 125.73
3.63806 125.824
3.58417 125.828
3.43861 125.917
3.37139 125.892
180.0 180.0
0.692222 103.009
0.779444 102.909
0.798611 102.693
0.771944 102.555
0.865555 102.414
0.920555 102.432
0.938889 102.496
1.08361 102.467
1.13222 102.486
1.13361 102.538
1.05694 102.613
1.00333 102.613
0.990278 102.647
1.015 102.745
0.838333 103.027
0.786162 103.052
0.714167 103.041
0.692222 103.009
180.0 180.0
0.830833 103.126
0.898611 102.976
1.035 102.783
1.00611 102.634
1.04111 102.643
1.15333 102.716
1.15611 102.812
1.0575 103.009
0.891666 103.165
0.854123 103.166
0.830833 103.126
180.0 180.0
0.825278 104.598
0.853889 104.487
0.998611 104.456
1.0275 104.481
1.05611 104.419
1.00556 104.331
1.00417 104.254
1.0775 104.23
1.19444 104.396
1.17194 104.512
1.22528 104.575
1.02393 104.667
0.825278 104.598
180.0 180.0
-1.22556 136.127
-1.175 136.026
-1.19417 135.903
-1.13861 135.834
-0.843889 135.766
-0.821389 135.74
-0.896111 135.659
-0.77 135.428
-0.671389 135.369
-0.635834 135.377
-0.662521 135.461
-0.751389 135.761
-0.702222 135.834
-0.735 135.902
-1.05778 136.226
-1.0475 136.268
-1.11195 136.385
-1.19694 136.27
-1.22556 136.127
180.0 180.0
1.4324 128.01
1.27667 127.971
1.085 127.768
1.02 127.654
0.923333 127.629
0.801944 127.78
0.801389 127.841
0.855278 127.917
1.06083 127.97
1.12194 128.069
1.11778 128.147
1.17055 128.19
1.21361 128.191
1.23833 128.096
1.37805 128.188
1.52278 128.408
1.5775 128.628
1.57194 128.707
1.51167 128.693
1.465 128.678
1.36028 128.747
1.06972 128.704
0.894444 128.302
0.803333 128.211
0.733333 128.234
0.647222 128.349
0.558055 128.674
0.345556 128.683
0.271667 128.863
0.201092 128.902
0.283333 128.719
0.318889 128.546
0.395555 128.458
0.403055 128.214
0.473611 127.999
0.455833 127.923
0.310555 127.877
0.142778 127.924
0.0736111 127.883
-0.0319444 127.893
-0.506111 128.092
-0.874722 128.395
-0.909167 128.441
-0.880278 128.272
-0.853611 128.23
-0.828333 128.27
-0.749445 128.129
-0.711111 128.038
-0.384167 127.864
-0.213611 127.663
0.0625 127.701
0.1125 127.676
0.288056 127.72
0.325833 127.711
0.407222 127.574
0.598333 127.522
0.821944 127.62
0.860833 127.579
0.890278 127.499
1.04944 127.491
1.03639 127.404
1.07944 127.397
1.1225 127.43
1.20694 127.4
1.44806 127.529
1.73639 127.567
2.10556 127.86
2.19389 127.949
2.19528 128.055
2.14667 128.049
1.91111 127.851
1.82611 127.849
1.75556 127.988
1.69528 128.017
1.62139 127.996
1.52611 128.038
1.4324 128.01
180.0 180.0
5.56901 95.2373
5.61583 95.3686
5.65389 95.4194
5.50611 95.8852
5.38389 95.9641
5.285 96.1044
5.21 96.5158
5.21805 96.6533
5.27889 96.8205
5.26305 97.0489
5.22416 97.14
5.16 97.1714
5.15472 97.2344
5.25361 97.4983
5.13555 97.6128
4.92583 97.8361
4.90083 97.9
4.78389 97.9644
4.54083 97.9958
4.53611 98.1205
4.43028 98.2733
4.20611 98.2666
4.1275 98.1961
4.17194 98.2616
4.07555 98.305
4.08583 98.3783
3.99889 98.5517
3.93667 98.5919
3.92167 98.6661
3.79444 98.71
3.64278 99.0244
3.55389 99.2025
3.23917 99.5603
3.18583 99.7372
2.97694 99.925
2.94417 99.9811
2.80306 99.9947
2.69305 99.9544
2.60194 100.002
2.63333 100.017
2.70528 99.9736
2.73417 100.028
2.7175 100.065
2.52722 100.119
2.55528 100.13
2.62722 100.113
2.68333 100.132
2.70722 100.169
2.65667 100.245
2.22667 100.476
2.12417 100.614
2.1275 100.674
2.02889 100.823
1.82079 100.943
2.02139 100.894
2.11861 100.814
2.19583 100.795
2.265 100.822
2.29667 100.914
2.28639 101.055
2.21917 101.064
2.07194 101.274
2.005 101.324
1.79056 101.368
1.7275 101.4
1.65361 101.546
1.67472 101.702
1.56861 101.863
1.37667 102.132
1.02472 102.207
0.771111 102.461
0.729444 102.556
0.731389 102.865
0.695 102.933
0.515555 103.08
0.458611 103.089
0.34 102.893
0.176944 102.576
0.2325 102.467
0.154444 102.569
0.350278 103.037
0.529167 103.33
0.533333 103.381
0.395 103.572
0.281111 103.74
0.005 103.813
-0.0169444 103.775
-0.00944445 103.581
-0.101111 103.582
-0.257838 103.271
-0.263611 103.351
-0.214445 103.48
-0.229445 103.499
-0.333611 103.439
-0.364444 103.342
-0.408333 103.564
-0.435556 103.599
-0.494444 103.537
-0.518611 103.424
-0.45 103.37
-0.558334 103.417
-0.685 103.385
-0.703611 103.342
-0.764445 103.466
-0.815834 103.438
-0.808333 103.51
-0.988611 103.728
-1.01056 103.794
-1.07778 103.823
-1.0125 103.861
-0.983056 103.955
-1.07833 104.201
-1.02611 104.346
-1.03722 104.376
-1.13806 104.413
-1.21528 104.395
-1.35389 104.455
-1.57167 104.461
-1.74278 104.536
-1.89278 104.48
-1.92361 104.514
-1.86195 104.535
-1.86556 104.564
-1.925 104.635
-2.01833 104.582
-1.98722 104.637
-2.04222 104.674
-1.99889 104.774
-2.01556 104.826
-2.07972 104.871
-2.16 104.879
-2.33945 104.749
-2.39556 104.612
-2.37361 104.708
-2.39556 104.727
-2.585 104.689
-2.6475 104.58
-2.70972 104.539
-2.77278 104.533
-2.67056 104.595
-2.60361 104.726
-2.47972 104.767
-2.4125 104.766
-2.29472 104.854
-2.29 104.892
-2.37417 104.915
-2.33111 104.951
-2.3825 105.118
-2.34417 105.238
-2.42417 105.541
-2.39333 105.606
-2.41806 105.63
-2.55306 105.606
-2.635 105.64
-2.69389 105.78
-2.85889 105.791
-2.94167 105.853
-2.96028 105.989
-3.01694 106.049
-3.23861 106.078
-3.38778 105.912
-3.64778 105.823
-3.71278 105.815
-3.80833 105.946
-3.85833 105.956
-4.19 105.819
-4.29584 105.811
-4.45778 105.902
-4.96667 105.898
-5.06611 105.86
-5.63584 105.831
-5.89361 105.735
-5.83695 105.714
-5.81056 105.598
-5.65991 105.544
-5.68361 105.52
-5.55611 105.367
-5.44639 105.287
-5.45167 105.256
-5.56639 105.243
-5.58556 105.172
-5.70611 105.216
-5.72528 105.158
-5.74833 105.159
-5.75861 105.216
-5.79556 105.146
-5.55334 104.73
-5.48722 104.613
-5.50639 104.545
-5.54167 104.526
-5.91 104.714
-5.93111 104.703
-5.92972 104.561
-5.83972 104.537
-5.64333 104.29
-5.60167 104.31
-5.27972 104.001
-5.23611 103.967
-5.22111 103.9
-5.14333 103.914
-5.03278 103.786
-5.02389 103.728
-4.9725 103.731
-4.95278 103.697
-4.97806 103.649
-4.925 103.62
-4.80334 103.333
-4.72833 103.292
-4.54306 103.052
-4.49389 102.916
-4.25083 102.671
-3.96083 102.289
-3.68389 102.241
-3.63945 102.21
-3.37611 101.812
-3.24611 101.627
-2.83695 101.375
-2.72 101.314
-2.59528 101.11
-2.31944 100.906
-2.17167 100.834
-2.03944 100.884
-1.92639 100.866
-1.50028 100.629
-1.45778 100.575
-1.33583 100.567
-1.27028 100.461
-1.27778 100.412
-1.16194 100.388
-1.08389 100.373
-1.04349 100.411
-0.999722 100.361
-0.846667 100.322
-0.478056 100.02
-0.310833 99.8167
-0.0641667 99.7616
0.0919444 99.6164
0.234722 99.3411
0.238611 99.1683
0.266111 99.1341
0.3175 99.158
0.345556 99.1108
0.407222 99.1369
0.604722 99.0958
0.623889 99.0408
0.755278 99.0422
1.06028 98.9291
1.47944 98.7716
1.56111 98.7025
1.56667 98.7297
1.53444 98.7591
1.62194 98.8222
1.6775 98.8216
1.76111 98.718
1.72611 98.7175
1.73722 98.6816
1.94333 98.5111
2.18361 98.1047
2.26722 97.9486
2.26583 97.7622
2.40472 97.6547
2.82167 97.6136
2.87778 97.5875
2.92361 97.4291
3.02417 97.3372
3.21639 97.2628
3.25083 97.1714
3.64528 96.8961
3.73694 96.7961
3.75555 96.7061
3.73833 96.5583
3.75555 96.5014
3.91944 96.3486
4.11639 96.1944
4.28194 95.9436
4.62555 95.6133
4.67944 95.5344
5.09722 95.3036
5.28305 95.2322
5.28361 95.1986
5.46028 95.2458
5.53 95.2008
5.56901 95.2373
180.0 180.0
9.13038e-315 8.39418e-321
