CIC_MPM_VERS = 1.0
COMMENT Generated by Spacebel CCSDS library
CREATION_DATE = 2017-02-24T16:25:00.888219
ORIGINATOR = SVG² Control

META_START

USER_DEFINED_PROTOCOL = NONE
USER_DEFINED_CONTENT = REGION OF INTEREST
USER_DEFINED_SIZE = 2
USER_DEFINED_TYPE = REAL
USER_DEFINED_UNIT = [deg]

META_STOP

26.5403 55.305
26.6508 55.275
26.68 55.4522
26.7928 55.77
26.8811 55.7686
26.9219 55.7364
26.9519 55.7522
26.9017 55.8833
26.9986 56.1555
26.9758 56.273
26.9501 56.2883
26.9183 56.1836
26.7886 56.0903
26.6892 55.9516
26.7364 55.8783
26.5403 55.305
180.0 180.0
39.6507 44.7947
39.6427 44.8105
39.6058 44.8886
39.4358 44.9503
39.3122 45.1158
39.2103 45.1875
39.1725 45.3378
39.0047 45.4305
38.88 45.8719
38.84 46.1667
38.8442 46.178
38.9105 46.3547
38.8708 46.5336
38.8767 46.5399
39.1553 46.8383
39.1894 47.0255
39.3044 47.0997
39.4375 47.3553
39.4964 47.4544
39.6211 47.7469
39.6772 47.8066
39.7197 47.9764
39.4255 48.3389
39.3847 48.3597
39.3092 48.1503
39.2636 48.12
39.2089 48.135
39.1125 48.2939
39.0264 48.3239
38.9817 48.2761
38.9091 48.0189
38.8569 48.0139
38.7836 48.103
38.7278 48.2439
38.6672 48.2436
38.6011 48.3336
38.6261 48.43
38.4058 48.6105
38.3905 48.6655
38.4403 48.8605
38.2889 48.8714
37.7594 49.0011
37.6716 49.0697
37.5458 49.2747
37.4836 49.4789
37.4117 50.0775
37.3839 50.2022
37.153 50.3153
36.9008 50.7408
36.7325 51.0875
36.6019 51.7986
36.58 51.9728
36.7091 52.6156
36.8503 53.2447
36.9147 53.9492
36.9483 54.0086
36.905 54.0022
36.8533 53.6344
36.8208 53.6686
36.7936 53.8947
36.8186 54.0192
36.9483 54.0317
36.9822 53.9883
37.0219 54.0158
37.3515 53.9094
37.3272 54.2317
37.4461 54.5517
37.4675 54.6917
37.5616 54.8058
37.7464 54.833
38.0017 55.2961
38.0861 55.4428
38.1225 55.7986
38.0725 55.9828
38.0841 56.3266
38.1328 56.3528
38.1733 56.3189
38.2314 56.3855
38.2661 56.5389
38.2669 56.6953
38.285 56.7564
38.2314 56.8572
38.1936 57.0508
38.2803 57.1761
38.2739 57.2392
38.093 57.3711
37.9989 57.3483
37.93 57.5053
37.9078 57.7783
37.8 58.1244
37.7864 58.198
37.6847 58.2239
37.6414 58.4516
37.6478 58.498
37.7036 58.5444
37.6619 58.7786
37.67 58.9261
37.563 59.1716
37.5133 59.25
37.5414 59.3228
37.5039 59.3711
37.333 59.3897
37.1961 59.5197
37.2089 59.5669
37.1319 59.6203
37.1316 59.7744
37.0369 60.0294
36.6455 60.3647
36.65 61.1572
36.5614 61.1897
36.3928 61.1425
36.3022 61.17
36.1153 61.2261
35.9708 61.1253
35.8972 61.245
35.6675 61.2311
35.6068 61.2787
35.5203 61.2778
35.4811 61.2392
35.2969 61.1861
35.2791 61.1044
35.2016 61.1139
34.8128 61.0653
34.5764 60.8636
34.5417 60.7336
34.4833 60.7566
34.3458 60.8978
34.3164 60.9111
34.3136 60.6716
34.1508 60.5136
33.9991 60.5214
33.8133 60.5541
33.7392 60.5053
33.653 60.5228
33.575 60.6492
33.5544 60.9016
33.5044 60.9286
33.4939 60.8583
33.418 60.8517
33.163 60.5911
33.0717 60.5819
32.5789 60.7416
32.2347 60.8578
31.8736 60.8103
31.4983 60.8439
31.3958 61.6194
31.3833 61.7136
31.3183 61.7711
31.2453 61.7658
31.0489 61.8472
30.9458 61.8039
30.8436 61.8128
30.26 61.253
29.8624 60.8669
29.3883 61.3553
29.1644 61.42
29.0886 61.5111
28.9849 61.5476
28.7853 61.6514
28.5005 62.0397
28.4217 62.3947
28.2336 62.5925
28.2669 62.7814
28.0003 62.7578
27.7603 62.8219
27.4744 62.8397
27.2719 62.7647
27.215 62.9197
27.2678 63.198
27.1694 63.3178
27.1225 63.3419
27.1219 63.2786
27.0186 63.2542
26.8811 63.2869
26.8422 63.2064
26.6339 63.1811
26.6353 63.1403
26.6497 62.7725
26.58 62.6136
26.5425 62.3714
26.4294 62.2733
26.3541 62.2767
26.3808 62.1358
26.3183 62.1236
26.2347 61.858
26.1794 61.8328
25.8097 61.7694
25.795 61.6864
25.3061 61.6469
25.1933 61.611
25.25 61.5497
25.1811 61.5164
25.1472 61.5105
25.0975 61.423
25.0753 61.4386
25.1242 61.2153
25.2758 60.6158
25.4094 60.598
25.4405 60.5547
25.4405 60.488
25.4158 60.4278
25.3694 60.3936
25.3339 60.4055
25.3272 60.4419
25.2683 60.4411
25.3786 60.2797
25.3586 60.1892
25.3217 60.1955
25.3383 60.1091
25.3772 60.0861
25.3794 60.0036
25.345 59.8939
25.4108 59.8389
25.3955 59.5992
25.4606 59.5161
25.4778 59.4506
25.3967 59.1022
25.5242 58.8983
25.5933 58.5422
25.5414 58.135
25.5769 58.0456
25.6872 57.9744
25.7003 57.9333
25.6353 57.7694
25.6983 57.7869
25.7433 57.7539
25.7442 57.6955
25.7778 57.3106
25.9328 57.2639
25.995 57.198
26.0958 57.1669
26.1725 57.2139
26.4472 57.0742
26.4967 57.0911
26.7161 57.0644
26.915 56.9611
27 56.9697
26.9825 56.9239
27.0344 56.8411
27.0708 56.8853
27.08 56.8436
27.139 56.8066
27.1753 56.4383
27.1603 56.1328
27.1125 56.0764
26.9769 55.6372
26.9053 55.5872
26.845 55.5933
26.7922 55.5828
26.7817 55.2439
26.5164 54.8416
26.5003 54.6175
26.5822 54.5572
26.5967 54.3997
26.7183 54.2908
26.7017 54.1541
26.7453 54.0253
26.7017 53.7133
26.8686 53.4753
26.9489 53.4653
26.9825 53.4239
27.0525 53.1864
27.1436 52.9853
27.3508 52.603
27.3978 52.5778
27.41 52.668
27.4442 52.6708
27.6194 52.4797
27.6458 52.3722
27.8303 52.0203
27.8492 51.5822
27.9317 51.4769
28.1056 51.3161
28.0553 51.3033
28.1541 51.2633
28.2355 51.2833
28.3986 51.1422
28.7344 51.0575
28.8036 51.0042
28.8258 50.8853
28.8808 50.8386
28.9725 50.8005
28.993 50.8303
28.9433 50.8955
29.0133 50.9289
29.0667 50.9222
29.1392 50.8175
29.1183 50.6747
29.1528 50.635
29.4086 50.6686
29.4958 50.6214
29.4675 50.6069
29.5942 50.4922
29.9528 50.1328
30.0567 50.143
30.1983 50.0625
30.2189 50.0064
30.2042 49.9153
30.1472 49.8169
30.0075 49.5514
30.0539 49.5014
30.1483 49.4875
30.1628 49.4555
30.1578 49.2319
30.2647 49.2166
30.225 49.1547
30.3808 48.9239
30.3981 48.9575
30.3553 49.2111
30.4431 49.2605
30.5161 49.1003
30.4997 48.953
30.4767 48.9439
30.455 49.0236
30.4086 49.0053
30.4081 48.9142
30.3472 48.8639
30.2486 48.918
30.1628 48.9433
30.0389 48.9172
30.0197 48.8614
30.0497 48.6367
29.9889 48.66
29.9555 48.6267
29.9638 48.5373
29.9445 48.5452
29.993 48.4478
30.1294 48.3794
30.2028 48.4028
30.3292 48.2742
30.3178 48.198
30.4217 48.1536
30.4607 48.0696
30.5536 48.0333
30.9947 48.0369
31.0011 47.6939
31.4078 47.6972
31.7986 47.8644
32.1483 47.5172
32.2536 47.503
32.3411 47.4133
32.3833 47.4408
32.4747 47.3625
32.4578 47.1547
32.7083 46.783
32.82 46.638
32.9375 46.4239
32.9667 46.2836
32.953 46.148
32.9711 46.1033
33.0056 46.0975
33.048 46.145
33.0694 46.1464
33.0908 46.0492
33.1217 46.0555
33.1128 46.1114
33.1911 46.1986
33.3086 46.1247
33.4955 45.9969
33.4916 45.8747
33.5566 45.9486
33.6332 45.9055
33.5889 45.7519
33.8886 45.5503
33.9711 45.4058
34.2197 45.5675
34.3025 45.5847
34.3442 45.5519
34.3358 45.4878
34.4486 45.4355
34.4978 45.5228
34.5817 45.5133
34.6005 45.5319
34.5572 45.7147
34.6591 45.7083
34.7269 45.6511
34.8191 45.6919
34.8458 45.7661
34.9144 45.7725
34.9097 45.8703
35.0786 45.9214
35.0955 45.9419
35.0578 46.0325
35.0992 46.1553
35.2111 46.193
35.2444 46.1191
35.3017 46.148
35.4811 45.9922
35.5847 45.98
35.5761 46.0203
35.6755 46.0191
35.6972 46.1344
35.7697 46.3186
35.8 46.3489
35.8256 46.3403
35.815 45.7853
35.828 45.7433
35.9655 45.635
36.0205 45.5056
35.9819 45.3847
36.0044 45.335
36.0803 45.3691
36.4203 45.2508
36.4119 45.1214
36.5353 45.0147
36.6739 45.0667
36.75 45.0169
36.7853 44.8672
36.8197 44.8416
36.8883 44.9067
37.0239 44.9097
37.1053 44.768
37.1482 44.7867
37.1639 44.7944
37.2275 44.7733
37.2711 44.8219
37.3217 44.8017
37.4369 44.5928
37.648 44.558
37.7161 44.6189
37.7805 44.538
37.8178 44.4192
37.8803 44.345
37.8839 44.2455
37.9064 44.2222
38.323 44.4778
38.3933 44.4408
38.378 44.3253
38.4305 44.3036
38.613 44.3172
38.7216 44.2608
38.8155 44.305
38.8597 44.2911
38.8911 44.2108
39.0022 44.1594
39.1292 44.2166
39.3069 44.0808
39.3797 44.0342
39.4117 44.0703
39.3869 44.3078
39.4253 44.4161
39.6989 44.4711
39.7805 44.6058
39.6507 44.7947
180.0 180.0
9.13038e-315 8.55228e-321
