CIC_MPM_VERS = 1.0
COMMENT Generated by Spacebel CCSDS library
CREATION_DATE = 2017-02-24T16:25:00.955219
ORIGINATOR = SVG² Control

META_START

USER_DEFINED_PROTOCOL = NONE
USER_DEFINED_CONTENT = REGION OF INTEREST
USER_DEFINED_SIZE = 2
USER_DEFINED_TYPE = REAL
USER_DEFINED_UNIT = [deg]

META_STOP

37.0596 42.3739
37.1102 42.3661
37.1866 42.6011
37.3555 42.7267
37.3844 42.7861
37.3225 42.9505
37.378 43.1444
37.31 43.3064
37.3319 43.3458
37.23 43.623
37.2216 43.9036
37.315 44.0039
37.3164 44.1164
37.2764 44.2311
37.2419 44.2617
37.1675 44.2678
37.1111 44.1978
36.9866 44.2553
36.9705 44.3172
37.0483 44.3511
37.1203 44.5291
37.1875 44.638
37.1482 44.7867
37.1053 44.768
37.0239 44.9097
36.8883 44.9067
36.8197 44.8416
36.7853 44.8672
36.75 45.0169
36.6739 45.0667
36.5353 45.0147
36.4119 45.1214
36.4203 45.2508
36.0803 45.3691
36.0044 45.335
35.9819 45.3847
36.0205 45.5056
35.9655 45.635
35.828 45.7433
35.815 45.7853
35.8256 46.3403
35.8 46.3489
35.7697 46.3186
35.6972 46.1344
35.6755 46.0191
35.5761 46.0203
35.5847 45.98
35.4811 45.9922
35.3017 46.148
35.2444 46.1191
35.2111 46.193
35.0992 46.1553
35.0578 46.0325
35.0955 45.9419
35.0786 45.9214
34.9097 45.8703
34.9144 45.7725
34.8458 45.7661
34.8191 45.6919
34.7269 45.6511
34.6591 45.7083
34.5572 45.7147
34.6005 45.5319
34.5817 45.5133
34.4978 45.5228
34.4486 45.4355
34.3358 45.4878
34.3442 45.5519
34.3025 45.5847
34.2197 45.5675
33.9711 45.4058
33.8886 45.5503
33.5889 45.7519
33.6332 45.9055
33.5566 45.9486
33.4916 45.8747
33.4955 45.9969
33.3086 46.1247
33.1911 46.1986
33.1128 46.1114
33.1217 46.0555
33.0908 46.0492
33.0694 46.1464
33.048 46.145
33.0056 46.0975
32.9711 46.1033
32.953 46.148
32.9667 46.2836
32.9375 46.4239
32.82 46.638
32.7083 46.783
32.4578 47.1547
32.4747 47.3625
32.3833 47.4408
32.3411 47.4133
32.2536 47.503
32.1483 47.5172
31.7986 47.8644
31.4078 47.6972
31.0011 47.6939
30.9947 48.0369
30.5536 48.0333
30.4607 48.0696
30.4217 48.1536
30.3178 48.198
30.3292 48.2742
30.2028 48.4028
30.1294 48.3794
29.993 48.4478
29.9445 48.5452
29.9242 48.5017
30.0455 48.0939
30.013 47.9504
30.0839 47.7314
30.0822 47.3569
30.0153 47.17
29.9747 47.1289
29.5028 46.8836
29.1125 46.5553
29.1042 46.5416
29.3686 45.7742
29.4744 45.465
29.2054 44.7149
29.46 43.9999
29.6078 43.5908
30.1028 43.6128
30.3794 43.6583
30.4147 43.0625
30.7278 42.9775
30.9633 42.4239
31.4711 41.2222
32.0611 40.0025
32.2373 39.3031
32.4644 39.2028
32.6917 39.1022
32.9178 39.0014
33.1447 38.8997
33.3717 38.7975
33.3772 38.7946
34.0778 40.2775
34.4194 41.0039
34.7883 41.2291
35.1947 41.2114
35.4955 41.2778
35.6253 41.3839
35.8386 41.378
36.055 41.255
36.3555 41.2903
36.5255 41.403
36.5989 41.8353
37.0596 42.3739
