CIC_MPM_VERS = 1.0
COMMENT Generated by Spacebel CCSDS library
CREATION_DATE = 2017-02-24T16:25:01.202719
ORIGINATOR = SVG² Control

META_START

USER_DEFINED_PROTOCOL = NONE
USER_DEFINED_CONTENT = REGION OF INTEREST
USER_DEFINED_SIZE = 2
USER_DEFINED_TYPE = REAL
USER_DEFINED_UNIT = [deg]

META_STOP

55.0705 -7.25306
55.0461 -7.25111
55.0378 -7.07361
55.1367 -6.97472
55.1897 -6.96806
55.1672 -6.75445
55.2453 -6.49694
55.198 -6.07694
55.155 -6.03361
55.0555 -6.05667
55.0522 -5.97861
55.0242 -5.96611
54.9831 -5.99333
54.8986 -5.84806
54.833 -5.78528
54.8533 -5.78722
54.838 -5.71833
54.7775 -5.68722
54.7489 -5.69667
54.6875 -5.87139
54.6339 -5.92417
54.6022 -5.90472
54.6711 -5.67028
54.6781 -5.57722
54.5303 -5.47472
54.4605 -5.43556
54.3319 -5.49917
54.3875 -5.5675
54.5158 -5.55972
54.573 -5.68056
54.5339 -5.71278
54.4925 -5.64528
54.4036 -5.64
54.3469 -5.71056
54.3697 -5.55778
54.3133 -5.53417
54.2272 -5.64806
54.2425 -5.79667
54.2239 -5.86389
54.103 -5.89444
54.0278 -6.06778
54.0953 -6.19667
54.0969 -6.27014
54.0117 -6.11389
53.9922 -6.10528
53.9878 -6.22833
54.0144 -6.34445
53.9172 -6.38111
53.8719 -6.33722
53.8586 -6.24472
53.8072 -6.25611
53.6144 -6.18056
53.5258 -6.07778
53.4883 -6.10333
53.4603 -6.1925
53.3844 -6.05333
53.3617 -6.06667
53.3867 -6.14361
53.3539 -6.22472
53.1936 -6.07722
52.9611 -5.99472
52.648 -6.22167
52.5553 -6.20056
52.3536 -6.40303
52.3614 -6.4925
52.2858 -6.41194
52.2403 -6.32167
52.1775 -6.36139
52.2067 -6.47417
52.1711 -6.58583
52.2142 -6.71889
52.205 -6.79528
52.2344 -6.83167
52.1719 -6.82917
52.1205 -6.93639
52.1514 -6.91611
52.203 -6.91333
52.2828 -6.995
52.1783 -6.95389
52.1314 -7.08361
52.1605 -7.075
52.0825 -7.55195
52.1014 -7.59111
52.0683 -7.63417
52.0564 -7.54833
51.9916 -7.58833
51.9417 -7.81222
51.978 -7.8475
51.8778 -7.88417
51.8591 -8.005
51.8253 -8.01028
51.7958 -8.21917
51.828 -8.22889
51.8861 -8.18111
51.8858 -8.40944
51.8755 -8.39306
51.8697 -8.33861
51.7644 -8.29583
51.7061 -8.38611
51.6775 -8.515
51.6075 -8.53417
51.6372 -8.56639
51.6422 -8.75417
51.5805 -8.69778
51.5522 -9.12028
51.4822 -9.23
51.4872 -9.38
51.5458 -9.40306
51.5047 -9.58778
51.4458 -9.80334
51.4867 -9.81639
51.5992 -9.61917
51.54 -9.82972
51.558 -9.81139
51.7114 -9.485
51.7553 -9.54945
51.6883 -9.60195
51.5972 -10.1022
51.615 -10.1494
51.6244 -10.0656
51.6628 -10.1036
51.6791 -9.98278
51.7097 -9.98611
51.7578 -9.90583
51.7855 -9.80361
51.87 -9.57944
51.8414 -9.75917
51.7556 -10.1281
51.775 -10.2239
51.8044 -10.1761
51.8458 -10.2006
51.7836 -10.3379
51.8422 -10.3417
51.8767 -10.3981
51.9019 -10.2489
51.9847 -10.2661
52.1042 -9.91111
52.1442 -9.76639
52.1514 -9.8725
52.1425 -9.95472
52.1156 -10.2378
52.1025 -10.4728
52.1767 -10.467
52.2875 -10.1697
52.2317 -10.1678
52.255 -10.0558
52.2872 -10.0333
52.238 -9.97056
52.2305 -9.8775
52.2447 -9.74084
52.3106 -9.835
52.3764 -9.83778
52.4025 -9.94556
52.4225 -9.92834
52.4694 -9.63528
52.5453 -9.67583
52.5708 -9.61695
52.5655 -9.295
52.6611 -8.81056
52.6708 -8.74222
52.6797 -8.95167
52.7739 -8.94556
52.6497 -9.11584
52.5883 -9.28167
52.5958 -9.33195
52.6325 -9.27528
52.605 -9.40722
52.6631 -9.57111
52.6111 -9.62333
52.6117 -9.62778
52.5503 -9.88611
52.5725 -9.91139
52.6778 -9.66445
52.7372 -9.60333
52.7733 -9.49028
52.9275 -9.35195
52.9275 -9.46806
53.0711 -9.35083
53.1492 -9.25306
53.1164 -9.07556
53.1608 -9.08556
53.1405 -8.93833
53.1856 -8.94889
53.2155 -8.98445
53.2483 -8.98333
53.2716 -9.03306
53.2236 -9.49
53.2278 -9.54278
53.2897 -9.55278
53.2322 -9.60028
53.2686 -9.61167
53.3194 -9.62
53.3355 -9.55778
53.3644 -9.59945
53.3317 -9.61111
53.3266 -9.64972
53.3828 -9.63833
53.3614 -9.7
53.2969 -9.77528
53.3503 -9.89722
53.4103 -9.80056
53.3786 -9.94806
53.4078 -10.1761
53.4439 -10.1478
53.4508 -10.0545
53.4758 -10.0114
53.5197 -10.1361
53.5408 -10.202
53.5633 -10.0503
53.6019 -10.0097
53.5958 -9.69945
53.6475 -9.91333
53.7586 -9.90639
53.8205 -9.60722
53.8864 -9.56695
53.8944 -9.76472
53.8578 -9.90278
53.87 -9.94278
53.9494 -9.91278
53.9397 -9.81222
54.0164 -9.90417
54.0853 -9.89167
54.0608 -9.93611
54.0919 -9.98445
54.1455 -9.9325
54.2144 -9.99861
54.1194 -10.0906
54.0886 -10.0672
54.0964 -10.1244
54.1958 -10.0928
54.2572 -10.0817
54.3008 -10.0092
54.2608 -9.88611
54.2214 -9.92417
54.2069 -9.92028
54.2814 -9.76139
54.305 -9.84222
54.3256 -9.84361
54.3072 -9.305
54.2397 -9.19972
54.2117 -9.21833
54.1391 -9.14222
54.2761 -9.06361
54.2836 -8.93694
54.2336 -8.56583
54.2572 -8.62
54.28 -8.53917
54.3183 -8.50917
54.3378 -8.66639
54.3911 -8.58389
54.4253 -8.47889
54.4619 -8.39583
54.4981 -8.21056
54.5158 -8.26722
54.6336 -8.14611
54.6164 -8.38194
54.6567 -8.77444
54.6917 -8.80111
54.7694 -8.62389
54.7536 -8.4125
54.8114 -8.52528
54.8416 -8.50694
54.8292 -8.33195
54.8536 -8.38417
54.8744 -8.37
54.8697 -8.31583
54.9036 -8.33945
54.8911 -8.42306
54.9383 -8.46
54.9414 -8.36722
54.9916 -8.45472
55.0569 -8.35389
55.0242 -8.32361
55.1525 -8.2925
55.1594 -8.08778
55.183 -7.96472
55.1644 -7.86389
55.2064 -7.87417
55.2494 -7.79889
55.1772 -7.81111
55.1672 -7.72778
55.0942 -7.70417
55.1419 -7.66806
55.2142 -7.69861
55.2166 -7.72056
55.1878 -7.735
55.2033 -7.79056
55.2544 -7.76111
55.2744 -7.65778
55.2428 -7.61694
55.1614 -7.57361
55.0992 -7.53222
55.0444 -7.64
55.048 -7.56695
55.0125 -7.59722
54.9525 -7.665
55.0475 -7.4525
55.1322 -7.45472
55.1972 -7.5475
55.2836 -7.52111
55.2747 -7.26278
55.3772 -7.39917
55.3551 -7.26765
55.2411 -6.93861
55.2089 -6.96445
55.1458 -7.15944
55.0705 -7.25306
