CIC_MPM_VERS = 1.0
COMMENT Generated by Spacebel CCSDS library
CREATION_DATE = 2017-02-24T16:25:01.221719
ORIGINATOR = SVG² Control

META_START

USER_DEFINED_PROTOCOL = NONE
USER_DEFINED_CONTENT = REGION OF INTEREST
USER_DEFINED_SIZE = 2
USER_DEFINED_TYPE = REAL
USER_DEFINED_UNIT = [deg]

META_STOP

33.0921 35.0971
33.1072 35.3169
33.063 35.3492
33.0942 35.5047
33.2903 35.5667
33.2487 35.6193
33.2517 35.6697
33.0497 35.6394
33.0178 35.5905
32.9878 35.6225
32.8972 35.6148
32.8145 35.6394
32.75 35.6316
32.715 35.5992
32.6865 35.6334
32.6519 35.5636
32.5214 35.5541
32.4411 35.5633
32.3938 35.5529
32.4161 35.4322
32.5008 35.4122
32.5519 35.2228
32.4705 35.08
32.1325 34.9858
31.9856 35.0009
31.8839 35.0305
31.8589 34.9633
31.8247 34.9711
31.8334 35.1089
31.8083 35.22
31.7478 35.2264
31.6581 35.0203
31.5947 34.9536
31.4047 34.8844
31.3636 34.9041
31.3619 35.1386
31.4392 35.3203
31.4917 35.3947
31.4917 35.3959
31.4978 35.4786
31.3806 35.4658
31.3232 35.4319
31.2683 35.3994
31.2347 35.4172
31.1494 35.4622
31.0893 35.4418
30.9433 35.3922
30.8869 35.3378
30.7186 35.2847
30.5678 35.2003
30.4157 35.1573
30.3669 35.1819
30.2397 35.1405
30.1517 35.1669
29.5855 34.9734
29.5625 34.9655
29.5511 34.9619
29.535 34.9461
29.4938 34.9015
29.5842 34.8658
29.6739 34.8622
29.7778 34.8333
29.8908 34.7892
30 34.7547
30.1128 34.7136
30.2258 34.6678
30.3383 34.6225
30.43 34.5436
30.5411 34.5205
30.653 34.5011
30.7658 34.4505
30.8789 34.3941
30.9917 34.3522
31.1044 34.3097
31.2163 34.2671
31.2947 34.3705
31.3608 34.3642
31.5331 34.5586
31.5967 34.4903
31.6647 34.5439
31.8106 34.6353
31.9655 34.7155
32.1319 34.7822
32.308 34.838
32.4869 34.8881
32.6644 34.9267
32.8333 34.9639
32.8153 35.0172
32.8581 35.0689
32.9225 35.0728
33.0921 35.0971
