CIC_MPM_VERS = 1.0
COMMENT Generated by Spacebel CCSDS library
CREATION_DATE = 2017-02-24T16:25:01.307718
ORIGINATOR = SVG² Control

META_START

USER_DEFINED_PROTOCOL = NONE
USER_DEFINED_CONTENT = REGION OF INTEREST
USER_DEFINED_SIZE = 2
USER_DEFINED_TYPE = REAL
USER_DEFINED_UNIT = [deg]

META_STOP

36.6508 15.09
36.725 14.9008
36.7133 14.7061
36.8139 14.4614
36.9366 14.3978
37.048 14.2689
37.1089 14.1097
37.0978 13.8947
37.2791 13.5619
37.3008 13.4317
37.4908 13.1214
37.4939 13.0197
37.5505 12.9739
37.5789 12.8253
37.5541 12.6744
37.6992 12.4683
37.835 12.4608
38.0544 12.5514
38.1147 12.7133
38.1811 12.7192
38.1381 12.7864
38.0505 12.8561
38.0233 12.8967
38.0717 13.0486
38.0936 13.0733
38.1714 13.0786
38.218 13.3114
38.1539 13.3753
38.1247 13.3636
38.0953 13.4375
38.1094 13.5361
38.0611 13.5378
37.9767 13.7114
37.9972 13.8825
38.0456 14.0247
38.0128 14.2894
38.0714 14.6286
38.1655 14.74
38.1389 15.1314
38.1755 15.2
38.2655 15.2283
38.2089 15.2497
38.2214 15.3664
38.2953 15.5236
38.2564 15.6239
38.2339 15.5725
38.0167 15.4431
37.7589 15.215
37.5756 15.1781
37.49 15.0914
37.3497 15.0919
37.2953 15.1567
37.2461 15.2614
37.2186 15.1889
37.1575 15.2039
37.1022 15.3033
37.0119 15.3386
36.9206 15.1589
36.7836 15.0955
36.6814 15.1364
36.6508 15.09
180.0 180.0
38.8775 8.85555
38.9347 8.72917
38.8917 8.62278
39.0783 8.51861
39.0561 8.46805
38.9761 8.39861
39.0905 8.34972
39.1078 8.42444
39.0616 8.46333
39.0778 8.48611
39.2183 8.36778
39.2853 8.43278
39.4586 8.38333
39.593 8.4675
39.7566 8.44278
39.7028 8.53305
39.7494 8.52111
39.8575 8.55694
39.905 8.51805
39.8953 8.45889
39.8966 8.39861
40.0319 8.37472
40.0644 8.47278
40.0936 8.48917
40.2239 8.46139
40.2808 8.48139
40.3425 8.38444
40.4825 8.37167
40.5892 8.30111
40.5628 8.15944
40.6217 8.14361
40.6847 8.19861
40.73 8.1325
40.8797 8.22167
40.9297 8.17778
40.9705 8.20278
40.8644 8.27806
40.8219 8.4575
40.84 8.57972
41.0258 8.88944
41.1561 9.15222
41.2542 9.21583
41.2433 9.25639
41.1922 9.31472
41.1761 9.42139
41.0903 9.44167
41.1503 9.51333
41.1047 9.56555
41.0144 9.50861
41.0033 9.6525
40.94 9.56444
40.918 9.50361
40.878 9.65111
40.8119 9.68944
40.7975 9.66778
40.6825 9.74694
40.5381 9.80639
40.5216 9.82555
40.3947 9.77194
40.3083 9.65722
40.2083 9.62417
40.1069 9.6925
40.0844 9.72917
39.7703 9.67028
39.4122 9.62417
39.3328 9.60028
39.2986 9.63333
39.2772 9.59166
39.0994 9.51944
39.2236 9.23555
39.2178 9.18389
39.1833 9.15028
39.2166 9.08361
39.1419 9.0175
38.9897 9.02222
38.8775 8.85555
180.0 180.0
46.8694 10.4636
46.8486 10.5608
46.875 10.6728
46.8341 10.7644
46.7986 10.7355
46.7725 11.0147
46.9622 11.1644
46.9955 11.3392
46.9725 11.4117
47.0131 11.6153
46.9775 11.7558
47.0905 12.2111
47.0392 12.2044
47.0164 12.1311
46.9158 12.1444
46.8636 12.295
46.7914 12.2836
46.7775 12.3558
46.6953 12.4336
46.6128 12.8958
46.5744 13.4122
46.5255 13.719
46.4503 13.6922
46.3694 13.4811
46.2972 13.383
46.2303 13.4433
46.218 13.5506
46.183 13.6644
46.1425 13.6458
46.0133 13.4794
45.9675 13.5425
45.9933 13.59
45.9886 13.635
45.9222 13.6236
45.8542 13.5778
45.8108 13.5981
45.7269 13.8219
45.6375 13.9192
45.5875 13.8594
45.5977 13.7175
45.61 13.8044
45.7692 13.6322
45.7872 13.55
45.7467 13.5231
45.6783 13.4336
45.7403 13.3417
45.7719 13.1311
45.7147 13.07
45.6933 13.0756
45.6955 13.15
45.6355 13.0861
45.5967 12.8686
45.4464 12.4564
45.4319 12.4147
45.4933 12.453
45.5286 12.5647
45.5658 12.48
45.5094 12.45
45.4567 12.2603
45.3089 12.2183
45.3139 12.1583
45.2639 12.1611
45.2678 12.1992
45.2 12.2303
45.2058 12.2842
45.1081 12.3261
45.0914 12.2936
45.0216 12.4347
44.9192 12.51
44.8183 12.4492
44.895 12.4405
44.8728 12.3914
44.8181 12.4253
44.7869 12.3875
44.8169 12.2792
44.7158 12.2456
44.3536 12.3181
44.1217 12.503
44.082 12.5747
43.9933 12.6781
43.8219 13.075
43.6244 13.4219
43.57 13.5994
43.2614 13.7597
42.9267 13.8914
42.6197 14.0583
42.415 14.3031
42.2 14.6242
42.1719 14.7156
42.1006 14.7228
42.0216 14.8889
41.9103 15.3467
41.9233 15.8314
41.9472 16.018
41.8886 16.1767
41.785 16.1911
41.5711 15.8897
41.4936 15.92
41.4189 16.0331
41.2667 16.44
41.1303 16.8669
40.973 17.2828
40.8278 17.4753
40.6825 17.8947
40.6446 17.9527
40.6444 18.0117
40.5536 18.0397
40.3422 18.3594
40.1389 18.5108
40.0489 18.4817
39.9958 18.4197
39.8144 18.3908
39.7919 18.3494
39.9261 18.0525
39.9942 17.9947
40.0136 18.0222
40.2603 17.8944
40.3033 17.6847
40.3297 17.3983
40.4072 17.2044
40.4742 17.2294
40.4855 17.2694
40.5208 17.0897
40.4708 16.9472
40.2622 16.7586
40.1528 16.6953
40.093 16.6122
40.0053 16.6075
39.9628 16.6331
39.8208 16.4981
39.7491 16.4905
39.6503 16.5431
39.5119 16.9339
39.4008 17.1614
39.2675 17.1094
39.1953 17.1453
39.0681 17.135
39.028 17.2042
38.8953 17.1036
38.9203 17.0614
38.9175 16.8369
38.8219 16.6211
38.7225 16.5389
38.4717 16.5767
38.4314 16.5714
38.3581 16.4905
38.2961 16.3269
38.1391 16.1656
37.9797 16.1167
37.9242 16.0625
37.918 16
37.9169 15.7758
37.9522 15.6753
38.008 15.6325
38.2286 15.6289
38.2805 15.793
38.4622 15.9011
38.5414 15.9253
38.6205 15.8283
38.6603 15.8531
38.7228 15.9942
38.7155 16.1292
38.7475 16.1811
38.843 16.22
38.9225 16.2211
39.0144 16.1061
39.3628 16.0233
39.5314 15.9067
39.6269 15.8397
39.9344 15.7394
40.0703 15.6306
40.0733 15.5197
39.9903 15.4169
40.0275 15.2658
40.0614 15.2744
40.1697 15.1217
40.22 14.9661
40.2377 14.9091
40.3583 14.9897
40.3992 14.9906
40.6697 14.7797
40.6322 14.5978
40.6078 14.5311
40.6183 14.4483
40.5728 14.3317
40.6192 14.3394
40.6955 14.47
40.7428 14.458
40.8369 14.2856
40.7822 14.0839
40.795 14.0442
40.8816 14.0378
41.1625 13.8261
41.2514 13.713
41.2578 13.6208
41.2347 13.5622
41.2211 13.5039
41.2928 13.3231
41.2825 13.2111
41.2205 13.0944
41.2258 13.0394
41.353 12.9519
41.41 12.855
41.4464 12.6247
41.6892 12.36
41.74 12.2272
41.8711 12.1758
42.03 11.9264
42.0894 11.7772
42.2925 11.6353
42.405 11.3747
42.4147 11.2114
42.3639 11.1503
42.4219 11.0858
42.4475 11.1683
42.5064 11.1897
42.6322 11.0803
42.8075 10.7503
42.8875 10.7794
42.9147 10.7611
42.9483 10.6736
42.9322 10.4992
42.9836 10.4803
43.0253 10.525
43.1544 10.5425
43.2561 10.5194
43.5369 10.2967
43.9061 10.2142
44.0186 10.0908
44.1086 9.84028
44.0725 9.83917
44.0358 9.84
44.2194 9.49667
44.3464 9.23361
44.3005 9.21333
44.4094 8.87194
44.4294 8.76111
44.3008 8.46833
44.1783 8.39944
44.1478 8.28417
43.9944 8.15805
43.9278 8.12111
43.8194 7.82861
43.7835 7.53476
43.8694 7.49222
44.0722 7.70417
44.1828 7.67278
44.1567 7.27944
44.3233 6.93583
44.4158 6.88611
44.443 6.935
44.5078 6.85722
44.5408 6.85278
44.6289 6.96028
44.6647 6.95083
44.6992 7.00083
44.6892 7.06889
44.8486 7.01
44.9478 6.74333
45.0203 6.74667
45.1107 6.62017
45.1683 6.76083
45.1361 6.85028
45.3019 7.12278
45.3555 7.13305
45.4117 7.18139
45.5183 6.99944
45.64 6.99083
45.715 6.82417
45.7808 6.79917
45.8314 6.80889
45.9317 7.03875
45.8836 7.09944
45.9161 7.39333
45.9833 7.57889
45.9612 7.67734
45.92 7.85278
45.9911 7.9025
46.0022 7.99805
46.1767 8.15889
46.2605 8.09027
46.4561 8.40111
46.46 8.45166
46.3383 8.45916
46.2486 8.44444
46.1014 8.69194
46.1014 8.71161
46.1015 8.76157
46.1017 8.81305
46.0725 8.85055
45.99 8.78528
45.9558 8.89555
45.9528 8.89727
45.9351 8.90717
45.9328 8.90778
45.9172 8.91724
45.8355 8.96305
45.8239 9.03167
45.8992 9.08555
45.9733 8.99666
45.9897 9.00625
46.0123 9.01953
46.1211 9.08333
46.323 9.29194
46.4841 9.27222
46.5086 9.36083
46.4733 9.40194
46.5094 9.45444
46.3319 9.5125
46.293 9.61944
46.2983 9.70833
46.3572 9.7375
46.3792 9.95
46.3183 9.99639
46.2228 10.0631
46.2478 10.1594
46.2725 10.1772
46.3264 10.11
46.4119 10.163
46.4797 10.05
46.555 10.0683
46.6114 10.1053
46.64 10.2333
46.5558 10.3017
46.5392 10.4497
46.5905 10.4853
46.6333 10.4739
46.6444 10.4053
46.6894 10.3853
46.7631 10.4475
46.8694 10.4636
180.0 180.0
9.13038e-315 8.52263e-321
