CIC_MPM_VERS = 1.0
COMMENT Generated by Spacebel CCSDS library
CREATION_DATE = 2017-02-24T16:25:01.351718
ORIGINATOR = SVG² Control

META_START

USER_DEFINED_PROTOCOL = NONE
USER_DEFINED_CONTENT = REGION OF INTEREST
USER_DEFINED_SIZE = 2
USER_DEFINED_TYPE = REAL
USER_DEFINED_UNIT = [deg]

META_STOP

10.6668 -6.64509
10.6072 -6.58528
10.5506 -6.41833
10.5906 -6.38194
10.6289 -6.42028
10.6931 -6.41
10.735 -6.2432
10.6303 -6.18889
10.5164 -6.24667
10.5097 -6.21028
10.3586 -6.16833
10.3142 -6.22694
10.2585 -6.22325
10.2339 -6.19306
10.1911 -6.0625
10.2086 -5.98333
10.2844 -5.95611
10.2758 -5.88944
10.3756 -5.87806
10.4511 -5.65028
10.431 -5.52066
10.3011 -5.41139
10.2992 -5.3225
10.3225 -5.20806
10.2894 -5.175
10.3047 -5.13
10.0536 -4.98
9.94861 -4.95
9.90528 -4.97444
9.86805 -4.92833
9.875 -4.86
9.79083 -4.78028
9.73666 -4.77528
9.75027 -4.74222
9.67527 -4.68555
9.72138 -4.60222
9.68694 -4.57139
9.74666 -4.53278
9.71139 -4.50861
9.65444 -4.50917
9.6575 -4.42639
9.5825 -4.37695
9.59833 -4.31083
9.69027 -4.28722
9.83 -4.12167
9.79944 -4.04083
9.93027 -3.765
9.90083 -3.29695
9.85805 -3.30278
9.84805 -3.25917
9.92389 -3.19111
9.84 -3.17944
9.82916 -3.1175
9.725 -3.06556
9.72777 -2.98972
9.65111 -2.94861
9.41333 -2.79111
9.39639 -2.745
9.48234 -2.68685
9.38277 -2.66806
9.31166 -2.71611
9.26916 -2.6625
9.05527 -2.77306
9.01305 -2.65583
8.78153 -2.58465
8.19777 -2.48806
8.13778 -2.61139
8.04083 -2.58889
8.0125 -2.68417
7.93889 -2.74111
7.94666 -2.77472
7.85361 -2.78528
7.82361 -2.82389
7.07305 -3.02417
7.06194 -3.09
6.81361 -3.22417
6.71639 -3.18639
6.61139 -3.24917
6.27722 -3.16945
5.85778 -3.00667
5.7075 -3.01389
5.71305 -2.94861
5.62722 -2.96056
5.61639 -2.90639
5.61333 -2.77667
5.59034 -2.76403
5.34631 -2.71814
5.35 -2.77333
5.11278 -2.73472
5.09918 -2.92858
5.11245 -2.90203
5.14667 -2.84167
5.18639 -2.87306
5.11688 -2.96839
5.14417 -3.11194
5.20944 -3.19945
5.35556 -3.12778
5.36666 -3.15472
5.33528 -3.25889
5.29361 -3.24195
5.18111 -3.325
5.14667 -3.27722
5.11694 -3.32333
5.18694 -3.72083
5.23583 -3.72889
5.19028 -3.74667
5.19694 -3.82944
5.25833 -4.005
5.28639 -3.88
5.24166 -3.77306
5.28083 -3.71389
5.37055 -3.77139
5.36528 -3.81806
5.27361 -3.73889
5.2725 -3.79583
5.32111 -3.88167
5.29916 -3.99056
5.28917 -4.06945
5.29778 -4.43056
5.27194 -4.47972
5.27028 -4.54167
5.24444 -4.59778
5.25 -4.67028
5.31055 -4.67028
5.22805 -4.73167
5.21333 -4.7975
5.16833 -4.795
5.2 -4.53528
5.27667 -4.14028
5.23111 -3.99861
5.20083 -4.31167
5.12861 -4.89417
5.1525 -5.00945
5.21 -4.99722
5.21472 -5.03333
5.18389 -5.11
5.22805 -5.30083
5.19611 -5.32889
5.17222 -5.30889
5.14139 -5.40639
5.11916 -5.28917
5.17639 -5.18639
5.17916 -5.02917
5.12389 -5.01583
5.09139 -5.51083
5.10833 -5.55361
5.00555 -5.92806
4.82139 -6.41111
4.65611 -6.91222
4.53139 -7.06639
4.51389 -7.19861
4.34778 -7.44222
4.35145 -7.52556
4.38722 -7.56333
4.42416 -7.54667
4.90583 -7.58833
4.94055 -7.53944
5.08333 -7.555
5.10111 -7.49528
5.27472 -7.46445
5.28527 -7.41278
5.33555 -7.36778
5.36444 -7.40639
5.43722 -7.43639
5.57222 -7.36833
5.65722 -7.41556
5.845 -7.42472
5.86083 -7.45806
5.91972 -7.64194
5.90444 -7.68583
5.95055 -7.7625
6.03583 -7.77306
6.08278 -7.84528
6.20278 -7.8225
6.27833 -7.90222
6.29333 -8.07333
6.29861 -8.20805
6.34805 -8.28944
6.35444 -8.36694
6.425 -8.40833
6.4425 -8.38194
6.49 -8.45472
6.43583 -8.47528
6.50778 -8.60667
6.59416 -8.50611
6.75417 -8.35833
7.18083 -8.28806
7.23944 -8.36139
7.50111 -8.41833
7.55987 -8.46896
7.61861 -8.39917
7.545 -8.21222
7.59139 -8.18667
8.03194 -8.05
8.01861 -7.94833
8.06639 -7.96917
8.19166 -7.98861
8.16389 -8.07278
8.25222 -8.25111
8.35638 -8.22111
8.44266 -8.24229
8.49666 -8.19833
8.49777 -7.93528
8.42833 -7.88
8.43583 -7.83056
8.48611 -7.82472
8.42222 -7.765
8.37638 -7.74861
8.37976 -7.64798
8.62083 -7.67472
8.75694 -7.79472
8.76722 -7.91444
8.80111 -7.95639
8.93305 -7.93667
9.02166 -7.895
9.07277 -7.73694
9.09972 -7.74222
9.18277 -7.90833
9.21777 -7.92083
9.37527 -7.85972
9.42389 -7.86194
9.3875 -7.97055
9.3975 -8.05139
9.49788 -8.13818
9.80305 -8.11583
9.86722 -8.10472
9.94416 -8.16056
10.0105 -8.13333
10.0994 -8.00917
10.1655 -7.97768
10.1767 -7.88528
10.4064 -7.69972
10.4197 -7.53472
10.4614 -7.50028
10.4508 -7.45667
10.3378 -7.43083
10.3508 -7.36
10.2503 -7.34583
10.2544 -7.26972
10.1419 -7.01056
10.1719 -6.95
10.2147 -6.94611
10.2536 -6.98222
10.3531 -6.94389
10.3775 -6.77611
10.3395 -6.68946
10.4094 -6.63806
10.5983 -6.67667
10.6668 -6.64509
