CIC_MPM_VERS = 1.0
COMMENT Generated by Spacebel CCSDS library
CREATION_DATE = 2017-02-24T16:25:01.512218
ORIGINATOR = SVG² Control

META_START

USER_DEFINED_PROTOCOL = NONE
USER_DEFINED_CONTENT = REGION OF INTEREST
USER_DEFINED_SIZE = 2
USER_DEFINED_TYPE = REAL
USER_DEFINED_UNIT = [deg]

META_STOP

33.4275 135.763
33.455 135.772
33.5703 135.412
33.6541 135.337
33.6944 135.398
33.7514 135.32
33.8011 135.204
33.8747 135.143
33.8733 135.066
33.978 135.093
34.023 135.16
34.1169 135.13
34.1391 135.197
34.258 135.064
34.2928 135.075
34.44 135.352
34.5453 135.451
34.6316 135.454
34.7128 135.347
34.6706 135.195
34.6247 135.099
34.6328 134.973
34.7566 134.762
34.7625 134.586
34.7592 134.456
34.7217 134.419
34.6892 134.249
34.5847 134.127
34.5858 133.941
34.5625 133.926
34.5819 134.023
34.5769 134.046
34.4544 133.943
34.4314 133.799
34.5208 133.722
34.4669 133.418
34.3564 133.354
34.3172 133.273
34.3625 133.317
34.4222 133.265
34.345 133.181
34.3061 133.207
34.2505 133.089
34.298 133.065
34.3455 133.105
34.31 133.121
34.3555 133.17
34.3786 133.146
34.3825 133.084
34.3397 133.075
34.2864 132.853
34.3086 132.823
34.2014 132.662
34.1905 132.551
34.34 132.529
34.365 132.405
34.315 132.303
34.238 132.224
34.1553 132.241
34.0608 132.201
33.9955 132.214
33.9472 132.159
33.9419 132.129
33.8425 132.158
33.7919 132.053
33.8283 132.107
33.8666 132.104
33.9997 131.849
33.9605 131.789
33.9933 131.794
34.0158 131.826
34.0536 131.746
33.9942 131.535
34.0028 131.458
33.9764 131.396
34.0339 131.398
33.9939 131.359
33.9206 131.267
33.9883 131.131
34.0403 131.033
33.915 130.915
33.9372 130.878
33.9803 130.906
34.0992 130.859
34.1689 130.925
34.3275 130.887
34.3564 130.95
34.3666 131.012
34.3917 131
34.39 130.934
34.4253 130.965
34.3656 131.157
34.4025 131.17
34.4308 131.225
34.3689 131.208
34.4172 131.4
34.6033 131.555
34.8111 131.978
34.9975 132.202
35.1153 132.384
35.2011 132.468
35.2864 132.639
35.3658 132.681
35.41 132.629
35.4405 132.681
35.5422 133.046
35.5833 133.094
35.5544 133.244
35.5647 133.324
35.5339 133.251
35.4855 133.266
35.4516 133.328
35.4464 133.415
35.5042 133.514
35.5167 133.596
35.4914 133.868
35.5769 134.309
35.6422 134.58
35.6333 134.9
35.7525 135.168
35.7622 135.222
35.6911 135.304
35.5456 135.208
35.5594 135.258
35.5344 135.244
35.5089 135.325
35.4394 135.313
35.4761 135.402
35.5247 135.346
35.5458 135.351
35.588 135.461
35.5225 135.474
35.4914 135.573
35.5355 135.661
35.4911 135.64
35.4764 135.714
35.5 135.753
35.5369 135.697
35.5567 135.723
35.5183 135.804
35.5736 135.85
35.633 135.822
35.6119 135.968
35.7061 135.964
35.7422 136.018
35.7028 136.048
35.6694 136.035
35.6486 136.073
35.7628 136.099
35.9572 135.961
36.0905 136.036
36.3292 136.305
36.3697 136.382
36.6558 136.649
36.8314 136.752
36.9653 136.768
37.1364 136.68
37.3219 136.736
37.3736 136.822
37.5197 137.261
37.5147 137.34
37.4425 137.361
37.4192 137.266
37.3736 137.24
37.3314 137.273
37.2861 137.236
37.2839 137.134
37.1819 137.037
37.2158 136.932
37.0655 136.872
37.0911 137.051
36.9244 137.034
36.8561 136.99
36.7833 137.07
36.7478 137.281
36.7897 137.385
36.9161 137.432
37.0961 137.997
37.353 138.518
37.3794 138.564
37.5803 138.74
37.7705 138.812
37.8689 138.919
37.9939 139.236
38.1517 139.424
38.5553 139.552
38.7853 139.762
39.1597 139.904
39.2622 139.918
39.3319 140.002
39.5228 140.062
39.7791 140.047
39.8536 139.998
39.8897 139.932
39.8575 139.761
39.9614 139.7
39.9942 139.707
39.958 139.805
39.9658 139.854
40.0208 139.92
40.2044 140.022
40.3189 140.025
40.408 139.94
40.5072 139.945
40.5536 139.923
40.5855 139.855
40.6505 139.922
40.7469 140.025
40.7716 140.219
40.8067 140.269
41.0111 140.322
40.98 140.378
41.0817 140.326
41.1247 140.264
41.1347 140.321
41.2414 140.338
41.2289 140.396
41.1814 140.461
41.2205 140.552
41.1864 140.634
40.9255 140.661
40.8519 140.697
40.8214 140.75
40.8303 140.816
40.8905 140.872
40.975 140.869
40.9822 140.928
40.8605 141.116
40.8692 141.159
40.9911 141.233
41.1497 141.279
41.23 141.229
41.2617 141.18
41.1772 141.063
41.1539 140.867
41.1228 140.806
41.1386 140.774
41.2333 140.776
41.5236 140.909
41.4705 141.087
41.4344 141.141
41.3622 141.209
41.3397 141.301
41.3683 141.407
41.4097 141.454
41.3875 141.474
41.0969 141.394
40.5986 141.459
40.5272 141.511
40.5303 141.583
40.2672 141.82
40.22 141.841
40.1866 141.806
40.1455 141.875
40.0883 141.834
40.0053 141.907
39.9916 141.947
39.6528 141.979
39.5914 141.954
39.6403 142.023
39.5466 142.07
39.4614 141.956
39.4425 141.992
39.4778 142.041
39.4225 142.038
39.3833 141.945
39.3247 141.907
39.3453 141.982
39.3111 141.977
39.2708 141.9
39.2253 141.952
39.198 141.874
39.1778 141.925
39.1469 141.846
39.1044 141.918
39.0519 141.819
39.0208 141.851
39.03 141.728
38.9555 141.734
38.9436 141.706
38.9933 141.689
38.9933 141.633
38.8511 141.661
38.8855 141.608
38.8736 141.581
38.8178 141.593
38.7747 141.523
38.7147 141.567
38.6653 141.462
38.6378 141.502
38.6314 141.536
38.5686 141.464
38.528 141.542
38.4786 141.539
38.4622 141.493
38.403 141.475
38.3586 141.527
38.2664 141.526
38.338 141.426
38.3792 141.426
38.3769 141.192
38.3139 141.173
38.3644 141.096
38.3178 141.044
38.3003 141.083
38.2042 140.983
38.0336 140.923
37.8122 140.948
37.65 141.024
37.375 141.039
36.9878 140.975
36.9361 140.931
36.9033 140.827
36.5305 140.637
36.4216 140.606
36.3689 140.625
36.2475 140.566
36.0944 140.593
35.6889 140.857
35.675 140.681
35.5961 140.546
35.5039 140.451
35.3853 140.398
35.2339 140.416
35.1314 140.335
35.0153 140.002
34.9128 139.957
34.89 139.864
34.9494 139.774
34.9939 139.867
35.1541 139.824
35.2144 139.879
35.2789 139.849
35.2989 139.781
35.3414 139.906
35.4092 139.908
35.5344 140.102
35.5647 140.11
35.6519 140.009
35.6553 139.932
35.6197 139.896
35.6333 139.777
35.5603 139.76
35.515 139.786
35.4589 139.645
35.4069 139.692
35.3897 139.636
35.2703 139.677
35.2536 139.746
35.1391 139.681
35.1267 139.621
35.2719 139.572
35.3041 139.449
35.2894 139.284
35.24 139.176
35.185 139.141
35.1339 139.159
35.1297 139.128
35.0572 139.088
34.9289 139.151
34.8747 139.139
34.7256 139.001
34.6378 138.934
34.5939 138.853
34.6217 138.796
34.6844 138.745
34.9955 138.781
35.0089 138.894
35.0339 138.907
35.11 138.782
35.1244 138.71
35.0947 138.574
34.9867 138.504
34.9808 138.533
34.9017 138.367
34.8517 138.33
34.8067 138.342
34.6661 138.205
34.6161 138.201
34.5819 138.226
34.6522 137.982
34.6536 137.658
34.6555 137.472
34.5647 137.036
34.5783 137.024
34.64 137.07
34.6525 137.178
34.7091 137.345
34.7705 137.321
34.798 137.224
34.7572 137.05
34.8069 136.989
34.9194 136.98
34.8467 136.929
34.775 136.917
34.6883 136.974
34.7142 136.89
34.7467 136.847
34.8106 136.867
34.8867 136.825
34.945 136.832
35.0691 136.897
35.02 136.714
34.975 136.654
34.8542 136.64
34.7464 136.537
34.6925 136.519
34.6008 136.536
34.4764 136.858
34.4317 136.917
34.3794 136.896
34.2736 136.902
34.2442 136.853
34.2566 136.774
34.27 136.779
34.273 136.846
34.3031 136.855
34.2861 136.703
34.3256 136.726
34.3333 136.678
34.2569 136.607
34.2705 136.521
34.2247 136.509
34.1728 136.322
34.1381 136.291
34.1003 136.317
34.0786 136.285
34.1036 136.254
34.0703 136.217
33.9817 136.278
33.8708 136.104
33.5928 135.935
33.5414 135.919
33.4275 135.763
180.0 180.0
34.2947 129.34
34.3558 129.351
34.3414 129.247
34.5244 129.335
34.5569 129.3
34.6339 129.335
34.6286 129.385
34.6854 129.473
34.628 129.5
34.6161 129.45
34.5792 129.485
34.4522 129.403
34.3872 129.37
34.3225 129.38
34.2947 129.34
180.0 180.0
34.1847 134.755
34.2597 134.667
34.2969 134.667
34.58 134.973
34.575 135.028
34.5305 135
34.418 134.909
34.3211 134.917
34.2755 134.953
34.1972 134.822
34.1847 134.755
180.0 180.0
28.1153 129.376
28.1783 129.28
28.2211 129.274
28.235 129.158
28.255 129.224
28.2453 129.259
28.2756 129.29
28.2942 129.232
28.3631 129.332
28.3903 129.457
28.4977 129.691
28.4356 129.718
28.2494 129.423
28.2114 129.465
28.1153 129.376
180.0 180.0
32.6939 130.592
32.795 130.602
32.9192 130.431
33.0531 130.428
33.1033 130.383
33.1817 130.217
33.0936 130.118
32.9494 130.218
32.8511 130.096
32.8353 130.13
32.8672 130.301
32.8486 130.334
32.7664 130.377
32.6541 130.333
32.5903 130.169
32.6736 130.131
32.6808 130.164
32.7286 130.203
32.7858 130.168
32.7433 129.945
32.6405 129.893
32.5611 129.746
32.5992 129.787
32.7164 129.859
32.8122 129.771
32.7925 129.732
32.9619 129.634
33.08 129.682
33.0678 129.727
33.0061 129.773
32.9794 129.821
32.9105 129.833
32.9372 129.795
32.8786 129.804
32.8305 130.008
33.0128 129.927
33.0805 129.738
33.1342 129.76
33.0964 129.665
33.1583 129.67
33.2072 129.564
33.3114 129.575
33.3689 129.602
33.3386 129.702
33.3586 129.764
33.3289 129.805
33.28 129.853
33.3855 129.878
33.4378 129.798
33.4683 129.814
33.4383 129.867
33.5389 129.864
33.5036 129.967
33.4669 129.953
33.4478 130.028
33.5439 130.169
33.5411 130.115
33.58 130.098
33.655 130.218
33.61 130.243
33.5828 130.363
33.6255 130.415
33.6655 130.417
33.6455 130.363
33.6544 130.338
33.7297 130.464
33.8097 130.457
33.9364 130.704
33.8803 130.902
33.9508 130.997
33.938 131.015
33.8106 130.956
33.6125 131.096
33.5936 131.222
33.5681 131.423
33.6625 131.508
33.6725 131.562
33.6475 131.67
33.5372 131.741
33.4139 131.701
33.3405 131.578
33.3553 131.523
33.3317 131.5
33.2614 131.519
33.2455 131.579
33.2511 131.902
33.1119 131.818
33.115 131.911
33.065 131.875
33.0811 131.949
33.0425 132.012
33.0347 131.936
32.9753 131.899
32.9458 131.932
32.9258 132.072
32.8228 131.951
32.8161 132.002
32.7861 131.944
32.5805 131.735
32.5819 131.697
32.5164 131.684
32.4872 131.732
32.4628 131.709
32.4576 131.656
32.4178 131.668
32.385 131.629
31.8806 131.447
31.7947 131.493
31.6805 131.461
31.5533 131.383
31.4894 131.397
31.3667 131.328
31.3828 131.248
31.4608 131.2
31.4417 131.06
31.3519 131.003
31.3419 131.057
31.3069 131.11
31.1203 130.943
30.9967 130.666
31.073 130.677
31.1239 130.742
31.3183 130.798
31.5406 130.696
31.5667 130.602
31.5914 130.604
31.6203 130.672
31.6036 130.717
31.5586 130.718
31.5533 130.751
31.6047 130.796
31.6928 130.803
31.725 130.671
31.6714 130.607
31.4542 130.514
31.3242 130.564
31.2603 130.665
31.1789 130.635
31.1564 130.578
31.2342 130.48
31.2461 130.234
31.2717 130.228
31.4058 130.12
31.4242 130.165
31.3808 130.224
31.4622 130.309
31.6333 130.334
31.7658 130.178
31.8525 130.193
31.9211 130.209
32.0069 130.162
32.0619 130.197
32.0861 130.176
32.1247 130.21
32.1025 130.269
32.4425 130.57
32.5586 130.57
32.6072 130.651
32.6475 130.658
32.6186 130.474
32.6336 130.456
32.6939 130.592
180.0 180.0
41.3975 140.202
41.4192 140.07
41.5411 139.987
41.6628 140.005
41.8858 140.144
41.9814 140.139
42.0908 140.049
42.2147 139.815
42.2958 139.769
42.4678 139.845
42.5967 139.829
42.6536 139.863
42.7428 140.129
42.8133 140.181
42.7547 140.265
42.773 140.312
42.8814 140.369
43.0005 140.529
43.1505 140.422
43.1897 140.347
43.2355 140.321
43.3189 140.358
43.3675 140.475
43.1886 140.796
43.2275 141.012
43.1805 141.006
43.1378 141.159
43.1453 141.217
43.2491 141.367
43.3217 141.425
43.405 141.435
43.5336 141.353
43.5789 141.387
43.6961 141.335
43.7797 141.376
43.8839 141.603
43.9947 141.663
44.2947 141.651
44.4172 141.745
44.6678 141.798
44.8503 141.766
45.1842 141.576
45.305 141.616
45.343 141.652
45.4058 141.634
45.44 141.651
45.4361 141.682
45.4017 141.691
45.4167 141.814
45.5055 141.959
45.3844 142.069
45.2058 142.311
44.8094 142.71
44.505 143.101
44.2192 143.659
44.185 143.776
44.1819 143.679
44.0972 143.764
44.0928 143.932
44.1322 143.997
44.1125 144.163
44.095 144.172
44.0847 144.126
44.0291 144.106
44.0147 144.149
44.1166 144.24
44.1158 144.258
44.0003 144.312
43.9597 144.352
43.9178 144.618
43.9125 144.773
44.0456 144.957
44.3414 145.329
44.28 145.374
44.1853 145.333
43.8955 145.11
43.7589 145.07
43.3256 145.355
43.2925 145.383
43.3422 145.277
43.315 145.256
43.2308 145.507
43.338 145.586
43.3911 145.752
43.3736 145.818
43.3061 145.684
43.2678 145.578
43.1617 145.527
43.1644 145.296
43.1267 145.137
43.0958 145.118
43.0417 145.107
42.9736 144.927
42.9975 144.848
43.0361 144.837
43.0447 144.799
42.9908 144.735
42.9303 144.779
42.9291 144.479
42.955 144.379
42.9958 144.355
42.9597 144.148
42.8492 143.893
42.4369 143.431
42.2939 143.334
42.0428 143.317
41.9253 143.246
42.1236 142.867
42.3408 142.314
42.5878 141.848
42.6161 141.659
42.5725 141.445
42.3705 141.07
42.2953 140.993
42.308 140.939
42.33 140.937
42.415 140.902
42.5447 140.762
42.575 140.695
42.5775 140.499
42.5678 140.462
42.4486 140.339
42.345 140.285
42.2675 140.28
42.2372 140.303
42.1083 140.535
42.1261 140.72
41.7889 141.178
41.7075 141.012
41.7389 140.711
41.7733 140.717
41.8041 140.728
41.8261 140.676
41.8108 140.635
41.7341 140.603
41.6797 140.45
41.6055 140.432
41.5397 140.444
41.3975 140.202
180.0 180.0
32.7094 132.999
32.7667 132.942
32.75 132.642
32.8339 132.661
32.88 132.712
32.905 132.716
32.89 132.502
32.9272 132.489
33.0242 132.486
33.1058 132.451
33.1608 132.458
33.2403 132.532
33.2453 132.477
33.2958 132.515
33.3047 132.382
33.4422 132.417
33.4561 132.317
33.3497 132.033
33.6103 132.492
33.67 132.635
33.7522 132.696
33.8725 132.706
33.8955 132.759
33.9878 132.777
34.0875 132.923
34.1261 132.935
34.0272 133.036
33.9558 133.065
33.9125 133.143
33.9789 133.404
33.9614 133.524
34.0478 133.623
34.1369 133.646
34.195 133.638
34.2453 133.562
34.2325 133.656
34.2481 133.733
34.3755 133.931
34.3367 134.081
34.3853 134.129
34.3789 134.16
34.3278 134.158
34.3378 134.262
34.2881 134.259
34.2053 134.442
34.1872 134.61
34.1631 134.639
34.0649 134.604
33.9903 134.601
33.935 134.693
33.8983 134.699
33.8397 134.645
33.8261 134.753
33.6342 134.396
33.3905 134.225
33.2383 134.188
33.4742 133.925
33.5169 133.744
33.5053 133.61
33.3269 133.255
33.1428 133.227
33.1497 133.196
33.0033 133.021
32.8186 132.964
32.7422 133.025
32.7094 132.999
180.0 180.0
37.7936 138.248
37.8094 138.211
37.9366 138.328
37.9764 138.334
37.9986 138.295
37.9669 138.252
38.0066 138.23
38.1611 138.305
38.3086 138.467
38.3039 138.517
38.2812 138.511
38.0592 138.449
38.08 138.546
38.0678 138.58
37.918 138.512
37.8236 138.376
37.7936 138.248
180.0 180.0
32.1944 129.986
32.2455 130.009
32.2408 129.955
32.2853 130.003
32.3555 129.971
32.4983 130.027
32.5436 130.15
32.4883 130.197
32.3411 130.21
32.195 130.03
32.1944 129.986
180.0 180.0
30.2389 130.57
30.2475 130.452
30.3719 130.382
30.455 130.474
30.4429 130.523
30.3853 130.661
30.2878 130.649
30.2389 130.57
180.0 180.0
30.355 130.879
30.438 130.863
30.7894 131.008
30.8228 131.074
30.7014 131.077
30.3906 130.97
30.355 130.879
180.0 180.0
32.5867 128.773
32.6117 128.61
32.6611 128.619
32.6963 128.652
32.7714 128.648
32.7747 128.692
32.7794 128.775
32.7997 128.805
32.6483 128.902
32.6428 128.776
32.5867 128.773
180.0 180.0
26.0789 127.684
26.083 127.653
26.2522 127.687
26.3069 127.744
26.4286 127.716
26.5444 127.959
26.5944 127.951
26.6158 127.878
26.6903 127.877
26.6842 127.994
26.6414 127.988
26.6425 128.067
26.855 128.288
26.8119 128.329
26.7053 128.309
26.6286 128.24
26.5883 128.132
26.5567 128.143
26.4364 127.85
26.4142 127.837
26.31 127.917
26.3086 127.819
26.1964 127.764
26.1872 127.818
26.1197 127.78
26.0789 127.684
180.0 180.0
9.13038e-315 8.48311e-321
