CIC_MPM_VERS = 1.0
COMMENT Generated by Spacebel CCSDS library
CREATION_DATE = 2017-02-24T16:25:01.588218
ORIGINATOR = SVG² Control

META_START

USER_DEFINED_PROTOCOL = NONE
USER_DEFINED_CONTENT = REGION OF INTEREST
USER_DEFINED_SIZE = 2
USER_DEFINED_TYPE = REAL
USER_DEFINED_UNIT = [deg]

META_STOP

31.9856 35.0009
32.1325 34.9858
32.4705 35.08
32.5519 35.2228
32.5008 35.4122
32.4161 35.4322
32.3938 35.5529
32.4411 35.5633
32.5214 35.5541
32.6519 35.5636
32.6865 35.6334
32.7441 35.7936
32.6992 35.94
32.5389 36.0803
32.4511 36.325
32.3819 36.4003
32.3436 36.6747
32.3136 36.8378
32.4703 37.0986
32.618 37.3675
32.7639 37.6361
32.9094 37.9064
33.0539 38.1778
33.1975 38.4497
33.3405 38.7228
33.3772 38.7946
33.3717 38.7975
33.1447 38.8997
32.9178 39.0014
32.6917 39.1022
32.4644 39.2028
32.2373 39.3031
32.2166 39.2758
32.0056 39.005
31.9706 38.8608
31.9053 38.5944
31.8394 38.3283
31.7731 38.0625
31.7072 37.7989
31.6406 37.5339
31.5733 37.2694
31.5056 37.0053
31.4133 37.098
31.1861 37.3264
30.9603 37.5519
30.7322 37.7769
30.5042 38.0014
30.4686 37.9308
30.3364 37.6675
30.2403 37.62
30.018 37.5105
29.9592 37.2622
29.9122 37.0028
29.8647 36.7436
29.798 36.6986
29.5753 36.5492
29.3772 36.328
29.1889 36.07
29.2019 35.9889
29.2425 35.7325
29.2825 35.4758
29.3219 35.2189
29.3624 34.961
29.365 34.9608
29.5308 35.005
29.5446 34.9814
29.5461 34.98
29.5511 34.9619
29.5625 34.9655
29.5855 34.9734
30.1517 35.1669
30.2397 35.1405
30.3669 35.1819
30.4157 35.1573
30.5678 35.2003
30.7186 35.2847
30.8869 35.3378
30.9433 35.3922
31.0893 35.4418
31.1494 35.4622
31.2347 35.4172
31.2683 35.3994
31.3232 35.4319
31.3806 35.4658
31.4978 35.4786
31.4917 35.3959
31.4917 35.3947
31.4392 35.3203
31.3619 35.1386
31.3636 34.9041
31.4047 34.8844
31.5947 34.9536
31.6581 35.0203
31.7478 35.2264
31.8083 35.22
31.8334 35.1089
31.8247 34.9711
31.8589 34.9633
31.8839 35.0305
31.9856 35.0009
