CIC_MPM_VERS = 1.0
COMMENT Generated by Spacebel CCSDS library
CREATION_DATE = 2017-02-24T16:25:01.676219
ORIGINATOR = SVG² Control

META_START

USER_DEFINED_PROTOCOL = NONE
USER_DEFINED_CONTENT = REGION OF INTEREST
USER_DEFINED_SIZE = 2
USER_DEFINED_TYPE = REAL
USER_DEFINED_UNIT = [deg]

META_STOP

44.2263 61.1367
44.2068 61.1345
44.2173 61.1147
44.3816 61.0497
44.3433 61.0272
44.2445 61.0634
44.2737 61.0086
44.3336 60.9797
44.3222 60.9516
44.2972 60.9733
44.2926 60.9731
45.5138 58.6757
45.5643 58.5691
45.5707 58.5714
45.5683 58.5606
45.0031 55.9972
43.1647 55.9978
41.3255 55.9985
41.3336 55.9039
41.29 55.8122
41.2922 55.7289
41.2672 55.6525
41.2622 55.5375
41.2867 55.4569
41.3872 55.3947
41.4397 55.2892
41.4847 55.2433
41.6581 55.1208
41.8022 54.9717
41.8292 54.9567
41.9125 54.9567
42.0589 54.7611
42.2353 54.3653
42.3325 54.1986
42.3486 53.9956
42.2892 53.6631
42.2714 53.4628
42.2297 53.2989
42.1389 53.015
42.0967 52.9281
41.7445 52.4433
41.7558 52.4305
41.9142 52.4922
42.003 52.4283
42.1236 52.418
42.3353 52.5947
42.5564 52.6817
42.625 52.6561
42.6836 52.5994
42.5817 52.7158
42.6511 52.7467
42.7183 52.7308
42.7692 52.6328
42.8078 52.5472
42.8311 52.3775
42.7861 52.2725
42.8758 52.1969
42.8842 52.1372
42.8355 51.9356
42.8591 51.8786
43.0322 51.7697
43.1044 51.6689
43.1592 51.6778
43.1853 51.6475
43.1444 51.2947
43.1631 51.2622
43.2611 51.2983
43.4497 51.3158
43.5772 51.2422
43.6197 51.1461
43.6703 51.1067
43.9139 50.9836
44.0344 50.8506
44.0975 50.8614
44.2083 50.8233
44.2678 50.6622
44.2905 50.4139
44.3689 50.2314
44.5733 50.2244
44.6586 50.3155
44.6142 50.67
44.6333 50.8106
44.6053 50.9144
44.5305 50.9953
44.4794 51.14
44.4861 51.2075
44.518 51.2503
44.5533 51.3775
44.5169 51.38
44.5139 51.5703
44.5342 51.5705
44.6091 51.4272
44.5994 51.2975
44.655 51.2678
44.8619 50.953
44.9439 50.973
44.978 50.9658
45.06 51.1828
45.0255 51.2828
45.1117 51.2475
45.3844 51.4147
45.3322 51.5061
45.3511 51.6244
45.45 51.7558
45.393 51.8586
45.4036 52.37
45.3114 52.9155
45.3353 53.2353
45.52 52.7436
45.6469 52.7478
45.9267 53.0353
46.0335 53.0759
46.3172 53.1642
46.4425 53.103
46.5086 53.08
46.4825 52.9972
46.53 53.0069
46.6466 53.2072
46.715 53.1941
46.7225 53.1292
46.8514 53.0828
46.9636 52.8969
46.9461 52.6461
46.9844 52.5417
46.9894 52.4314
46.8864 52.3553
46.8686 52.1758
46.8317 52.235
46.8025 52.24
46.8239 52.0697
46.9036 52.0019
46.9353 52.0044
46.8755 51.9441
46.8911 51.8547
46.9339 51.8908
46.9019 51.7853
46.9544 51.683
47.0489 51.6911
47.0539 51.6494
46.9825 51.5978
47.0553 51.5269
47.1153 51.1983
47.0686 51.0105
47.0128 50.9005
47.0336 50.8405
46.9083 50.7583
46.9147 50.7325
46.9697 50.7553
46.9283 50.6067
46.853 50.6036
46.8236 50.5578
46.9011 50.4303
46.7166 50.218
46.7575 50.1922
46.7019 50.1114
46.6253 49.9633
46.5319 49.8122
46.563 49.7689
46.5308 49.7525
46.5756 49.6175
46.5192 49.62
46.5609 49.4831
46.5883 49.4672
46.4928 49.5014
46.58 49.2972
46.4747 49.393
46.5178 49.2786
46.425 49.3653
46.3889 49.3605
46.4303 49.3003
46.4669 49.2197
46.3894 49.2864
46.4064 49.1686
46.3659 49.1967
46.4031 49.0636
46.4892 48.9181
46.4817 48.8392
46.5583 48.7403
46.565 48.5606
46.5964 48.5811
46.6317 48.5578
46.6669 48.4783
46.7361 48.5133
46.7697 48.5894
46.7597 48.7106
46.6908 48.7653
46.7042 48.9414
46.7761 49.0272
47.0983 48.7211
47.4172 48.5472
47.4369 48.4439
47.5878 48.2986
47.6747 48.2408
47.7714 48.0961
47.7825 47.9189
47.7658 47.6914
47.7831 47.6256
47.8428 47.4275
47.8317 47.4131
47.6861 47.3903
47.8139 47.1414
47.8347 47.1386
47.8742 47.1828
47.9961 47.0625
48.0186 47.1378
48.0708 47.215
48.0872 47.1994
48.1022 47.1222
48.17 47.1383
48.21 47.0964
48.2486 47.1353
48.2717 47.1228
48.4175 46.4992
48.9367 46.7789
49.0131 46.9544
49.0986 47.0403
49.1428 47.0628
49.2028 47.0575
49.2361 47.0261
49.3228 46.8683
49.3397 46.7958
49.8636 46.9294
49.9008 47.0092
49.9442 47.1883
50.0319 47.3025
50.0903 47.3567
50.1356 47.3358
50.1822 47.2806
50.2419 47.3428
50.2944 47.3167
50.3319 47.4161
50.3749 47.4465
50.4364 47.5208
50.4608 47.5997
50.4547 47.6344
50.3983 47.6956
50.3753 47.7608
50.3422 47.7814
50.3286 47.8289
50.28 47.88
50.2456 47.9469
50.1875 48.0169
50.1472 48.0347
50.0986 48.1106
50.0661 48.1319
50.0086 48.1397
49.9661 48.1656
49.9089 48.2489
49.8731 48.2458
49.8789 48.3322
49.8333 48.3767
49.8375 48.4078
49.8169 48.4508
49.8497 48.4978
49.9558 48.8283
50.0342 48.9169
50.1017 48.8797
50.1236 48.7911
50.1942 48.8111
50.2728 48.7467
50.4856 48.695
50.5919 48.6975
50.6225 48.5956
50.6519 48.5986
50.6553 48.6333
50.6083 48.7394
50.5967 48.8303
50.6881 49.0308
50.7928 49.1583
50.81 49.3011
50.8514 49.4258
50.87 49.4422
50.9058 49.4408
50.9797 49.3644
51.0433 49.4161
51.0847 49.4214
51.1242 49.4619
51.1086 49.5461
51.1103 49.8042
51.2261 49.9681
51.2753 50.2575
51.3169 50.3633
51.3322 50.3728
51.3781 50.3544
51.3997 50.3972
51.4253 50.3847
51.4328 50.4822
51.4589 50.4947
51.4686 50.5489
51.5672 50.5436
51.5897 50.5947
51.64 50.6028
51.6225 50.7175
51.5731 50.6828
51.5764 50.7828
51.5917 50.8106
51.6481 50.8136
51.7197 50.7586
51.7677 50.7728
51.7514 50.8633
51.6889 50.9389
51.6767 51.1817
51.6942 51.2581
51.6481 51.3025
51.6383 51.39
51.6144 51.4033
51.5689 51.3914
51.5506 51.2589
51.5322 51.2581
51.5153 51.2872
51.4797 51.3031
51.4692 51.4372
51.4928 51.525
51.545 51.5911
51.5286 51.6494
51.4697 51.65
51.4547 51.6819
51.5 51.8033
51.5944 51.7806
51.6736 51.8742
51.6872 51.9258
51.6636 52.0206
51.6642 52.1058
51.6786 52.1372
51.7289 52.1775
51.7331 52.2969
51.7789 52.3133
51.7811 52.3469
51.68 52.3869
51.5914 52.4703
51.5103 52.5014
51.4644 52.5831
51.4672 52.6472
51.4528 52.6778
51.5042 52.7697
51.485 52.8222
51.4875 52.8853
51.4606 52.8881
51.4486 52.9439
51.4917 53.0483
51.4825 53.1483
51.5147 53.1556
51.4919 53.2081
51.4864 53.2944
51.5067 53.3567
51.4917 53.4286
51.4508 53.4714
51.3931 53.6386
51.3725 53.6372
51.3606 53.5958
51.3411 53.6197
51.2989 53.6133
51.2672 53.6614
51.2275 53.6783
51.2156 53.8061
51.1917 53.8767
51.1931 53.9572
51.1603 54.0203
51.1228 54.0419
51.1061 54.1331
51.0292 54.1725
50.9983 54.1672
50.9669 54.2044
50.9456 54.2667
50.9075 54.3014
50.8894 54.4206
50.8569 54.5064
50.8281 54.5039
50.7653 54.4381
50.7081 54.4392
50.6314 54.3975
50.5633 54.4436
50.5307 54.5207
50.5436 54.6103
50.6131 54.7031
50.7219 54.6583
50.7839 54.6761
50.8189 54.6483
50.8739 54.6739
50.9075 54.6275
50.9314 54.5194
50.9572 54.5667
51.0006 54.5453
51.0175 54.5647
51.0369 54.6472
51.0322 54.705
50.9833 54.8289
50.9036 54.9481
50.9003 55.0681
50.8853 55.0883
50.8283 55.0753
50.73 55.2314
50.6519 55.37
50.6692 55.4436
50.6617 55.4978
50.6056 55.545
50.5975 55.5942
50.5572 55.6383
50.5328 55.7014
50.5914 55.7797
50.6397 55.9314
50.7392 56.1161
50.9164 56.1781
50.8886 56.3217
50.9017 56.3561
50.9581 56.3731
50.9781 56.4533
51.035 56.4392
51.0817 56.5033
51.0747 56.53
50.9858 56.6261
50.9778 56.7292
51.0564 56.7003
51.0908 56.7744
51.0583 56.8733
51.0758 57.0997
51.1086 57.1864
51.0247 57.2189
51.0064 57.2975
50.9075 57.3508
50.8647 57.4819
50.8758 57.5161
50.915 57.5431
50.9256 57.5692
50.9039 57.7153
50.9136 57.7419
50.9642 57.7606
51.0725 57.7497
51.12 57.7944
51.0969 57.8608
51.0969 57.9233
51.0747 57.9522
51.085 58.0028
51.0944 58.0758
51.0622 58.1097
51.0544 58.1722
51.0628 58.1919
51.1158 58.2153
51.1584 58.3373
51.1153 58.3911
51.0794 58.3908
51.0725 58.5433
51.0467 58.6014
50.9886 58.6244
50.9153 58.5656
50.8661 58.5967
50.8725 58.6644
50.805 58.6656
50.7958 58.7833
50.7433 58.8086
50.7014 58.8928
50.6831 58.9403
50.6683 59.2347
50.6203 59.2889
50.6353 59.3469
50.6294 59.4925
50.5964 59.5272
50.5844 59.5864
50.5564 59.5758
50.5597 59.4997
50.5325 59.4664
50.4783 59.5425
50.5339 59.6508
50.5472 59.8197
50.6194 59.8703
50.6892 59.9464
50.7625 59.9386
50.8383 59.9844
50.8633 60.0436
50.8633 60.1158
50.8458 60.1653
50.7753 60.1703
50.7181 60.2428
50.6925 60.3122
50.6617 60.6981
50.6625 60.7789
50.7836 61.3814
50.8031 61.4267
50.8731 61.4617
51.2156 61.5492
51.2414 61.5856
51.2683 61.6819
51.3031 61.5817
51.4287 61.4987
51.4317 61.4217
51.4578 61.3558
51.4469 61.3031
51.4819 61.0161
51.4975 60.9772
51.5553 60.9344
51.5872 60.9267
51.62 60.9444
51.6272 60.5278
51.6558 60.5194
51.6725 60.3867
51.6956 60.3736
51.7378 60.4617
51.7661 60.4644
51.7861 60.4989
51.8019 60.4967
51.8314 60.3161
51.9 60.1675
51.8956 60.1439
51.8686 60.1481
51.8633 60.1344
51.8736 60.0644
51.9583 60.0022
52.0014 60.0233
51.9992 60.2231
52.1547 60.4867
52.1569 60.7153
52.2203 60.7825
52.2572 60.9092
52.3108 60.9817
52.3425 61.0619
52.4131 60.9786
52.495 60.9708
52.53 60.8347
52.6358 60.8347
52.6375 60.7358
52.6556 60.7325
52.6808 60.6942
52.7192 60.7011
52.7497 60.7317
52.7819 60.8583
52.8194 60.8781
52.9297 61.0806
52.9789 60.9967
52.9828 61.1086
53.0219 61.2033
52.9933 61.3092
52.9928 61.3758
53.0297 61.4628
52.9528 61.6206
52.9828 61.6853
52.9867 61.8625
52.9375 61.9672
52.9783 62.1019
53.0744 62.1447
53.125 62.1047
53.1808 61.7811
53.255 61.6756
53.2156 61.5381
53.2739 61.3903
53.2792 61.2786
53.2994 61.1956
53.3622 61.1528
53.3894 61.1619
53.4558 61.2378
53.5069 61.2419
53.5119 61.3119
53.4525 61.3828
53.4433 61.4344
53.4872 61.5008
53.5133 61.5775
53.5933 61.5389
53.5928 61.3953
53.5483 61.3439
53.5747 61.1481
53.6169 61.0942
53.6244 60.9011
53.6569 60.9022
53.6614 60.9175
53.6606 60.9772
53.6392 61.0106
53.6433 61.0597
53.7108 61.0742
53.7222 61.1347
53.7697 61.1686
53.8119 61.2269
53.8342 61.2242
53.8472 61.15
53.8833 61.1186
53.8897 61.0006
53.9044 60.9911
53.9394 61.0042
53.9578 61.0433
53.9594 61.1667
53.9236 61.1864
53.9125 61.215
53.9283 61.2467
53.9512 61.2519
54.0258 61.2156
54.0333 61.3033
54.0692 61.3261
54.065 61.4508
54.0156 61.4867
54.0025 61.5728
53.9567 61.5842
53.9594 61.6314
54.0019 61.6422
53.9881 61.7739
54.0083 61.8147
53.9983 61.8456
53.9517 61.8553
53.9397 62.0258
54.025 62.0247
54.0217 62.3356
54.04 62.4578
54.0022 62.4703
53.9667 62.4017
53.9467 62.4136
53.8797 62.5358
53.8969 62.5742
53.9292 62.5481
53.9775 62.6089
54.0331 62.5656
54.0764 62.6447
54.0828 62.7836
54.1086 62.8339
54.0858 62.9139
54.1011 63.0125
54.0956 63.11
54.1142 63.1489
54.1689 63.1322
54.1806 63.1478
54.1825 63.3258
54.1744 63.4136
54.2086 63.4844
54.2064 63.5625
54.26 63.7369
54.2442 63.8061
54.1964 63.9018
54.2378 64.02
54.2806 63.98
54.3111 63.9928
54.2981 64.0492
54.3183 64.0853
54.3192 64.2019
54.3486 64.3031
54.3417 64.4114
54.3708 64.4769
54.3656 64.5475
54.3941 64.6022
54.3569 64.6653
54.3411 64.7378
54.4042 64.8997
54.4092 64.9578
54.3856 65.0147
54.3156 65.1061
54.3189 65.2164
54.3481 65.2406
54.4614 65.2011
54.4803 65.2247
54.5278 65.2186
54.5694 65.3556
54.5628 65.4756
54.5775 65.4853
54.6153 65.4611
54.6381 65.4833
54.6014 65.7575
54.6167 65.7906
54.6847 65.8444
54.7136 65.9669
54.6175 65.9911
54.6455 66.1105
54.7231 66.4953
54.7269 66.7228
54.7667 66.8089
54.7725 67.0153
54.7964 67.0775
54.8067 67.2456
54.8675 67.3228
54.8506 67.4011
54.8647 67.4758
54.8544 67.5814
54.8919 67.7664
54.9633 67.8322
54.9825 67.9244
54.9503 68.0344
54.9661 68.2053
54.9997 68.2125
55.0119 68.25
55.0489 68.2594
55.0569 68.3236
55.0806 68.3308
55.1047 68.2444
55.1389 68.2103
55.1619 68.2297
55.1783 68.1997
55.2053 68.3045
55.1906 68.3131
55.1875 68.3575
55.2042 68.3889
55.1906 68.5003
55.2119 68.5683
55.2019 68.6258
55.2231 68.6425
55.2556 68.6389
55.2867 68.705
55.3333 68.7003
55.3661 68.7247
55.3506 68.855
55.3358 68.8931
55.2861 68.9333
55.2875 69.0025
55.3536 69.0011
55.3703 68.9394
55.4242 68.9233
55.4447 68.9525
55.4006 69.1683
55.3439 69.1856
55.3325 69.2328
55.3944 69.3514
55.3575 69.4911
55.3544 69.6728
55.295 69.8461
55.2042 69.9492
55.2078 70.0558
55.1389 70.2389
55.1872 70.2881
55.2092 70.3983
55.2614 70.4219
55.2972 70.4703
55.2764 70.5783
55.3136 70.6792
55.3189 70.7981
55.3019 70.8433
55.2508 70.8033
55.0958 70.9978
55.0242 70.9964
54.9758 70.9758
54.9556 70.9997
54.8931 70.9683
54.8494 71.025
54.7975 71.0131
54.7361 71.1053
54.7339 71.2275
54.6903 71.2789
54.6342 71.2883
54.5956 71.1603
54.4836 71.1672
54.4714 71.1958
54.4194 71.1886
54.4103 71.2217
54.3258 71.2136
54.3175 71.125
54.3392 71.0864
54.3392 70.9969
54.2781 70.9978
54.2708 71.075
54.21 71.0794
54.1931 71.0641
54.1814 71.1147
54.1033 71.1856
54.1261 71.2578
54.215 71.3364
54.1911 71.4053
54.1936 71.4833
54.1133 71.5011
54.1369 71.5967
54.11 71.6536
54.1544 71.7492
54.2131 71.7306
54.2553 71.7678
54.2581 71.8894
54.2356 72.0325
54.1331 72.1222
54.1356 72.1906
54.1506 72.2114
54.2 72.2058
54.2292 72.0847
54.2875 72.105
54.315 72.1339
54.3631 72.0453
54.3878 72.0517
54.3767 72.1689
54.3739 72.1969
54.3003 72.2883
54.2744 72.2914
54.2636 72.3444
54.2442 72.3603
54.1861 72.3217
54.1428 72.5089
54.1136 72.4864
54.0942 72.3806
54.0575 72.3906
54.0261 72.4456
53.9278 72.3961
53.9092 72.4783
53.9875 72.57
53.9617 72.7311
54.0636 72.6694
54.0507 72.5288
54.1078 72.5506
54.1453 72.6133
54.1381 72.8147
54.1231 72.8658
54.1283 72.9753
54.1161 72.9936
54.0536 73.0006
54.0433 73.0594
53.9889 73.0694
53.9486 73.3972
53.9822 73.41
53.9772 73.4706
53.9514 73.4944
53.9594 73.5458
54.0153 73.5417
54.0392 73.6269
54.0775 73.6117
54.0869 73.6903
54.0558 73.6997
54.0656 73.7639
53.875 73.7117
53.8642 73.6536
53.8831 73.5008
53.8758 73.4431
53.8358 73.4144
53.8161 73.4611
53.7897 73.3564
53.6933 73.3297
53.6833 73.2603
53.6444 73.2386
53.6139 73.2819
53.58 73.2539
53.5278 73.4144
53.4669 73.3703
53.4361 73.4372
53.5197 73.5817
53.5731 73.6008
53.5681 73.6633
53.6194 73.6769
53.6175 73.7756
53.5983 73.8111
53.6542 73.9175
53.6322 74.0814
53.5739 74.0883
53.5733 74.1431
53.6058 74.1594
53.6022 74.2467
53.5661 74.2669
53.5608 74.2936
53.5275 74.2839
53.4717 74.3764
53.4786 74.4292
53.5844 74.4836
53.61 74.4389
53.6933 74.4664
53.6883 74.6469
53.7639 74.6753
53.7669 74.7583
53.8339 74.7872
53.8444 74.8122
53.8386 74.9472
53.8067 75.0339
53.9708 75.3694
53.9942 75.4572
54.0672 75.3842
54.1153 75.5011
54.0972 75.5736
54.1126 75.6927
54.2592 76.2072
54.2956 76.1856
54.3589 76.2389
54.3256 76.4878
54.3633 76.5764
54.3678 76.6569
54.43 76.6753
54.4447 76.6994
54.4478 76.8117
54.4756 76.9236
54.4375 76.925
54.3942 76.7789
54.3736 76.7853
54.3589 76.8558
54.3181 76.865
54.2936 76.8558
54.2608 76.8108
54.2275 76.8025
54.1533 76.7214
54.1372 76.6417
54.1708 76.5214
54.1589 76.3925
54.0533 76.4981
53.9733 76.5428
53.5064 77.5239
53.3458 77.8011
53.2589 77.9214
53.1261 78.0464
53.0753 78.0731
52.7081 78.4525
52.5906 78.5428
52.1842 78.9164
51.6692 79.3369
51.45 79.5364
50.8261 79.9833
50.7575 80.0778
50.7633 80.1094
50.8328 80.035
50.86 80.0653
50.8194 80.1361
50.8286 80.1719
50.8383 80.1883
50.8878 80.1989
50.8939 80.2458
50.9225 80.2839
50.9231 80.3856
50.9678 80.4678
51.0583 80.4867
51.0806 80.48
51.1186 80.4305
51.1975 80.4386
51.2164 80.4844
51.2144 80.6333
51.2594 80.6375
51.3144 80.6878
51.2589 80.8722
51.29 80.8994
51.2839 80.9322
51.2711 80.9442
51.2211 80.9403
51.1814 81.0408
51.1803 81.1006
51.2042 81.1289
51.1961 81.1836
51.1372 81.1689
51.0181 81.0925
50.9478 81.0764
50.9439 81.1831
50.97 81.3014
50.9664 81.4247
50.9278 81.4219
50.8411 81.49
50.76 81.4408
50.7422 81.4681
50.7361 81.5994
50.7475 81.7258
50.79 81.7611
50.7933 81.7828
50.7683 81.8289
50.7869 81.9156
50.7714 82.0111
50.7217 82.0978
50.7106 82.1503
50.7203 82.2367
50.7544 82.2794
50.7436 82.3172
50.7597 82.3564
50.7453 82.3772
50.7581 82.4428
50.7211 82.4989
50.8108 82.7203
50.8989 82.7275
50.9108 82.7611
50.8894 83.01
50.9236 83.0872
51.0019 83.1386
51.0025 83.4564
50.9617 83.4972
50.9325 83.6625
50.8856 83.7311
50.8808 83.8358
50.8139 83.9017
50.8017 83.9725
50.7156 83.97
50.6003 84.1675
50.5575 84.1669
50.5147 84.2231
50.4531 84.1969
50.3544 84.2628
50.2706 84.2669
50.2475 84.3372
50.2097 84.3731
50.2567 84.4739
50.2208 84.5164
50.1939 84.5694
50.1969 84.6744
50.1461 84.7364
50.1442 84.8106
50.0889 84.8606
50.1042 84.9164
50.0758 85.0144
50.0136 85.0583
49.9978 84.9792
49.9128 84.9778
49.8814 85.0836
49.8197 85.0919
49.7333 85.1975
49.7014 85.2167
49.6472 85.2111
49.585 85.2742
49.6233 85.4039
49.5944 85.4731
49.5914 85.5319
49.6275 85.6308
49.5644 85.6906
49.58 85.7708
49.5439 85.8372
49.5742 85.9075
49.5664 85.9692
49.5214 85.9536
49.4886 85.9694
49.4883 86.0003
49.5203 86.045
49.5328 86.1328
49.4725 86.1911
49.5014 86.2458
49.5894 86.2933
49.6214 86.4264
49.6511 86.4808
49.7089 86.5136
49.7611 86.6111
49.7972 86.6164
49.7858 86.7833
49.7394 86.7614
49.7022 86.8003
49.6733 86.7531
49.6744 86.6958
49.6556 86.6669
49.6014 86.6111
49.5708 86.6347
49.5519 86.6833
49.5639 86.7469
49.5217 86.8469
49.4522 86.8397
49.3919 86.9644
49.3531 86.9267
49.2872 87.0392
49.2542 87.0525
49.2461 87.2189
49.2106 87.2997
49.0957 87.3453
49.1111 87.2597
49.105 86.8616
48.9722 86.7305
48.9105 86.7461
48.8466 86.8214
48.7144 86.7744
48.6164 86.645
48.5361 86.5961
48.4953 86.3441
48.4253 86.2308
48.4369 86.0216
48.4022 85.7778
47.9727 85.5518
47.9433 85.5364
47.8019 85.5739
47.4994 85.6091
47.365 85.7055
47.2119 85.6866
47.1847 85.5814
47.058 85.5158
47.0397 85.2194
46.8642 84.9636
46.8264 84.785
46.8369 84.7352
46.9258 84.7816
46.9555 84.7508
46.995 84.6614
46.9783 84.033
47.0611 83.565
47.2236 83.1625
47.2203 83.0614
47.1992 83.0314
46.9603 83.0147
46.7636 82.8739
46.5464 82.7911
46.173 82.5733
45.9886 82.5369
45.5905 82.3244
45.5294 82.3197
45.4955 82.3622
45.4639 82.5891
45.4303 82.6494
45.3455 82.6586
45.1747 82.6011
45.1233 82.5494
45.1275 82.4816
45.233 82.3253
45.2358 82.2708
45.1575 81.948
45.2147 81.8041
45.3058 81.7977
45.3508 81.7325
45.3297 81.6222
45.1311 80.8694
45.1478 80.7872
45.0247 80.0766
44.8961 79.865
44.8655 79.8758
44.7936 80.0222
44.8244 80.2622
44.7461 80.4847
44.7072 80.5166
44.6519 80.3747
44.6022 80.4072
44.4503 80.3489
44.3758 80.3761
44.1128 80.368
44.0639 80.4247
43.9922 80.4389
43.4658 80.7397
43.4047 80.7225
43.3489 80.6666
43.3194 80.6686
43.293 80.7647
43.2644 80.78
43.1305 80.81
43.1083 80.7705
43.1391 80.6383
43.0253 80.3766
42.9928 80.3903
42.9086 80.5778
42.8803 80.565
42.8161 80.2589
42.6325 80.158
42.2317 80.2891
42.1824 80.2855
42.2197 80.1767
42.3036 80.1136
42.3369 80.0567
42.4342 79.9528
42.4461 79.8156
42.4742 79.7169
42.4531 79.5719
42.4722 79.4439
42.6078 79.3567
42.6292 79.27
42.6792 79.2153
42.7267 79.1969
42.7797 79.2097
42.7958 79.1947
42.7597 79.0278
42.7828 78.9739
42.775 78.9208
42.8092 78.8017
42.8125 78.6892
42.8428 78.6539
42.8853 78.5122
42.8856 78.4169
42.8525 78.3369
42.8756 78.2653
42.8575 78.0939
42.8672 77.9992
42.9003 77.8975
42.8708 77.8294
42.9025 77.812
42.9147 77.7297
42.9153 77.66
42.8875 77.5911
42.9214 77.5356
42.9303 77.4597
42.8967 77.3503
42.9172 77.2078
42.9656 77.1475
42.9706 77.0622
42.9964 76.9769
42.9819 76.8536
42.9469 76.812
42.9475 76.7744
42.9167 76.7242
42.9203 76.6694
42.9003 76.6169
42.9233 76.5006
42.8919 76.4414
42.9161 76.4106
42.9067 76.3431
42.925 76.3233
42.9369 76.2403
42.9278 76.1872
42.9414 76.095
42.9236 76.0178
42.9467 75.9108
42.9406 75.8025
42.8506 75.7472
42.8064 75.6761
42.8342 75.5686
42.8533 75.21
42.9828 74.8806
42.9931 74.7517
43.0661 74.6314
43.1325 74.5661
43.1522 74.4511
43.1953 74.3914
43.2167 74.2933
43.2686 74.2011
43.2314 74.2358
43.2072 74.235
43.1881 74.0594
43.2239 73.9731
43.1228 73.9133
43.1292 73.8319
43.0386 73.5839
42.9569 73.5567
42.8964 73.5139
42.8 73.5258
42.7106 73.4608
42.6211 73.4325
42.5333 73.4511
42.4189 73.5336
42.4047 73.5072
42.4344 73.4064
42.4328 73.3397
42.5125 73.3286
42.5214 73.2092
42.56 73.1567
42.5389 72.9681
42.5483 72.9086
42.5769 72.8328
42.6381 72.7919
42.6561 72.7572
42.6922 72.5992
42.6878 72.5047
42.7736 72.2969
42.7736 72.1717
42.7572 72.1239
42.8428 71.8697
42.8236 71.8089
42.8217 71.7256
42.7636 71.5972
42.7653 71.5742
42.8022 71.5303
42.7892 71.5028
42.8042 71.4247
42.7436 71.3528
42.7592 71.2753
42.7067 71.2275
42.6869 71.1669
42.6042 71.1672
42.5736 71.0311
42.5347 71.0339
42.4808 71.0897
42.4608 71.0606
42.4867 70.9964
42.4275 70.955
42.3883 70.9625
42.3131 70.8733
42.2669 70.9069
42.2528 70.9694
42.1964 70.8569
42.2011 70.7528
42.1017 70.6689
42.0197 70.6244
42.0381 70.5392
42.0689 70.5311
42.1 70.4883
42.0642 70.3733
42.0394 70.3331
41.9772 70.3022
41.9414 70.2256
41.8281 70.1403
41.8089 70.0869
41.7803 70.0581
41.7803 70.0092
41.7117 69.9308
41.7064 69.8453
41.6733 69.6422
41.5828 69.5067
41.5678 69.4431
41.5253 69.4036
41.475 69.4194
41.4842 69.3464
41.4586 69.2925
41.4706 69.2478
41.4258 69.1567
41.4017 69.1508
41.4083 69.1231
41.3794 69.0564
41.3508 69.0806
41.2161 69.0631
41.1758 68.9839
41.1614 68.8983
41.1092 68.8683
41.0772 68.7744
40.9789 68.7244
40.9369 68.6167
40.9131 68.6119
40.92 68.5936
40.8739 68.5936
40.8614 68.5681
40.7303 68.5897
40.7222 68.6322
40.6717 68.6519
40.6364 68.6239
40.6261 68.6483
40.6075 68.6317
40.5997 68.6081
40.6256 68.5375
40.5911 68.4844
40.5978 68.4553
40.6914 68.2333
40.8011 68.075
40.8139 68.0156
40.8625 68.0878
40.9356 68.135
40.9978 68.1444
41.02 68.1225
41.0308 68.1511
41.0514 68.1439
41.0656 68.1056
41.0436 68.0825
41.0536 68.0592
41.0436 68.0281
41.12 67.9969
41.1944 67.9344
41.1628 67.8611
41.1925 67.755
41.1533 67.4558
41.1436 67.0714
41.15 66.8758
41.175 66.72
41.7328 66.5586
42.0031 66.5264
42.0031 66.0292
42.4233 66.0367
42.4242 66.0708
42.9969 66.1239
42.8772 65.8219
43.3172 65.5269
43.4325 65.2683
43.7378 64.9314
43.5481 64.4581
43.5706 63.9972
43.6364 63.2114
43.4861 62.0239
44.1693 61.205
44.2263 61.1367
