CIC_MPM_VERS = 1.0
COMMENT Generated by Spacebel CCSDS library
CREATION_DATE = 2017-02-24T16:25:01.697219
ORIGINATOR = SVG² Control

META_START

USER_DEFINED_PROTOCOL = NONE
USER_DEFINED_CONTENT = REGION OF INTEREST
USER_DEFINED_SIZE = 2
USER_DEFINED_TYPE = REAL
USER_DEFINED_UNIT = [deg]

META_STOP

-1.05581 34.0694
-1.03694 34.0297
-1.00139 34.0205
-1.00149 33.9203
-0.452778 33.9186
-0.134167 33.9761
0.103055 33.9072
0.230419 33.9995
0.236989 34.0042
0.356944 34.1078
0.603055 34.16
0.641111 34.2608
0.686389 34.2911
0.821944 34.4108
1.11342 34.5274
1.0925 34.5775
1.15889 34.6058
1.23139 34.8197
1.28889 34.8297
1.39361 34.7922
1.67194 35
1.87667 34.9994
1.91972 35.0261
1.99472 34.9791
2.09111 34.995
2.21305 34.9447
2.41305 34.8822
2.45056 34.9405
2.50694 34.9358
2.60389 34.8391
2.85583 34.7497
2.86111 34.6622
2.93944 34.5908
3.11111 34.5592
3.18194 34.4542
3.40667 34.405
3.52417 34.4555
3.67139 34.4633
3.73861 34.355
3.70667 34.2994
3.78639 34.2636
3.77555 34.1761
3.82722 34.1633
3.84055 34.2105
3.8875 34.2141
3.88 34.0994
3.95444 34.1297
4.18555 34.0547
4.22176 33.9976
4.59915 34.3766
4.61 34.3875
4.61361 35.0519
4.61666 35.5091
4.61734 35.6102
4.61794 35.699
4.61805 35.7166
4.62208 35.9403
4.52098 35.9513
4.44666 36.0458
4.44666 36.1972
4.44666 36.6475
4.39667 36.9733
3.72861 37.998
3.61167 38.1211
3.59944 38.448
3.65389 38.5289
3.51389 38.9136
3.52722 39.0555
3.47861 39.1969
3.45528 39.498
3.41806 39.505
3.40667 39.5603
3.67833 39.7828
3.86944 39.8666
4.09889 40.3886
4.28762 40.7834
3.96278 41.1292
3.94444 41.3191
3.98611 41.7714
3.94778 41.8369
3.99866 41.9136
3.99046 41.9136
3.1675 41.3369
2.83259 40.9863
0 40.9886
-0.906389 41.0297
-1.59222 41.5553
-1.67436 41.5577
-1.82806 41.4342
-1.97028 41.2803
-1.925 41.2161
-1.99444 41.1817
-1.9875 41.1419
-2.01472 41.07
-2.04028 40.9991
-1.99972 40.9775
-1.90194 41.0089
-1.93806 40.9689
-2.05861 40.9744
-2.07278 40.9311
-1.99472 40.9041
-1.97861 40.8508
-2.22278 40.923
-2.2525 40.9831
-2.30639 40.9575
-2.28722 40.9486
-2.22583 40.8853
-2.29306 40.7705
-2.36611 40.8222
-2.40417 40.8103
-2.55667 40.6166
-2.52528 40.5278
-2.645 40.2589
-2.73333 40.1883
-2.89361 40.1644
-2.96306 40.1853
-3.2925 40.1081
-3.37583 39.9742
-3.31972 39.9878
-3.4025 39.965
-3.62333 39.8611
-3.59417 39.8103
-3.60917 39.7814
-3.64194 39.8705
-3.75639 39.8489
-3.95056 39.7589
-3.92472 39.6833
-3.98278 39.7419
-4.05389 39.6828
-3.9725 39.6539
-4.00195 39.6391
-4.0375 39.6225
-4.03556 39.5578
-4.08083 39.5664
-4.06083 39.6114
-4.09222 39.6716
-4.58194 39.4511
-4.54695 39.4336
-4.63722 39.3983
-4.64 39.3258
-4.59722 39.3008
-4.67312 39.2056
-4.61 39.12
-3.65143 37.7834
-3.52611 37.7336
-3.5075 37.6172
-3.45028 37.6
-3.3975 37.613
-3.31194 37.72
-3.05139 37.6753
-3.01694 37.6303
-2.27929 36.2953
-2.13995 36.0452
-2.12223 36.0134
-1.93167 35.6714
-1.55056 34.9878
-1.16806 34.3053
-1.05581 34.0694
