CIC_MPM_VERS = 1.0
COMMENT Generated by Spacebel CCSDS library
CREATION_DATE = 2017-02-24T16:25:01.845718
ORIGINATOR = SVG² Control

META_START

USER_DEFINED_PROTOCOL = NONE
USER_DEFINED_CONTENT = REGION OF INTEREST
USER_DEFINED_SIZE = 2
USER_DEFINED_TYPE = REAL
USER_DEFINED_UNIT = [deg]

META_STOP

-49.7206 68.8169
-49.6845 68.7605
-49.5933 68.7722
-49.5131 68.8394
-49.4881 68.8147
-49.3992 68.9075
-49.3903 68.8486
-49.3667 68.8091
-49.34 68.8214
-49.3245 68.9228
-49.2881 68.9139
-49.3192 68.8608
-49.2892 68.8119
-49.2739 68.8511
-49.2428 68.7741
-49.1809 68.7586
-49.1597 68.9133
-49.15 68.8119
-49.1158 68.8419
-49.0833 68.7525
-49.052 68.7514
-49.0308 68.7716
-49.0547 68.8255
-48.9728 68.7969
-48.9833 68.9014
-48.8844 68.8261
-48.867 68.79
-48.8464 68.7905
-48.7545 68.9508
-48.7003 68.9405
-48.6528 69.0266
-48.695 69.0789
-48.7669 68.9797
-48.7261 69.1147
-48.8211 68.9641
-48.8481 68.9114
-48.8961 68.9105
-48.8311 69.0097
-48.7581 69.1528
-48.7667 69.1861
-48.8142 69.108
-48.8195 69.1777
-49.0845 68.9997
-49.1192 69.0705
-49.0436 69.0508
-49.0014 69.0914
-49.0197 69.158
-49.1089 69.1691
-49.1083 69.2739
-49.0314 69.4289
-49.0386 69.4603
-49.0872 69.4397
-49.0756 69.4786
-48.9722 69.5686
-49.0356 69.6025
-49.0639 69.66
-49.1136 69.5789
-49.1242 69.6408
-49.1175 69.3536
-49.1864 69.2825
-49.1814 69.3455
-49.1356 69.4016
-49.1525 69.4705
-49.2092 69.4291
-49.2433 69.535
-49.2764 69.4072
-49.2881 69.6375
-49.3045 69.5827
-49.3117 69.7047
-49.12 70.0789
-49.1636 70.205
-49.0531 70.3061
-49.065 70.4569
-49.0989 70.5305
-49.2325 70.5686
-49.3536 70.4764
-49.3731 70.4427
-49.3383 70.3594
-49.3822 70.3069
-49.4145 70.3725
-49.4244 70.4539
-49.4442 70.4591
-49.4372 70.2789
-49.4092 70.2955
-49.347 70.2141
-49.3408 69.8278
-49.4314 69.9425
-49.4459 69.8991
-49.3947 69.7844
-49.4242 69.7905
-49.4075 69.6925
-49.5403 69.8164
-49.6192 70.1189
-49.5972 70.1147
-49.5644 70.0405
-49.5336 70.0352
-49.5075 70.143
-49.5386 70.3164
-49.5531 70.3364
-49.6092 70.3094
-49.617 70.1622
-49.647 70.2725
-49.6875 70.2589
-49.7195 70.0778
-49.7022 69.8794
-49.5958 69.7791
-49.5333 69.7869
-49.4956 69.7058
-49.5089 69.6339
-49.5811 69.7211
-49.6506 69.7155
-49.6681 69.6602
-49.6256 69.4458
-49.567 69.3669
-49.5664 69.2772
-49.5031 69.2486
-49.4886 69.2075
-49.5275 69.1953
-49.56 69.2297
-49.577 69.2114
-49.5183 69.1436
-49.6295 69.1525
-49.5933 69.1044
-49.5425 69.0989
-49.5411 69.0758
-49.5683 69.0689
-49.6436 69.1108
-49.6872 69.0827
-49.7206 68.8169
