CIC_MPM_VERS = 1.0
COMMENT Generated by Spacebel CCSDS library
CREATION_DATE = 2017-02-24T16:25:02.062719
ORIGINATOR = SVG² Control

META_START

USER_DEFINED_PROTOCOL = NONE
USER_DEFINED_CONTENT = REGION OF INTEREST
USER_DEFINED_SIZE = 2
USER_DEFINED_TYPE = REAL
USER_DEFINED_UNIT = [deg]

META_STOP

34.6994 128.588
34.8305 128.601
34.8058 128.526
34.8458 128.49
34.9064 128.537
34.8842 128.638
34.9403 128.602
35.0303 128.702
34.9944 128.716
34.9432 128.728
34.7881 128.743
34.7686 128.664
34.7125 128.646
34.6994 128.588
180.0 180.0
33.1903 126.274
33.2625 126.171
33.3147 126.158
33.4503 126.312
33.5464 126.747
33.5362 126.84
33.4697 126.951
33.3161 126.851
33.2214 126.482
33.2278 126.346
33.1903 126.274
180.0 180.0
37.8273 126.689
37.948 126.687
37.9683 126.767
38.218 126.991
38.3119 127.198
38.3333 127.776
38.2992 127.823
38.3283 128.134
38.4236 128.273
38.5017 128.311
38.5839 128.304
38.6225 128.365
38.6189 128.365
38.4978 128.436
38.0586 128.697
37.6689 129.063
37.6244 129.066
37.3028 129.308
37.155 129.358
37.0589 129.434
37.0161 129.414
36.7625 129.474
36.6166 129.417
36.5005 129.451
36.1933 129.377
36.0875 129.431
36.0553 129.391
36.0128 129.398
35.9947 129.463
36.0514 129.528
36.0644 129.574
35.9955 129.586
35.78 129.507
35.5803 129.474
35.4708 129.422
35.5303 129.37
35.3994 129.369
35.3297 129.331
35.218 129.256
35.0342 128.974
35.1358 128.969
35.0892 128.919
35.1166 128.903
35.0928 128.735
35.1605 128.621
35.2128 128.593
35.17 128.573
35.0792 128.634
35.05 128.628
35.0919 128.572
35.0422 128.386
35.0047 128.372
35.0475 128.488
34.9983 128.5
34.9814 128.418
34.9389 128.437
34.8686 128.463
34.8339 128.429
34.8656 128.361
34.8905 128.318
34.9053 128.357
34.9494 128.329
34.8986 128.284
34.9297 128.265
34.9281 128.211
34.8883 128.204
34.9308 128.056
35.055 128.044
34.9794 128.019
34.9906 127.968
34.9553 127.909
34.9417 127.857
34.9831 127.72
34.933 127.711
34.9017 127.635
34.9417 127.593
34.9075 127.571
34.8119 127.655
34.8439 127.774
34.795 127.769
34.7189 127.733
34.7341 127.656
34.6941 127.626
34.615 127.635
34.6683 127.555
34.7481 127.588
34.8836 127.515
34.8341 127.492
34.8178 127.362
34.793 127.422
34.7697 127.354
34.7483 127.4
34.7019 127.387
34.625 127.489
34.5761 127.505
34.5792 127.34
34.5655 127.347
34.5347 127.436
34.5105 127.419
34.4336 127.319
34.5436 127.227
34.5119 127.168
34.5372 127.125
34.5653 127.132
34.6325 127.212
34.5694 127.193
34.5694 127.242
34.5944 127.259
34.6697 127.242
34.6947 127.288
34.6519 127.296
34.6564 127.332
34.7419 127.335
34.7214 127.296
34.76 127.246
34.6903 127.202
34.6117 127.008
34.4447 126.944
34.4492 126.897
34.4125 126.889
34.4503 126.809
34.5794 126.799
34.5855 126.777
34.5089 126.734
34.4783 126.761
34.3881 126.629
34.3003 126.6
34.2864 126.52
34.3392 126.524
34.3453 126.478
34.4097 126.522
34.4336 126.472
34.5028 126.485
34.5066 126.539
34.5686 126.532
34.528 126.393
34.6394 126.273
34.7511 126.297
34.7347 126.328
34.648 126.35
34.578 126.452
34.5997 126.475
34.6492 126.386
34.6914 126.415
34.6483 126.451
34.6142 126.529
34.6241 126.62
34.6739 126.548
34.7331 126.369
34.7622 126.394
34.7491 126.458
34.7994 126.559
34.7805 126.629
34.8128 126.66
34.8214 126.577
34.8542 126.573
34.7789 126.509
34.7867 126.416
34.8005 126.371
34.8439 126.416
34.915 126.406
34.9836 126.394
34.9308 126.369
34.9366 126.317
34.9708 126.346
35.0339 126.372
35.0864 126.307
35.0458 126.298
35.0961 126.259
35.1347 126.264
35.1275 126.308
35.018 126.421
35.0744 126.457
35.1192 126.411
35.2072 126.378
35.2325 126.309
35.3639 126.41
35.3369 126.452
35.4067 126.422
35.5125 126.497
35.5392 126.688
35.5942 126.659
35.578 126.499
35.6091 126.469
35.64 126.479
35.7708 126.707
35.7614 126.787
35.8005 126.784
35.838 126.698
35.8547 126.712
35.8605 126.788
35.9069 126.828
35.8961 126.614
35.9697 126.637
35.9867 126.754
36.0608 126.867
36.0011 126.685
36.0433 126.658
36.1525 126.51
36.1703 126.599
36.2253 126.538
36.2997 126.582
36.3214 126.515
36.3555 126.581
36.3942 126.496
36.4605 126.589
36.4364 126.507
36.4811 126.48
36.5267 126.514
36.5372 126.471
36.588 126.474
36.5869 126.525
36.6675 126.522
36.6905 126.48
36.7239 126.497
36.7403 126.465
36.6486 126.412
36.635 126.372
36.7086 126.385
36.74 126.348
36.6928 126.304
36.6094 126.344
36.5847 126.289
36.7175 126.273
36.6825 126.235
36.6753 126.166
36.7 126.159
36.7103 126.219
36.753 126.186
36.7091 126.124
36.8103 126.165
36.775 126.208
36.8783 126.184
36.8989 126.234
36.8666 126.228
36.8669 126.279
36.8986 126.285
36.7858 126.289
36.7864 126.357
36.8414 126.327
36.8341 126.365
36.9041 126.418
36.9567 126.345
36.9919 126.377
36.9336 126.478
36.8853 126.459
36.8425 126.483
36.9108 126.502
36.9311 126.537
36.9003 126.579
37.0011 126.492
36.973 126.577
37.0528 126.503
37.0214 126.572
36.9467 126.626
36.9475 126.658
36.9672 126.777
36.9092 126.826
36.7533 126.839
36.7925 126.874
36.8464 126.861
36.8719 126.87
36.9161 127.003
36.9903 127.032
36.9281 126.971
36.9194 126.908
37.0044 126.813
37.0236 126.913
37.0989 126.875
37.0364 126.853
37.0308 126.812
37.0486 126.753
37.1236 126.776
37.1458 126.869
37.1744 126.856
37.1219 126.697
37.2105 126.676
37.2556 126.668
37.2406 126.742
37.2769 126.83
37.3083 126.766
37.3833 126.75
37.3889 126.711
37.4814 126.622
37.4978 126.671
37.6522 126.546
37.7633 126.539
37.75 126.662
37.6794 126.657
37.6519 126.683
37.6375 126.749
37.6844 126.68
37.8352 126.697
37.8273 126.689
180.0 180.0
9.13038e-315 8.48805e-321
