CIC_MPM_VERS = 1.0
COMMENT Generated by Spacebel CCSDS library
CREATION_DATE = 2017-02-24T16:25:02.034219
ORIGINATOR = SVG² Control

META_START

USER_DEFINED_PROTOCOL = NONE
USER_DEFINED_CONTENT = REGION OF INTEREST
USER_DEFINED_SIZE = 2
USER_DEFINED_TYPE = REAL
USER_DEFINED_UNIT = [deg]

META_STOP

38.6225 128.365
38.5839 128.304
38.5017 128.311
38.4236 128.273
38.3283 128.134
38.2992 127.823
38.3333 127.776
38.3119 127.198
38.218 126.991
37.9683 126.767
37.948 126.687
37.8273 126.689
37.7889 126.647
37.7744 126.574
37.8872 126.385
37.8236 126.144
37.7336 126.153
37.7425 126.102
37.8986 125.976
37.8225 125.983
37.8389 125.911
37.9897 125.798
38.0264 125.594
37.9239 125.736
37.8908 125.681
37.9178 125.626
37.8492 125.641
37.7556 125.609
37.7858 125.556
37.6803 125.337
37.758 125.362
37.8261 125.527
37.8961 125.496
37.9067 125.426
37.843 125.447
37.8672 125.359
37.8047 125.311
37.823 125.239
37.8816 125.311
37.9317 125.244
37.8853 125.218
37.8625 125.162
37.9086 125.004
37.958 125.002
37.9603 125.165
37.9814 125.178
37.9919 125.105
38.0433 125.12
38.0205 125.253
38.0822 125.241
38.0639 125.007
38.1294 124.886
38.0953 124.789
38.1142 124.674
38.1355 124.665
38.2267 124.878
38.1811 124.927
38.2264 124.991
38.2478 124.871
38.2894 124.872
38.3966 124.917
38.4403 124.982
38.5097 125.019
38.5369 124.991
38.5894 125
38.5531 125.089
38.6653 125.13
38.6205 125.178
38.6706 125.331
38.67 125.56
38.7775 125.439
38.7222 125.432
38.7042 125.373
38.7328 125.363
38.6958 125.285
38.7253 125.239
38.7497 125.264
38.7933 125.234
38.7378 125.204
38.8017 125.139
38.8755 125.152
39.1014 125.298
39.2033 125.34
39.2194 125.411
39.3436 125.418
39.43 125.338
39.4644 125.35
39.5539 125.448
39.5789 125.442
39.5514 125.366
39.6447 124.938
39.7006 124.884
39.7697 124.735
39.6647 124.754
39.595 124.624
39.8128 124.557
39.8233 124.414
39.9178 124.324
39.9467 124.375
40.045 124.38
40.0943 124.372
40.2614 124.592
40.4758 124.891
40.4528 124.958
40.4537 124.963
40.468 125.043
40.51 125.009
40.5279 125.032
40.6399 125.291
40.648 125.321
40.6454 125.329
40.6208 125.406
40.785 125.58
40.7558 125.604
40.77 125.684
40.8105 125.647
40.8591 125.698
40.8969 125.9
40.9378 126.042
40.9975 126.076
41.3572 126.456
41.3575 126.527
41.4319 126.501
41.4969 126.554
41.6203 126.571
41.6694 126.677
41.715 126.697
41.7405 126.71
41.6922 126.787
41.7964 126.928
41.7244 127.045
41.6514 127.045
41.5875 127.179
41.5453 127.106
41.5328 127.109
41.5219 127.211
41.4711 127.287
41.4728 127.473
41.4297 127.557
41.4133 127.709
41.4469 127.937
41.3894 128.044
41.3861 128.161
41.5303 128.282
41.593 128.297
41.7208 128.15
41.9105 128.061
42.0033 128.059
42.0392 128.282
42.0286 128.423
42.0039 128.454
42.03 128.63
42.0244 128.926
42.0844 128.963
42.1394 129.114
42.223 129.213
42.235 129.176
42.2864 129.209
42.4467 129.357
42.3644 129.547
42.4058 129.57
42.4383 129.701
42.478 129.729
42.6408 129.743
42.6469 129.775
42.7047 129.751
42.9658 129.862
42.9578 130.042
42.9805 130.099
42.9622 130.136
42.9119 130.101
42.8842 130.259
42.71 130.25
42.5744 130.426
42.5469 130.465
42.6072 130.482
42.6022 130.515
42.523 130.529
42.4206 130.604
42.3997 130.644
42.3139 130.655
42.2888 130.695
42.2536 130.597
42.3067 130.578
42.3191 130.403
42.2469 130.407
42.1842 130.31
42.225 130.301
42.1636 130.204
42.0947 130.202
42.0466 130.051
41.8889 129.961
41.8875 129.896
41.7905 129.878
41.7305 129.76
41.5253 129.661
41.4303 129.703
41.3769 129.806
41.3464 129.791
41.1122 129.714
40.9319 129.756
40.83 129.709
40.7608 129.419
40.6716 129.301
40.6978 129.261
40.6811 129.214
40.6033 129.187
40.4639 129.084
40.4492 128.975
40.3714 128.886
40.3275 128.757
40.2783 128.637
40.2047 128.676
40.1758 128.646
40.0836 128.384
40.0236 128.317
40.0611 128.264
40.0239 128.222
40.0414 127.998
39.8478 127.782
39.8116 127.612
39.7194 127.504
39.6842 127.503
39.5967 127.577
39.4814 127.528
39.3178 127.561
39.3103 127.519
39.3953 127.527
39.4291 127.48
39.3922 127.411
39.3614 127.388
39.3711 127.451
39.3364 127.468
39.3411 127.389
39.2278 127.377
39.1897 127.406
39.1411 127.536
39.1192 127.762
39.0714 127.796
38.723 128.212
38.7542 128.277
38.6794 128.362
38.6225 128.365
