CIC_MPM_VERS = 1.0
COMMENT Generated by Spacebel CCSDS library
CREATION_DATE = 2017-02-24T16:25:02.307219
ORIGINATOR = SVG² Control

META_START

USER_DEFINED_PROTOCOL = NONE
USER_DEFINED_CONTENT = REGION OF INTEREST
USER_DEFINED_SIZE = 2
USER_DEFINED_TYPE = REAL
USER_DEFINED_UNIT = [deg]

META_STOP

29.5947 48.2247
29.6011 48.1783
29.7911 48.0456
29.8672 48.1144
29.8755 48.1567
29.9239 48.2006
29.9686 48.1169
29.9919 48.1522
29.9824 48.1867
29.7822 48.3478
29.7319 48.36
29.6239 48.2783
29.5947 48.2247
180.0 180.0
29.1042 46.5416
29.1125 46.5553
29.5028 46.8836
29.9747 47.1289
30.0153 47.17
30.0822 47.3569
30.0839 47.7314
30.013 47.9504
30.0117 47.9444
29.7994 48.0092
29.7358 48.0819
29.553 48.1672
29.5472 48.1383
29.6314 48.0039
29.6197 47.9486
29.5697 47.918
29.4056 47.7028
29.3758 47.7072
29.393 47.8297
29.33 47.8161
29.3353 47.8772
29.3978 47.9786
29.3531 48.0861
29.23 48.0905
28.7714 48.3147
28.7392 48.3911
28.6942 48.378
28.5469 48.4153
28.5444 48.4197
28.5619 47.6842
28.7 47.5753
28.8561 47.5392
28.9989 47.4608
29.0864 46.698
29.1042 46.5416
180.0 180.0
9.13038e-315 8.49299e-321
