CIC_MPM_VERS = 1.0
COMMENT Generated by Spacebel CCSDS library
CREATION_DATE = 2017-02-24T16:25:02.346719
ORIGINATOR = SVG² Control

META_START

USER_DEFINED_PROTOCOL = NONE
USER_DEFINED_CONTENT = REGION OF INTEREST
USER_DEFINED_SIZE = 2
USER_DEFINED_TYPE = REAL
USER_DEFINED_UNIT = [deg]

META_STOP

42.2528 70.9694
42.2669 70.9069
42.3131 70.8733
42.3883 70.9625
42.4275 70.955
42.4867 70.9964
42.4608 71.0606
42.4808 71.0897
42.5347 71.0339
42.5736 71.0311
42.6042 71.1672
42.6869 71.1669
42.7067 71.2275
42.7592 71.2753
42.7436 71.3528
42.8042 71.4247
42.7892 71.5028
42.8022 71.5303
42.7653 71.5742
42.7636 71.5972
42.8217 71.7256
42.8236 71.8089
42.8428 71.8697
42.7572 72.1239
42.7736 72.1717
42.7736 72.2969
42.6878 72.5047
42.6922 72.5992
42.6561 72.7572
42.6381 72.7919
42.5769 72.8328
42.5483 72.9086
42.5389 72.9681
42.56 73.1567
42.5214 73.2092
42.5125 73.3286
42.4328 73.3397
42.4344 73.4064
42.4047 73.5072
42.4189 73.5336
42.5333 73.4511
42.6211 73.4325
42.7106 73.4608
42.8 73.5258
42.8964 73.5139
42.9569 73.5567
43.0386 73.5839
43.1292 73.8319
43.1228 73.9133
43.2239 73.9731
43.1881 74.0594
43.2072 74.235
43.2314 74.2358
43.2686 74.2011
43.2167 74.2933
43.1953 74.3914
43.1522 74.4511
43.1325 74.5661
43.0661 74.6314
42.9931 74.7517
42.9828 74.8806
42.8533 75.21
42.8342 75.5686
42.8064 75.6761
42.8506 75.7472
42.9406 75.8025
42.9467 75.9108
42.9236 76.0178
42.9414 76.095
42.9278 76.1872
42.9369 76.2403
42.925 76.3233
42.9067 76.3431
42.9161 76.4106
42.8919 76.4414
42.9233 76.5006
42.9003 76.6169
42.9203 76.6694
42.9167 76.7242
42.9475 76.7744
42.9469 76.812
42.9819 76.8536
42.9964 76.9769
42.9706 77.0622
42.9656 77.1475
42.9172 77.2078
42.8967 77.3503
42.9303 77.4597
42.9214 77.5356
42.8875 77.5911
42.9153 77.66
42.9147 77.7297
42.9025 77.812
42.8708 77.8294
42.9003 77.8975
42.8672 77.9992
42.8575 78.0939
42.8756 78.2653
42.8525 78.3369
42.8856 78.4169
42.8853 78.5122
42.8428 78.6539
42.8125 78.6892
42.8092 78.8017
42.775 78.9208
42.7828 78.9739
42.7597 79.0278
42.7958 79.1947
42.7797 79.2097
42.7267 79.1969
42.6792 79.2153
42.6292 79.27
42.6078 79.3567
42.4722 79.4439
42.4531 79.5719
42.4742 79.7169
42.4461 79.8156
42.4342 79.9528
42.3369 80.0567
42.3036 80.1136
42.2197 80.1767
42.1824 80.2855
42.0597 80.2764
42.0291 80.2047
42.0342 79.9772
42 79.8522
41.9028 79.8014
41.8403 79.5705
41.7858 79.2961
41.5319 78.6708
41.483 78.64
41.4639 78.5311
41.3664 78.3655
41.2755 78.3736
41.0855 78.1602
40.9861 77.5058
41.05 77.0216
41.0111 76.8675
40.9408 76.7819
40.8625 76.7936
40.7403 76.6475
40.6086 76.6394
40.3992 76.4422
40.3542 76.328
40.4514 76.29
40.4522 76.2697
40.3755 76.1866
40.3889 76.0452
40.3014 75.9038
40.3092 75.6897
40.3983 75.6614
40.445 75.6966
40.64 75.5944
40.6439 75.5633
40.4825 75.2775
40.4478 75.0589
40.5214 74.8691
40.5036 74.8447
40.4175 74.8111
40.3683 74.8722
40.3247 74.8777
40.3367 74.7241
40.168 74.483
40.0928 74.3222
40.1139 74.198
40.0461 73.9944
39.8258 73.8503
39.7625 73.8416
39.5978 73.9561
39.475 73.848
39.459 73.6724
39.47 73.4914
39.4419 73.3697
39.4014 73.3603
39.3947 73.3439
39.3533 73.1539
39.3825 73.0986
39.3517 73.0283
39.3664 72.9489
39.3625 72.8583
39.4019 72.6642
39.3639 72.5931
39.3819 72.5386
39.3517 72.4975
39.3586 72.4158
39.3358 72.3858
39.3364 72.3422
39.2572 72.3064
39.1919 72.2486
39.2453 72.2297
39.2881 72.1092
39.3414 72.1017
39.3747 72.0767
39.3519 71.9792
39.2867 71.8572
39.2781 71.7731
39.3375 71.7314
39.3911 71.7744
39.4622 71.7567
39.4486 71.605
39.4611 71.5425
39.4989 71.515
39.5672 71.5531
39.6203 71.4797
39.6025 71.4444
39.6064 71.4064
39.5647 71.3161
39.5169 71.2753
39.5336 71.203
39.5106 71.0972
39.4119 71.0328
39.4011 70.9978
39.4103 70.9525
39.4353 70.9219
39.4019 70.8897
39.4111 70.8486
39.3889 70.8011
39.3986 70.7478
39.4192 70.7206
39.4767 70.7244
39.5075 70.6739
39.5808 70.6339
39.5822 70.5489
39.6083 70.4919
39.5919 70.4172
39.5775 70.4072
39.5822 70.3561
39.5292 70.2692
39.5261 70.2347
39.6247 70.2275
39.5539 70.1631
39.58 70.0525
39.5339 70.0025
39.5586 69.9431
39.5375 69.8428
39.5764 69.7728
39.5878 69.7081
39.5789 69.5897
39.5461 69.5436
39.5308 69.4458
39.5592 69.3844
39.5344 69.3625
39.5169 69.3406
39.5394 69.3061
39.6817 69.3114
39.7544 69.2492
39.8603 69.265
39.9964 69.3383
39.9519 69.3981
39.9019 69.425
39.9319 69.5261
39.9686 69.5003
40.0361 69.4839
40.1314 69.5408
40.1072 69.5722
40.1119 69.6058
40.2164 70.0242
40.1419 70.1728
40.1328 70.2861
40.0831 70.3486
40.0461 70.5422
40.0264 70.5603
40.0094 70.5522
39.9736 70.4925
39.9364 70.4672
39.9069 70.4981
39.9503 70.5283
39.9583 70.6031
39.9894 70.6436
40.0369 70.6617
40.1036 70.6611
40.135 70.7756
40.1714 70.8197
40.1597 70.8336
40.1797 70.8614
40.1689 70.9181
40.1811 70.9744
40.2153 70.9964
40.2447 70.9822
40.2703 70.9992
40.2775 71.0642
40.2692 71.2172
40.3319 71.2736
40.3033 71.3089
40.3019 71.39
40.2728 71.4211
40.2753 71.4644
40.2328 71.4903
40.2061 71.5628
40.2064 71.6217
40.2553 71.6347
40.2611 71.6656
40.2208 71.6881
40.1689 71.6875
40.1458 71.7106
40.1839 71.7972
40.2642 71.8633
40.2389 71.9572
40.2528 71.9831
40.2469 72.0419
40.2633 72.0494
40.2925 71.9803
40.3183 71.9744
40.3725 72.0983
40.4308 72.1103
40.4603 72.1736
40.4625 72.2825
40.4458 72.2764
40.4397 72.2375
40.4264 72.2406
40.4311 72.2956
40.3889 72.4236
40.4644 72.453
40.5211 72.3811
40.56 72.3958
40.5986 72.3694
40.615 72.3844
40.5578 72.4736
40.5572 72.5225
40.5186 72.5972
40.5169 72.6486
40.5328 72.6725
40.5833 72.69
40.57 72.7681
40.6747 72.8045
40.7 72.9167
40.7714 73.0961
40.8172 73.1703
40.8322 73.1689
40.8486 73.1456
40.8428 73.0547
40.8731 73.0469
40.8789 73.0278
40.8228 72.8953
40.8678 72.8994
40.8767 72.8819
40.8692 72.7256
40.8853 72.6317
40.9647 72.5667
40.9756 72.5075
41.0153 72.5061
41.0336 72.405
41.0828 72.3514
41.0322 72.3192
41.0043 72.1945
41.06 72.2167
41.1925 72.1836
41.2019 72.1219
41.1589 72.0528
41.2019 71.9994
41.1944 71.8933
41.3333 71.8872
41.4617 71.7639
41.4314 71.7483
41.4556 71.7253
41.4319 71.695
41.5225 71.7164
41.5564 71.6914
41.5564 71.6461
41.5075 71.6206
41.4289 71.66
41.3192 71.6036
41.3008 71.5503
41.3489 71.4381
41.1372 71.44
41.1186 71.4181
41.1658 71.35
41.1225 71.3111
41.1192 71.2853
41.1756 71.2714
41.1964 71.2433
41.1822 71.2025
41.1369 71.2133
41.1167 71.1956
41.1642 71.1514
41.1644 71.1075
41.1947 71.0547
41.1994 70.9331
41.2564 70.8472
41.2433 70.7847
41.3575 70.7928
41.4708 70.7119
41.4764 70.6694
41.4219 70.5403
41.4122 70.4742
41.4731 70.4217
41.4969 70.3767
41.525 70.1917
41.5775 70.1811
41.7131 70.47
41.7967 70.5261
41.905 70.6853
41.9253 70.8442
42.0164 70.8533
42.04 70.8711
42.0444 70.9869
42.1319 71.1467
42.1394 71.2169
42.1703 71.2597
42.2042 71.2761
42.3028 71.0672
42.2964 71.0278
42.2528 70.9694
