CIC_MPM_VERS = 1.0
COMMENT Generated by Spacebel CCSDS library
CREATION_DATE = 2017-02-24T16:25:02.360219
ORIGINATOR = SVG² Control

META_START

USER_DEFINED_PROTOCOL = NONE
USER_DEFINED_CONTENT = REGION OF INTEREST
USER_DEFINED_SIZE = 2
USER_DEFINED_TYPE = REAL
USER_DEFINED_UNIT = [deg]

META_STOP

21.5647 101.152
21.5709 101.152
21.5586 101.209
21.4128 101.194
21.3761 101.265
21.2564 101.234
21.1803 101.282
21.235 101.605
21.1822 101.605
21.1481 101.717
21.1428 101.785
21.2455 101.851
21.3136 101.741
21.5842 101.8
21.6306 101.829
21.7244 101.753
21.825 101.785
22.0289 101.614
22.2792 101.57
22.3053 101.635
22.4703 101.689
22.5008 101.769
22.4669 101.823
22.3903 101.866
22.3842 101.895
22.4486 101.995
22.4375 102.106
22.3959 102.141
22.2178 102.268
22.1206 102.419
21.9622 102.506
21.8631 102.641
21.6625 102.671
21.6664 102.747
21.7336 102.817
21.8281 102.807
21.8478 102.829
21.8269 102.858
21.7183 102.861
21.7247 102.939
21.7489 102.965
21.6828 102.989
21.5442 102.962
21.4328 102.875
21.4547 102.944
21.3028 102.9
21.2608 102.823
21.2344 102.917
21.0786 102.967
21.06 103.031
20.8508 103.166
20.7942 103.417
20.8278 103.449
20.6583 103.687
20.67 103.738
20.7242 103.729
20.7486 103.789
20.8458 103.804
20.9583 104.077
20.9772 104.109
20.8344 104.348
20.6739 104.585
20.6603 104.644
20.5164 104.551
20.5372 104.471
20.4606 104.381
20.4386 104.389
20.4081 104.51
20.4197 104.603
20.3456 104.707
20.2903 104.714
20.2806 104.679
20.2189 104.68
20.1856 104.935
20.0186 104.981
19.9869 104.96
19.9453 104.853
19.8742 104.779
19.8533 104.846
19.7914 104.836
19.6689 104.662
19.6155 104.645
19.6047 104.523
19.6933 104.414
19.6615 104.321
19.6869 104.309
19.6883 104.164
19.66 104.139
19.6944 104.04
19.6111 104.037
19.4972 104.122
19.4098 104.07
19.3992 103.988
19.2934 103.879
19.2536 103.965
19.1325 104.224
18.9811 104.454
18.9794 104.521
18.8369 104.672
18.7389 104.957
18.7064 105.134
18.6425 105.194
18.6025 105.19
18.5997 105.149
18.4669 105.103
18.41 105.132
18.3783 105.192
18.3183 105.185
18.1603 105.383
18.2078 105.434
18.18 105.5
17.9478 105.625
17.8714 105.615
17.7175 105.736
17.6594 105.785
17.6206 105.859
17.4028 106.044
17.2617 106.212
17.2458 106.254
17.2939 106.287
17.2342 106.336
17.1355 106.361
16.9825 106.471
16.9969 106.561
16.9 106.556
16.6271 106.587
16.605 106.633
16.4786 106.674
16.4305 106.735
16.4536 106.784
16.5372 106.848
16.5325 106.885
16.45 106.898
16.3925 106.907
16.2978 106.989
16.3019 107.091
16.2608 107.149
16.1978 107.154
16.0569 107.334
16.0825 107.461
16.0089 107.467
15.9139 107.398
15.8614 107.207
15.795 107.175
15.7594 107.188
15.7264 107.254
15.6503 107.262
15.5111 107.459
15.3428 107.62
15.2708 107.695
15.0442 107.58
15.0378 107.48
14.9736 107.478
14.8994 107.585
14.8369 107.546
14.8036 107.514
14.705 107.546
14.6936 107.529
14.5578 107.454
14.5456 107.423
14.6069 107.327
14.5986 107.296
14.5597 107.278
14.4011 107.109
14.4431 107.05
14.3639 106.997
14.3125 106.838
14.4425 106.734
14.4669 106.628
14.599 106.542
14.5233 106.433
14.4875 106.438
14.4453 106.332
14.4933 106.251
14.4464 106.247
14.3756 106.21
14.3603 106.028
14.3433 105.994
14.2247 106.042
14.1867 106.102
14.0503 106.174
13.92 106.092
13.9269 105.939
14.0002 105.857
14.0072 105.849
14.1115 105.732
14.1517 105.598
14.1408 105.517
14.1094 105.364
14.2844 105.21
14.3526 105.21
14.4322 105.442
14.5778 105.538
14.79 105.521
14.9917 105.619
15.125 105.469
15.2053 105.494
15.2747 105.596
15.3355 105.588
15.3417 105.483
15.3769 105.483
15.4331 105.6
15.5947 105.634
15.6786 105.632
15.7281 105.596
15.7758 105.427
15.9381 105.35
15.9922 105.407
16.0186 105.412
16.0589 105.183
16.1286 105.047
16.2364 105.022
16.3225 104.94
16.5311 104.746
16.6975 104.769
16.8878 104.753
17.1939 104.809
17.4147 104.789
17.5425 104.666
17.6733 104.444
17.8819 104.261
18.0608 104.15
18.3075 103.996
18.3305 103.95
18.28 103.869
18.3519 103.676
18.435 103.397
18.4072 103.282
18.3467 103.237
18.2989 103.283
18.2478 103.171
18.1653 103.141
18.1374 103.09
18.025 103.067
17.9786 103.019
18.0036 102.939
17.8619 102.672
17.8025 102.667
17.845 102.589
17.9186 102.613
17.9578 102.59
18.0522 102.293
18.1956 102.176
18.2103 102.105
18.03 101.89
18.0539 101.832
18.0544 101.772
17.9092 101.727
17.8819 101.621
17.8148 101.559
17.7847 101.558
17.6925 101.391
17.5275 101.23
17.4611 101.152
17.4981 101.099
17.5689 100.919
17.5964 100.91
17.6672 100.963
17.765 100.98
17.8361 101.03
18.0578 101.191
18.2578 101.152
18.3336 101.18
18.3769 101.092
18.4544 101.062
18.5275 101.14
18.6869 101.269
18.7292 101.229
18.785 101.254
19.0517 101.352
19.1075 101.287
19.3908 101.203
19.5214 101.285
19.5792 101.269
19.5956 101.219
19.5686 101.19
19.6194 101.032
19.6197 100.895
19.4844 100.775
19.5506 100.637
19.4936 100.575
19.5447 100.484
19.7644 100.406
19.858 100.483
20.1576 100.581
20.145 100.521
20.1933 100.453
20.3442 100.376
20.3936 100.309
20.3792 100.25
20.235 100.16
20.2561 100.097
20.3493 100.092
20.3583 100.097
20.6533 100.186
20.8281 100.376
20.8039 100.516
20.8178 100.571
20.8736 100.648
20.8914 100.634
20.8669 100.538
20.8878 100.513
21.0253 100.546
21.0428 100.609
21.3142 100.732
21.3025 100.835
21.4008 101.005
21.5306 101.162
21.5647 101.152
