CIC_MPM_VERS = 1.0
COMMENT Generated by Spacebel CCSDS library
CREATION_DATE = 2017-02-24T16:25:02.375219
ORIGINATOR = SVG² Control

META_START

USER_DEFINED_PROTOCOL = NONE
USER_DEFINED_CONTENT = REGION OF INTEREST
USER_DEFINED_SIZE = 2
USER_DEFINED_TYPE = REAL
USER_DEFINED_UNIT = [deg]

META_STOP

57.7364 24.2971
57.8503 24.2944
57.8708 24.31
57.8744 24.4203
57.9133 24.4531
57.9547 24.5536
57.9589 24.7178
58.0008 24.7542
57.98 24.8275
58.0075 24.8853
58.0144 24.9681
58.0717 25.0917
58.0744 25.17
58.0317 25.2061
57.9928 25.2325
58.0075 25.2944
58.0381 25.2969
58.0692 25.2631
58.0831 25.3017
58.0367 25.3483
58.0356 25.4217
57.9944 25.4611
57.9669 25.5764
57.9422 25.5772
57.9164 25.6228
57.9311 25.7492
57.8658 25.8014
57.85 26.0314
57.8403 26.0467
57.8022 26.0286
57.7847 26.0375
57.7219 26.1803
57.6114 26.2992
57.5706 26.4603
57.5244 26.5172
57.5361 26.5611
57.5269 26.6089
57.5558 26.635
57.5817 26.7194
57.5711 26.7608
57.5825 26.8292
57.6258 26.8644
57.6339 26.8908
57.6192 26.91
57.6114 27.0186
57.5622 27.0872
57.5492 27.245
57.5228 27.3383
57.5364 27.3711
57.5364 27.5472
57.4725 27.5458
57.4458 27.5256
57.4308 27.5383
57.3975 27.6606
57.2989 27.8628
57.1636 27.8408
57.1192 27.7014
57.0658 27.7775
57.0067 27.7422
56.9794 27.7439
56.9147 27.7017
56.8947 27.6631
56.8481 27.64
56.8789 27.8072
56.8689 27.8606
56.8272 27.9353
56.8011 27.9336
56.7661 27.8861
56.7472 27.8861
56.6914 28.005
56.6244 28.0108
56.5931 28.0328
56.5544 28.1525
56.5056 28.1131
56.4406 28.1897
56.3747 28.1844
56.2711 28.2378
56.2297 28.2028
56.1775 28.195
56.1503 28.1665
56.1672 28.1183
56.1364 28.0583
56.1133 27.9294
56.0656 27.8933
56.0253 27.7956
55.9889 27.7911
55.9242 27.6472
55.8406 27.6328
55.7919 27.6014
55.8039 27.4
55.8264 27.3508
55.7872 27.2822
55.8464 27.1561
55.8347 26.99
55.7786 26.9081
55.7108 26.85
55.6867 26.7453
55.7058 26.6617
55.676 26.6141
55.6839 26.5108
55.7264 26.3386
55.7694 26.2689
55.8625 26.1981
55.9583 26.0028
56.09 25.715
56.1517 25.685
56.1481 25.5939
56.1725 25.5461
56.1567 25.4958
56.1692 25.3275
56.2011 25.0969
56.2708 25.0472
56.2956 25
56.44 24.9222
56.4506 24.8997
56.4436 24.8722
56.4128 24.8644
56.3978 24.7267
56.3658 24.6533
56.2883 24.5583
56.2692 24.4733
56.3108 24.3397
56.2614 24.1478
56.3322 23.9489
56.3358 23.7464
56.36 23.7411
56.3603 23.6519
56.3622 23.5969
56.3342 23.5253
56.3808 23.2961
56.3619 23.1711
56.3456 23.1803
56.3058 23.0961
56.3286 23.0375
56.3931 22.9928
56.4239 22.9414
56.3792 22.8272
56.3567 22.6914
56.3869 22.6233
56.4044 22.5192
56.3975 22.2489
56.4242 22.1544
56.4194 22.0672
56.3153 21.7094
56.3186 21.5911
56.2933 21.5625
56.2419 21.4278
56.24 21.3544
56.1683 21.2444
56.09 21.2181
56.0768 21.0496
56.1275 21.0392
56.1978 20.9869
56.4828 21.0058
56.508 21.0286
56.3842 21.0603
56.3989 21.0817
56.5105 21.0578
56.5381 20.9914
56.8416 21.0606
56.9886 21.3597
57.0694 21.4156
57.2894 21.4206
57.4789 21.6247
57.5833 21.755
57.5919 21.9531
57.7422 22.4919
57.75 22.6147
57.6761 22.5842
57.6161 22.6125
57.4883 22.8603
57.363 23.1372
57.098 23.2592
56.9783 23.5805
56.9653 23.6836
56.9955 23.8944
57.1975 24.3336
57.2728 24.4131
57.4211 24.3878
57.6205 24.3764
57.7364 24.2971
