CIC_MPM_VERS = 1.0
COMMENT Generated by Spacebel CCSDS library
CREATION_DATE = 2017-02-24T16:25:02.523219
ORIGINATOR = SVG² Control

META_START

USER_DEFINED_PROTOCOL = NONE
USER_DEFINED_CONTENT = REGION OF INTEREST
USER_DEFINED_SIZE = 2
USER_DEFINED_TYPE = REAL
USER_DEFINED_UNIT = [deg]

META_STOP

34.6495 35.9707
34.6386 36.1536
34.668 36.3055
34.6828 36.3086
34.6892 36.3444
34.6386 36.378
34.6069 36.4291
34.5197 36.3389
34.5017 36.4244
34.4261 36.5511
34.3236 36.5592
34.3094 36.6005
34.238 36.5897
34.2039 36.625
34.0517 36.4208
33.9178 36.2833
33.8333 36.3825
33.8347 36.1111
33.7189 35.9711
33.6461 35.935
33.598 36.0528
33.5794 36.0592
33.4022 35.8244
33.3608 35.8105
33.2487 35.6193
33.2903 35.5667
33.0942 35.5047
33.063 35.3492
33.1072 35.3169
33.0921 35.0971
33.1042 35.103
33.225 35.2061
33.3692 35.245
33.493 35.3253
33.65 35.398
33.7947 35.4769
33.903 35.47
33.9017 35.5478
33.9789 35.6072
34.12 35.6439
34.2783 35.6483
34.3842 35.7617
34.4567 35.8278
34.5036 35.9369
34.5686 35.9922
34.6495 35.9707
