CIC_MPM_VERS = 1.0
COMMENT Generated by Spacebel CCSDS library
CREATION_DATE = 2017-02-24T16:25:02.560218
ORIGINATOR = SVG² Control

META_START

USER_DEFINED_PROTOCOL = NONE
USER_DEFINED_CONTENT = REGION OF INTEREST
USER_DEFINED_SIZE = 2
USER_DEFINED_TYPE = REAL
USER_DEFINED_UNIT = [deg]

META_STOP

-29.6417 27.0147
-29.482 27.35
-29.2911 27.4567
-28.9411 27.7314
-28.9125 27.88
-28.8533 27.93
-28.8831 27.9806
-28.723 28.1464
-28.5695 28.6511
-28.6137 28.7004
-28.8872 28.9761
-28.9667 29.0739
-29.0925 29.333
-29.3533 29.4555
-29.4333 29.4181
-29.4506 29.3572
-29.505 29.2933
-29.5761 29.3122
-29.6725 29.1669
-29.8322 29.1247
-29.8517 29.1575
-29.9211 29.1611
-30.1036 28.7853
-30.1145 28.5447
-30.2631 28.2417
-30.3011 28.2175
-30.3267 28.2575
-30.4542 28.1447
-30.4983 28.16
-30.6033 28.0919
-30.6589 28.0978
-30.5978 27.738
-30.5486 27.6908
-30.4034 27.5641
-30.312 27.4597
-30.316 27.381
-30.1283 27.3953
-30.1395 27.3281
-29.6417 27.0147
