CIC_MPM_VERS = 1.0
COMMENT Generated by Spacebel CCSDS library
CREATION_DATE = 2017-02-24T16:25:02.638719
ORIGINATOR = SVG² Control

META_START

USER_DEFINED_PROTOCOL = NONE
USER_DEFINED_CONTENT = REGION OF INTEREST
USER_DEFINED_SIZE = 2
USER_DEFINED_TYPE = REAL
USER_DEFINED_UNIT = [deg]

META_STOP

8.4887 -10.2665
8.48777 -10.2489
8.53222 -10.1622
8.50472 -10.0567
8.43472 -10.0636
8.42138 -10.0453
8.48222 -9.95222
8.49194 -9.83778
8.56968 -9.77371
8.43277 -9.70667
8.48777 -9.69417
8.48916 -9.6625
8.45555 -9.6275
8.38972 -9.65611
8.41389 -9.58194
8.34638 -9.48444
8.24277 -9.51722
8.17527 -9.49139
8.13389 -9.46278
8.05833 -9.42833
8.03277 -9.41028
7.93194 -9.43611
7.74359 -9.3552
7.48944 -9.41333
7.36366 -9.48442
7.425 -9.4225
7.38861 -9.39
7.41637 -9.30506
7.38139 -9.20417
7.3125 -9.19806
7.2325 -9.09778
7.19394 -9.11091
7.28805 -8.92861
7.25361 -8.90417
7.30028 -8.83944
7.51833 -8.70805
7.57222 -8.72305
7.69666 -8.67055
7.69167 -8.55722
7.61861 -8.55611
7.55987 -8.46896
7.50111 -8.41833
7.23944 -8.36139
7.18083 -8.28806
6.75417 -8.35833
6.59416 -8.50611
6.50778 -8.60667
6.43583 -8.47528
6.49 -8.45472
6.4425 -8.38194
6.425 -8.40833
6.35444 -8.36694
6.34805 -8.28944
6.29861 -8.20805
6.29333 -8.07333
6.27833 -7.90222
6.20278 -7.8225
6.08278 -7.84528
6.03583 -7.77306
5.95055 -7.7625
5.90444 -7.68583
5.91972 -7.64194
5.86083 -7.45806
5.845 -7.42472
5.65722 -7.41556
5.57222 -7.36833
5.43722 -7.43639
5.36444 -7.40639
5.33555 -7.36778
5.28527 -7.41278
5.27472 -7.46445
5.10111 -7.49528
5.08333 -7.555
4.94055 -7.53944
4.90583 -7.58833
4.42416 -7.54667
4.38722 -7.56333
4.35145 -7.52556
4.35972 -7.72278
4.48167 -7.90167
4.57444 -8.2525
4.75167 -8.54333
4.9675 -8.98695
5.21083 -9.35306
5.3875 -9.50306
5.43166 -9.595
5.46472 -9.58333
5.49805 -9.625
5.69028 -9.84972
5.9975 -10.1886
6.09389 -10.345
6.16722 -10.3775
6.20222 -10.4647
6.12667 -10.3803
6.19444 -10.5622
6.30694 -10.8106
6.31333 -10.7728
6.44805 -10.8356
6.66972 -11.2792
6.73694 -11.3839
6.80583 -11.3661
6.85111 -11.4103
6.9132 -11.4987
7.09278 -11.3378
7.14694 -11.3558
7.22444 -11.2775
7.38722 -11.0989
7.50916 -10.9042
7.74444 -10.6847
7.77316 -10.6004
8.03055 -10.6033
8.13638 -10.4981
8.14639 -10.3555
8.19833 -10.2972
8.36583 -10.2944
8.4887 -10.2665
