CIC_MPM_VERS = 1.0
COMMENT Generated by Spacebel CCSDS library
CREATION_DATE = 2017-02-24T16:25:02.663718
ORIGINATOR = SVG² Control

META_START

USER_DEFINED_PROTOCOL = NONE
USER_DEFINED_CONTENT = REGION OF INTEREST
USER_DEFINED_SIZE = 2
USER_DEFINED_TYPE = REAL
USER_DEFINED_UNIT = [deg]

META_STOP

30.2361 9.53202
30.3475 9.88222
30.7361 10.2153
30.9067 10.2906
31.4225 10.1233
31.51 10.1394
31.7131 10.3064
31.7306 10.38
31.7203 10.4667
31.8564 10.6136
31.9706 10.6247
32.0089 10.7872
32.1391 10.8825
32.4094 11.5167
32.4422 11.5675
32.4908 11.5833
32.6278 11.4705
33.035 11.4917
33.1658 11.5271
33.0994 11.6436
33.0841 11.8092
32.8336 12.3169
32.7983 12.6144
32.9192 13.243
32.8997 13.3542
32.7878 13.62
32.7986 13.7908
32.7039 14.2003
32.5164 14.4683
32.4044 15.1475
32.3689 15.2122
32.1567 15.37
31.9683 15.3578
31.6514 15.4939
31.4205 15.7033
31.2761 16.0297
31.2303 16.2628
31.2281 16.7058
31.1381 17.0678
31.0817 17.3708
31.0264 17.4608
30.9225 17.8547
30.8639 17.8964
30.8228 18.0419
30.5606 18.4589
30.2864 18.9319
30.2653 19.0467
30.2967 19.35
30.4817 19.7019
30.8553 20.0606
31.0867 20.155
31.2103 20.1433
31.4875 19.9808
31.7575 19.9194
31.985 19.9525
32.1914 20.0925
32.5117 20.4975
32.7464 20.9994
32.78 21.3789
32.9356 21.6414
32.9017 21.8775
32.9403 22.1605
32.8803 22.2094
32.8744 22.3617
32.8022 22.4847
32.7828 22.58
32.6222 23.1247
32.5633 23.0964
32.4603 23.1444
32.4075 23.1105
32.3283 23.0839
32.2103 23.2583
32.2186 23.3078
32.173 23.7333
32.0925 23.9961
32.0472 23.993
31.9903 24.4828
32.0269 24.663
31.9678 24.98
31.9244 25.0361
31.8514 25.0222
31.8117 25.0547
31.6393 25.1342
31.5817 25.0697
31.4289 24.9486
31.3839 24.8747
31.1619 24.8689
30.7931 25.0186
30.5111 24.9286
30.2339 24.7269
30.1561 24.7064
29.8867 24.8314
29.7742 24.8172
29.6639 24.8869
29.5119 24.8761
29.2489 24.9978
27.8989 25.0022
26.5394 24.9994
25.18 24.9978
23.8297 24.9994
22.4758 25.0011
22.0013 25.0035
20.6442 25.0022
19.9992 25.0008
19.9958 24.3728
20.0019 24.0008
19.4978 23.9996
20.8522 21.3947
21.6052 19.8869
22.3444 18.3636
23.4506 16.0008
23.0004 15.0006
22.6142 14.235
23.1394 13.5955
23.2147 13.4172
23.5223 11.9865
24.3025 11.5589
24.5672 10.7153
24.4781 10.4222
24.6058 10.2522
24.7511 10.2183
24.8381 10.0544
25.3375 10.0267
26.1533 9.39833
26.1828 9.39305
26.233 9.43
26.3575 9.49944
26.4156 9.63861
26.5289 9.87638
26.8597 9.93055
26.9086 9.84833
27.3239 9.73499
27.5081 9.83916
27.5764 9.81388
27.6211 9.88111
27.8686 9.95417
28.2705 9.79027
28.8592 9.87333
29.4333 9.76472
29.8069 9.56666
30.1225 9.30389
30.2361 9.53202
