CIC_MPM_VERS = 1.0
COMMENT Generated by Spacebel CCSDS library
CREATION_DATE = 2017-02-24T16:25:02.686718
ORIGINATOR = SVG² Control

META_START

USER_DEFINED_PROTOCOL = NONE
USER_DEFINED_CONTENT = REGION OF INTEREST
USER_DEFINED_SIZE = 2
USER_DEFINED_TYPE = REAL
USER_DEFINED_UNIT = [deg]

META_STOP

47.058 9.47583
47.0961 9.51167
47.1922 9.48416
47.267 9.54041
47.2569 9.54704
47.2556 9.55448
47.2504 9.56316
47.2495 9.57502
47.2456 9.57262
47.2372 9.56713
47.2331 9.56017
47.227 9.55402
47.2224 9.56334
47.2219 9.5726
47.215 9.57928
47.2077 9.58292
47.199 9.58276
47.192 9.57843
47.1856 9.57485
47.1771 9.57247
47.1673 9.57586
47.1686 9.58489
47.1668 9.59402
47.1593 9.59972
47.1553 9.60672
47.1524 9.6153
47.152 9.62345
47.1431 9.62813
47.1371 9.6305
47.1286 9.63763
47.1208 9.63487
47.1134 9.63313
47.106 9.63833
47.0972 9.64095
47.0903 9.63331
47.0832 9.62928
47.0783 9.6229
47.071 9.61739
47.0647 9.61124
47.0578 9.60542
47.0496 9.60183
47.058 9.47583
