CIC_MPM_VERS = 1.0
COMMENT Generated by Spacebel CCSDS library
CREATION_DATE = 2017-02-24T16:25:02.727219
ORIGINATOR = SVG² Control

META_START

USER_DEFINED_PROTOCOL = NONE
USER_DEFINED_CONTENT = REGION OF INTEREST
USER_DEFINED_SIZE = 2
USER_DEFINED_TYPE = REAL
USER_DEFINED_UNIT = [deg]

META_STOP

54.3667 22.7828
54.36 22.77
54.335 22.0747
54.3283 21.3533
54.3666 20.6417
54.4205 19.9908
54.446 19.8119
54.4964 19.9392
54.5733 19.9967
54.5508 20.0639
54.6828 20.405
54.6914 20.2383
54.6528 20.0744
54.7203 20.0114
54.6994 19.9547
54.6592 19.9442
54.6344 19.9611
54.4669 19.6656
54.4711 19.6365
54.6297 19.8647
54.7769 19.9611
54.8711 19.9197
54.9211 19.9367
54.9619 19.9853
54.9494 20.4275
55.0797 20.6986
55.2901 20.932
55.3558 21.005
55.5311 21.0925
55.7063 21.0862
55.6689 21.1112
55.4142 21.1019
55.28 20.9686
55.1791 20.8675
54.9747 20.5447
54.9378 20.5664
54.9008 20.9181
54.9319 21.2225
54.955 21.2469
55.115 21.1964
55.2064 21.19
55.2006 21.2603
55.2286 21.2744
55.2497 21.2713
55.368 21.2517
55.3447 21.1828
55.4591 21.2478
55.7817 21.0583
55.9914 21.0672
56.0768 21.0496
56.09 21.2181
56.1683 21.2444
56.24 21.3544
56.2419 21.4278
56.2933 21.5625
56.3186 21.5911
56.3153 21.7094
56.4194 22.0672
56.4242 22.1544
56.3975 22.2489
56.4044 22.5192
56.3869 22.6233
56.3567 22.6914
56.3792 22.8272
56.4239 22.9414
56.3931 22.9928
56.3286 23.0375
56.3058 23.0961
56.3456 23.1803
56.3619 23.1711
56.3808 23.2961
56.3342 23.5253
56.3622 23.5969
56.3603 23.6519
56.36 23.7411
56.3358 23.7464
56.3322 23.9489
56.2614 24.1478
56.3108 24.3397
56.2692 24.4733
56.2883 24.5583
56.3658 24.6533
56.3978 24.7267
56.4128 24.8644
56.4436 24.8722
56.4506 24.8997
56.44 24.9222
56.2956 25
56.2708 25.0472
56.2011 25.0969
56.1692 25.3275
56.1567 25.4958
56.1725 25.5461
56.1481 25.5939
56.1517 25.685
56.09 25.715
55.9583 26.0028
55.8625 26.1981
55.7694 26.2689
55.7264 26.3386
55.6839 26.5108
55.676 26.6141
55.5931 26.6267
55.5111 26.545
55.4683 26.5694
55.4439 26.5236
55.39 26.5025
55.3414 26.4558
55.3131 26.5547
55.3311 26.6314
55.3136 26.7669
55.2811 26.8197
55.2506 26.7753
55.2431 26.7133
55.2181 26.6686
55.1908 26.6417
55.1425 26.6417
55.1247 26.6158
55.155 26.4817
55.1328 26.4503
55.1481 26.2842
55.1236 26.2533
55.0711 26.2483
55.03 26.2194
54.9772 26.1608
54.9442 25.8817
54.9108 25.8625
54.8703 25.7889
54.8139 25.8036
54.7894 25.7367
54.7283 25.7492
54.6667 25.7272
54.5792 25.7642
54.5175 25.6489
54.4778 25.6331
54.4272 25.6364
54.3661 25.5572
54.3286 25.5475
54.3114 25.6111
54.3311 25.7142
54.2906 25.7272
54.2878 25.7703
54.2481 25.8078
54.2181 25.7872
54.1606 25.7853
54.1547 25.7003
54.1361 25.6692
54.1469 25.5344
54.1831 25.5047
54.2033 25.5478
54.2258 25.5183
54.2403 25.5772
54.3053 25.4928
54.2997 25.4519
54.2558 25.3917
54.2644 25.2178
54.23 25.2094
54.1725 25.1619
54.1347 25.0719
54.1311 25.0244
54.1586 24.9689
54.1422 24.8403
54.1136 24.8356
54.1014 24.7956
54.0344 24.8406
53.9772 24.8208
53.9686 24.7278
54.0017 24.6917
53.9922 24.6122
53.8886 24.3869
53.9061 24.3325
53.8997 24.2778
53.9531 24.2314
53.9675 24.1756
53.9375 24.0886
53.9389 23.9861
53.9558 23.935
53.9258 23.8336
53.9381 23.7875
53.9178 23.7797
53.9267 23.72
53.9047 23.6444
53.9361 23.5792
53.9472 23.5037
53.9953 23.475
54.0303 23.5178
54.1383 23.4844
54.2433 23.3419
54.308 23.0661
54.383 23
54.4086 22.8633
54.3667 22.7828
