CIC_MPM_VERS = 1.0
COMMENT Generated by Spacebel CCSDS library
CREATION_DATE = 2017-02-24T16:25:02.795719
ORIGINATOR = SVG² Control

META_START

USER_DEFINED_PROTOCOL = NONE
USER_DEFINED_CONTENT = REGION OF INTEREST
USER_DEFINED_SIZE = 2
USER_DEFINED_TYPE = REAL
USER_DEFINED_UNIT = [deg]

META_STOP

22.1815 113.529
22.1819 113.529
22.1839 113.529
22.1858 113.53
22.1878 113.53
22.1894 113.531
22.1911 113.531
22.1933 113.532
22.1956 113.532
22.1978 113.532
22.2 113.532
22.2019 113.531
22.2039 113.532
22.2058 113.533
22.2075 113.533
22.2089 113.534
22.2106 113.535
22.2117 113.536
22.2122 113.538
22.2131 113.539
22.2136 113.541
22.2142 113.543
22.2144 113.545
22.2144 113.547
22.2142 113.549
22.2136 113.551
22.2131 113.553
22.2125 113.555
22.2119 113.557
22.2114 113.559
22.2106 113.561
22.2104 113.561
22.21 113.562
22.2092 113.564
22.2083 113.565
22.2075 113.567
22.2061 113.569
22.2053 113.57
22.2047 113.571
22.2036 113.573
22.2031 113.573
22.2028 113.573
22.2017 113.574
22.2006 113.576
22.1989 113.577
22.1978 113.578
22.1964 113.579
22.1953 113.58
22.1942 113.581
22.1928 113.582
22.1914 113.583
22.1903 113.585
22.1889 113.586
22.1875 113.586
22.1861 113.588
22.1847 113.588
22.1833 113.589
22.1819 113.59
22.1803 113.591
22.1789 113.592
22.1775 113.593
22.1758 113.593
22.1742 113.594
22.1725 113.595
22.1711 113.596
22.1694 113.596
22.1678 113.597
22.1661 113.597
22.1642 113.598
22.1619 113.598
22.16 113.599
22.1583 113.599
22.1561 113.599
22.1544 113.6
22.1525 113.6
22.1508 113.601
22.1492 113.601
22.1469 113.602
22.1453 113.602
22.1431 113.603
22.1411 113.603
22.1392 113.603
22.1372 113.604
22.1353 113.604
22.1331 113.604
22.1311 113.604
22.1289 113.604
22.1267 113.604
22.1242 113.604
22.1222 113.604
22.1197 113.604
22.1181 113.604
22.1156 113.604
22.1139 113.603
22.1117 113.603
22.11 113.603
22.1081 113.602
22.1064 113.601
22.105 113.6
22.1033 113.6
22.1022 113.599
22.1008 113.598
22.0994 113.596
22.0983 113.595
22.0969 113.594
22.0961 113.593
22.0953 113.591
22.0944 113.589
22.0939 113.588
22.0933 113.586
22.0931 113.584
22.0925 113.582
22.0922 113.58
22.0922 113.578
22.0919 113.576
22.0917 113.573
22.0917 113.571
22.0917 113.569
22.0917 113.566
22.0919 113.564
22.0922 113.562
22.0928 113.56
22.0936 113.558
22.0944 113.557
22.0958 113.555
22.0969 113.554
22.0981 113.553
22.0994 113.552
22.1006 113.551
22.1019 113.55
22.1036 113.549
22.1053 113.549
22.1069 113.548
22.1086 113.548
22.1106 113.547
22.1125 113.547
22.1144 113.546
22.1167 113.546
22.1183 113.546
22.1206 113.546
22.1225 113.546
22.125 113.546
22.1272 113.546
22.1292 113.545
22.1311 113.545
22.1331 113.544
22.135 113.544
22.1367 113.544
22.1386 113.543
22.14 113.543
22.1419 113.542
22.1436 113.541
22.1453 113.541
22.1472 113.54
22.1486 113.539
22.1506 113.539
22.1519 113.538
22.1536 113.537
22.155 113.536
22.1564 113.535
22.1578 113.534
22.1592 113.534
22.1606 113.533
22.1619 113.532
22.1636 113.531
22.165 113.53
22.1664 113.529
22.1683 113.529
22.1697 113.528
22.1717 113.527
22.1739 113.527
22.1764 113.527
22.1783 113.528
22.1803 113.528
22.1815 113.529
