CIC_MPM_VERS = 1.0
COMMENT Generated by Spacebel CCSDS library
CREATION_DATE = 2017-02-24T16:25:02.847718
ORIGINATOR = SVG² Control

META_START

USER_DEFINED_PROTOCOL = NONE
USER_DEFINED_CONTENT = REGION OF INTEREST
USER_DEFINED_SIZE = 2
USER_DEFINED_TYPE = REAL
USER_DEFINED_UNIT = [deg]

META_STOP

41.8846 20.5896
41.8558 20.6317
41.8719 20.67
41.8561 20.7025
41.8639 20.7331
41.9256 20.7772
41.9933 20.7592
42.0825 20.7928
42.1511 21.0336
42.1989 21.1047
42.1981 21.1419
42.15 21.2153
42.0997 21.2483
42.0936 21.3131
42.1081 21.3286
42.1514 21.3061
42.1956 21.3481
42.2297 21.4394
42.2625 21.46
42.2647 21.51
42.2436 21.5572
42.2532 21.6098
42.2375 21.7383
42.2633 21.7886
42.3008 21.8044
42.3308 21.8503
42.3067 21.9264
42.3256 21.9958
42.3006 22.0833
42.3197 22.1247
42.3153 22.195
42.3417 22.2219
42.3397 22.2464
42.3614 22.3244
42.3229 22.3694
42.32 22.3636
42.2794 22.4078
42.1033 22.6094
42.0478 22.8033
41.8025 22.9475
41.7653 23.0128
41.7205 23.0314
41.6614 22.9855
41.3944 22.965
41.3433 22.9359
41.3442 22.8014
41.2438 22.7653
41.2144 22.7547
41.186 22.7412
41.1428 22.7206
41.1853 22.6539
41.12 22.5903
41.1217 22.4689
41.1705 22.2469
41.125 22.1311
41.1583 22.0667
41.0953 21.9161
40.9289 21.7803
40.938 21.6944
40.9019 21.6725
40.9105 21.4717
40.8719 21.3431
40.8627 21.12
40.857 20.9832
40.8939 20.983
40.9333 20.8589
40.9003 20.8075
40.911 20.7397
40.9119 20.7339
41.088 20.67
41.0901 20.6449
41.0942 20.5975
41.3275 20.4933
41.4039 20.5622
41.5536 20.4625
41.5847 20.5553
41.7278 20.5142
41.8846 20.5896
