CIC_MPM_VERS = 1.0
COMMENT Generated by Spacebel CCSDS library
CREATION_DATE = 2017-02-24T16:25:02.897719
ORIGINATOR = SVG² Control

META_START

USER_DEFINED_PROTOCOL = NONE
USER_DEFINED_CONTENT = REGION OF INTEREST
USER_DEFINED_SIZE = 2
USER_DEFINED_TYPE = REAL
USER_DEFINED_UNIT = [deg]

META_STOP

-14.8469 47.2855
-14.6653 47.455
-14.7117 47.5008
-14.8483 47.4994
-14.9714 47.4125
-15.0986 47.4111
-15.1081 47.4386
-14.9814 47.5672
-14.7781 47.6436
-14.5714 47.7964
-14.71 47.9211
-14.6608 47.9361
-14.6353 47.9189
-14.6217 47.9686
-14.6625 47.9955
-14.76 47.9875
-14.7281 48.0208
-14.6395 48.0172
-14.5708 47.9319
-14.5983 47.8536
-14.5461 47.8075
-14.6036 47.7556
-14.5583 47.7208
-14.3572 47.7139
-14.2097 47.8044
-14.2464 47.8528
-14.2539 47.9278
-14.185 47.9572
-14.0928 47.9044
-14.1383 48.0111
-14.2947 47.9983
-14.2597 48.0344
-14.2174 48.0208
-14.1061 48.0525
-14.0064 47.9419
-13.965 48.023
-13.8975 47.9105
-13.7767 47.8725
-13.7139 47.8942
-13.5964 47.9053
-13.585 47.9619
-13.5281 47.9644
-13.5814 48.0072
-13.55 48.0478
-13.5147 48.0308
-13.5394 48.0833
-13.6028 48.0969
-13.5961 48.1436
-13.7542 48.18
-13.8045 48.2419
-13.8081 48.2872
-13.7731 48.3355
-13.5542 48.3341
-13.5492 48.3686
-13.5867 48.395
-13.5169 48.4558
-13.5261 48.5269
-13.4039 48.518
-13.4489 48.5978
-13.4272 48.7397
-13.2661 48.8416
-13.1981 48.8125
-12.9769 48.8972
-12.8222 48.9594
-12.605 48.8703
-12.5553 48.8869
-12.5697 48.8369
-12.4383 48.7811
-12.4342 48.7308
-12.3992 48.7664
-12.4603 48.8881
-12.4958 48.9072
-12.4828 48.948
-12.3578 48.9692
-12.2767 49.0639
-12.2981 49.0867
-12.1542 49.1989
-12.0992 49.1511
-12.0992 49.0953
-12.0539 49.1572
-12.1053 49.2253
-12.0033 49.2075
-11.9478 49.2744
-12.0619 49.3472
-12.2072 49.3719
-12.1439 49.2619
-12.225 49.2325
-12.2358 49.2875
-12.2975 49.3164
-12.2994 49.3564
-12.2358 49.3597
-12.2328 49.3953
-12.3761 49.4586
-12.3464 49.4986
-12.3844 49.5439
-12.4114 49.4875
-12.4792 49.588
-12.5325 49.5967
-12.542 49.5756
-12.6322 49.5614
-12.6931 49.6486
-12.8061 49.6533
-12.7797 49.7105
-12.7408 49.7172
-12.8003 49.8017
-12.8653 49.8111
-13.0306 49.9386
-13.3467 49.9794
-13.3489 50.0267
-13.6108 50.0766
-13.6275 50.1019
-14.6131 50.2133
-14.7114 50.2383
-14.8672 50.2803
-15.185 50.4469
-15.252 50.4994
-15.5692 50.4364
-15.9689 50.2408
-15.9895 50.1655
-15.9342 50.1458
-15.867 50.0339
-15.5828 49.9244
-15.4683 49.9022
-15.4267 49.9025
-15.4358 49.7514
-15.4658 49.6961
-15.5472 49.6372
-15.8997 49.7336
-16.0394 49.6797
-16.1275 49.7097
-16.1972 49.8361
-16.2358 49.8544
-16.3567 49.825
-16.5425 49.8494
-16.6417 49.7994
-16.7147 49.7192
-16.7864 49.7367
-16.8303 49.7886
-16.8447 49.8172
-16.8942 49.6172
-17.1875 49.4736
-17.3261 49.4206
-17.6783 49.5097
-18.4036 49.365
-19.1842 49.0355
-19.9858 48.7956
-20.3881 48.6166
-20.997 48.4333
-21.0842 48.4269
-21.7894 48.2053
-22.4319 47.9197
-23.4622 47.6622
-23.5903 47.6178
-23.5611 47.5928
-23.5964 47.5705
-23.622 47.6169
-23.8392 47.5758
-24.2725 47.3761
-24.2681 47.3258
-24.4589 47.3155
-24.77 47.2008
-24.8317 47.1353
-24.9281 47.133
-24.8845 47.1047
-24.9739 47.0944
-25.0489 46.9747
-25.075 46.8844
-25.1917 46.6466
-25.1617 46.503
-25.1736 46.3367
-25.3192 45.9425
-25.5222 45.6136
-25.5686 45.5303
-25.6003 45.1589
-25.3356 44.8083
-25.3039 44.7114
-25.2578 44.3669
-25.1681 44.2972
-25.1631 44.3133
-25.2328 44.3891
-25.2117 44.4119
-25.0692 44.1844
-25.0044 44.0322
-24.5145 43.8403
-24.4172 43.7119
-24.3114 43.6642
-23.8292 43.6541
-23.6667 43.6358
-23.6194 43.6522
-23.5817 43.7458
-23.4636 43.7594
-23.3114 43.615
-23.0992 43.5969
-22.8753 43.3758
-22.5889 43.2864
-22.2511 43.2211
-22.2164 43.2503
-22.2367 43.2922
-22.1703 43.2969
-22.1628 43.2505
-21.9542 43.2594
-21.865 43.2997
-21.9336 43.3114
-21.9172 43.33
-21.7586 43.3341
-21.6725 43.4722
-21.4086 43.475
-21.3128 43.508
-21.2861 43.7411
-21.2253 43.8086
-20.7881 43.9494
-20.7239 44.0361
-20.4419 44.1761
-20.3828 44.2514
-20.2444 44.2928
-19.99 44.475
-19.882 44.4733
-19.8122 44.3875
-19.7722 44.37
-19.6919 44.4125
-19.5572 44.4383
-19.5317 44.4822
-19.4383 44.4692
-19.0903 44.2361
-18.8839 44.243
-18.8531 44.2617
-18.5911 44.1636
-18.4231 44.0405
-17.757 44.0314
-17.6119 43.9289
-17.5006 43.9314
-17.1853 44.1186
-16.7036 44.4325
-16.4958 44.4661
-16.3647 44.3986
-16.2039 44.4428
-16.1772 44.4889
-16.2264 44.8617
-15.9314 45.2547
-15.9328 45.2739
-16.1106 45.2917
-16.1103 45.3269
-16.0375 45.3978
-15.9878 45.3658
-15.9492 45.5725
-16.0553 45.6069
-15.9072 45.6453
-15.8514 45.6192
-15.7792 45.6869
-15.8247 45.8222
-15.7731 45.9108
-15.7839 45.9575
-15.845 45.9558
-15.872 46.0636
-15.7842 46.0705
-15.8239 46.0114
-15.7936 46.0131
-15.7256 46.09
-15.7036 46.1719
-15.7142 46.2325
-15.8061 46.2355
-15.9122 46.2705
-15.9733 46.3211
-15.9008 46.3953
-15.9661 46.4772
-15.8631 46.4228
-15.8181 46.298
-15.7378 46.3603
-15.7172 46.3044
-15.6342 46.3317
-15.4433 46.5742
-15.1989 46.9472
-15.2345 46.9725
-15.2822 46.985
-15.3344 47.0764
-15.5022 46.9622
-15.4797 47.093
-15.4447 47.1289
-15.4486 47.2236
-15.4125 47.2364
-15.4014 47.1961
-15.2964 47.1642
-15.3056 47.1119
-15.1981 47.058
-15.1192 47.1055
-15.0336 47.2161
-14.9125 47.3106
-14.877 47.3816
-14.8461 47.3581
-14.8753 47.3
-14.8469 47.2855
