CIC_MPM_VERS = 1.0
COMMENT Generated by Spacebel CCSDS library
CREATION_DATE = 2017-02-24T16:25:02.939218
ORIGINATOR = SVG² Control

META_START

USER_DEFINED_PROTOCOL = NONE
USER_DEFINED_CONTENT = REGION OF INTEREST
USER_DEFINED_SIZE = 2
USER_DEFINED_TYPE = REAL
USER_DEFINED_UNIT = [deg]

META_STOP

-9.69981 33.9281
-9.54639 33.9503
-9.49778 33.9886
-9.48472 34.0436
-9.56723 34.1339
-9.89944 34.4478
-10.1803 34.558
-10.4445 34.5705
-10.7475 34.6761
-11.0283 34.5939
-11.1633 34.6686
-11.345 34.7636
-11.3403 34.8233
-11.4281 34.9186
-11.5657 34.9632
-11.5729 34.962
-11.5729 34.9581
-11.5758 34.6261
-11.7639 34.6144
-12.1672 34.3739
-12.5033 34.4444
-12.7589 34.53
-13.3469 34.5691
-13.4964 34.658
-13.4974 34.8621
-13.5004 34.8658
-13.6861 35.0953
-14.6561 35.8772
-14.885 35.8811
-14.8856 35.9242
-15.1778 35.8003
-15.3278 35.8418
-15.3342 35.8436
-15.4194 35.8672
-16.0625 35.7869
-16.1372 35.6061
-16.1245 35.4117
-16.2247 35.2933
-16.4586 35.2517
-16.5506 35.1372
-16.6211 35.1686
-16.6972 35.2714
-16.8461 35.3041
-16.9503 35.2711
-17.0614 35.308
-17.1358 35.2906
-17.1292 35.0916
-17.0272 35.0525
-16.952 35.1391
-16.8411 35.1464
-16.8169 35.1283
-16.8239 35.0494
-16.6775 34.8597
-16.5372 34.7619
-16.4047 34.5944
-16.3239 34.5756
-16.2842 34.4542
-16.205 34.4105
-16.0636 34.4278
-15.9164 34.2636
-15.8078 34.2603
-15.7436 34.3242
-15.6758 34.41
-15.5475 34.4433
-15.4967 34.4253
-15.2828 34.5897
-14.7872 34.5669
-14.6886 34.5225
-14.6156 34.5411
-14.3972 34.3889
-14.4036 34.3011
-14.4939 34.0739
-14.4753 33.9322
-14.5339 33.8256
-14.4875 33.7364
-14.5006 33.7078
-14.5986 33.6928
-14.5894 33.6505
-14.4422 33.5494
-14.4106 33.4789
-14.0111 33.2218
-13.9222 33.1617
-14.0528 33.04
-14.0328 33.0044
-13.82 32.8992
-13.7756 32.7825
-13.7433 32.7783
-13.7097 32.8328
-13.6406 32.7858
-13.6225 32.6897
-13.565 32.6905
-13.5381 32.8222
-13.215 33.0122
-13.037 32.9928
-12.9103 33.0353
-12.8506 32.9678
-12.7617 32.9603
-12.6039 33.0464
-12.5808 33.1378
-12.5883 33.2269
-12.5272 33.2803
-12.5433 33.3572
-12.3689 33.5378
-12.3278 33.5444
-12.3417 33.3944
-12.2578 33.3353
-12.1314 33.2711
-11.8072 33.33
-11.6078 33.3236
-11.5706 33.2844
-11.5747 33.2305
-11.2561 33.3567
-11.17 33.4091
-10.8975 33.2503
-10.8656 33.2869
-10.7986 33.3969
-10.7797 33.5017
-10.5811 33.693
-10.5133 33.685
-10.4003 33.5728
-10.2272 33.5594
-10.0678 33.3242
-9.93306 33.3594
-9.90361 33.3903
-9.82445 33.3614
-9.73139 33.2386
-9.63417 33.2291
-9.58667 33.1178
-9.66278 33.1047
-9.62167 32.9933
-9.48103 32.985
-9.48944 32.9539
-9.40627 32.9407
-9.40361 32.9403
-9.37333 32.9978
-9.41167 33.0286
-9.50917 33.1925
-9.48417 33.3019
-9.53806 33.3939
-9.61195 33.4289
-9.62195 33.5089
-9.58472 33.5789
-9.61056 33.6769
-9.58278 33.7558
-9.69981 33.9281
