CIC_MPM_VERS = 1.0
COMMENT Generated by Spacebel CCSDS library
CREATION_DATE = 2017-02-24T16:25:02.987219
ORIGINATOR = SVG² Control

META_START

USER_DEFINED_PROTOCOL = NONE
USER_DEFINED_CONTENT = REGION OF INTEREST
USER_DEFINED_SIZE = 2
USER_DEFINED_TYPE = REAL
USER_DEFINED_UNIT = [deg]

META_STOP

7.13028 117.088
7.17416 117.05
7.30055 117.089
7.35667 117.223
7.33028 117.289
7.24194 117.279
7.17556 117.219
7.13028 117.088
180.0 180.0
6.24917 99.7428
6.385 99.6469
6.41166 99.6697
6.46396 99.8533
6.34194 99.9217
6.28917 99.8742
6.31083 99.8244
6.24917 99.7428
180.0 180.0
6.41779 100.129
6.47667 100.171
6.6875 100.19
6.71056 100.209
6.70167 100.299
6.5475 100.371
6.44833 100.655
6.50361 100.749
6.32555 100.854
6.24278 100.852
6.23861 100.946
6.2775 100.99
6.24889 101.116
6.18722 101.122
6.16083 101.079
5.99055 101.12
5.80611 100.994
5.73278 101.024
5.71417 101.084
5.63194 101.14
5.69916 101.249
5.80444 101.282
5.91667 101.57
5.86056 101.659
5.77083 101.685
5.73944 101.824
5.86194 101.944
5.96472 101.946
6.11055 102.092
6.23618 102.094
6.18944 102.313
6.13194 102.373
5.74083 102.658
5.45555 103.058
5.27861 103.184
4.84111 103.421
4.29916 103.493
4.085 103.394
3.95056 103.439
3.95722 103.402
3.90278 103.379
3.805 103.382
3.79222 103.348
3.69222 103.353
3.52972 103.464
3.50401 103.45
3.3925 103.426
2.92833 103.437
2.83667 103.482
2.66139 103.641
2.64639 103.767
2.44667 103.842
2.32444 103.953
2.2 103.971
2.13667 104.02
1.83611 104.139
1.83861 104.168
1.51222 104.282
1.36556 104.276
1.33833 104.187
1.36917 104.103
1.46889 104.048
1.51472 104.125
1.54555 104.125
1.50056 104.045
1.64028 103.974
1.64167 103.951
1.53805 104.011
1.44083 104.004
1.41806 103.965
1.47194 103.8
1.34472 103.586
1.37972 103.543
1.26889 103.512
1.53667 103.371
1.59639 103.235
1.85306 102.812
1.84583 102.726
1.86889 102.687
2.03899 102.559
2.15222 102.331
2.41528 101.931
2.39667 101.858
2.58306 101.775
2.68083 101.505
2.81083 101.401
2.84111 101.285
2.91222 101.282
2.99444 101.372
3.04556 101.37
3.26889 101.294
3.30639 101.256
3.63139 101.025
3.7875 100.807
3.84944 100.841
3.84167 100.76
3.87028 100.719
3.91694 100.697
3.99722 100.715
3.985 100.784
4.03139 100.865
4.01833 100.777
4.10222 100.758
4.1625 100.62
4.3225 100.562
4.55555 100.643
4.56694 100.597
4.61111 100.592
4.67361 100.661
4.65861 100.599
4.75055 100.591
4.76417 100.629
4.79361 100.574
4.85694 100.554
4.9075 100.513
4.92111 100.436
5.08611 100.361
5.14833 100.416
5.66111 100.341
5.67333 100.385
5.99722 100.348
6.20833 100.251
6.27778 100.177
6.41779 100.129
180.0 180.0
4.81832 115.03
4.65666 115.027
4.38639 115.099
4.31139 115.336
4.32916 115.36
4.52944 115.266
4.725 115.244
4.90336 115.146
4.9575 115.223
4.89444 115.323
4.90333 115.367
5.06861 115.558
5.2175 115.603
5.31167 115.358
5.40305 115.382
5.44666 115.448
5.62805 115.595
5.61916 115.617
5.54972 115.583
5.52167 115.596
5.52722 115.675
5.53389 115.817
5.57639 115.857
5.7475 115.919
5.84083 116.051
6.06972 116.142
6.09583 116.121
6.11139 116.092
6.23666 116.22
6.23389 116.292
6.29611 116.276
6.35944 116.326
6.70111 116.644
6.96778 116.716
7.02167 116.773
6.96111 116.835
6.88972 116.85
6.9025 116.817
6.85694 116.81
6.84416 116.846
6.76639 116.855
6.70305 116.81
6.59028 116.779
6.57666 116.8
6.59639 116.863
6.84 117.054
6.93667 117.031
6.99305 117.089
6.99028 117.178
6.92833 117.253
6.82083 117.224
6.62889 117.298
6.54111 117.474
6.62833 117.529
6.53444 117.562
6.51333 117.65
6.38389 117.74
6.25167 117.718
6.25528 117.672
6.18972 117.6
6.12361 117.636
6.03444 117.634
6.01333 117.671
5.97167 117.668
5.86666 117.464
5.95 117.883
5.99416 117.921
6.05889 118.013
5.86139 118.125
5.81028 118.08
5.81361 117.931
5.79028 117.907
5.68139 117.96
5.69639 118.149
5.80389 118.177
5.8075 118.374
5.74805 118.492
5.65889 118.598
5.64028 118.575
5.52111 118.565
5.61778 118.603
5.64166 118.639
5.50472 118.832
5.42972 118.935
5.39 118.928
5.39083 118.97
5.43722 118.974
5.41806 119.023
5.43639 119.134
5.43583 119.202
5.345 119.276
5.21417 119.268
5.12389 119.194
5.04472 118.972
4.93083 118.491
5.00111 118.445
5.03583 118.391
4.96 118.205
4.85083 118.133
4.81 118.188
4.59333 118.417
4.61389 118.438
4.58444 118.491
4.53528 118.467
4.49972 118.507
4.52361 118.593
4.43028 118.642
4.37694 118.574
4.35083 118.468
4.23 117.974
4.4225 117.655
4.38028 117.601
4.26694 117.652
4.17124 117.588
4.19278 117.443
4.35916 117.233
4.33083 116.83
4.37305 116.743
4.33194 116.694
4.33472 116.642
4.38611 116.57
4.36611 116.522
4.3175 116.526
4.29528 116.451
4.37083 116.35
4.37583 116.167
4.27722 116.054
4.36805 115.886
4.34305 115.857
4.27944 115.852
4.23639 115.758
3.90639 115.564
3.85417 115.616
3.61278 115.571
3.42667 115.627
3.41778 115.571
3.02784 115.487
2.98639 115.321
3.045 115.271
2.92555 115.156
2.8825 115.135
2.77194 115.129
2.61639 115.082
2.5975 115.098
2.60861 115.147
2.5225 115.237
2.49139 115.214
2.48083 115.148
2.41889 115.087
2.36055 114.95
2.29111 114.948
2.24889 114.805
2.14667 114.776
2.03417 114.81
2.04389 114.868
1.89722 114.853
1.82925 114.694
1.77056 114.711
1.63028 114.666
1.45 114.588
1.43222 114.544
1.50833 114.389
1.42417 114.194
1.46778 114.134
1.44389 113.925
1.29944 113.782
1.22944 113.643
1.31639 113.551
1.28639 113.433
1.43833 113.099
1.42278 112.98
1.49667 113.044
1.55417 113.043
1.57 112.484
1.49944 112.31
1.42528 112.185
1.14444 112.127
1.12472 111.942
1.01694 111.857
0.993889 111.798
1.035 111.65
0.960833 111.534
1.02528 111.503
1.01167 111.395
1.08639 111.236
1.01444 110.904
0.964444 110.844
0.853333 110.588
0.866389 110.52
0.941111 110.43
0.990278 110.349
1.11444 110.233
1.22333 110.068
1.40556 109.937
1.41444 109.85
1.61778 109.668
1.78444 109.67
1.80083 109.586
1.85361 109.555
2.06426 109.65
1.93361 109.652
1.85889 109.701
1.78833 109.843
1.68778 109.934
1.70139 110.175
1.67055 110.289
1.79611 110.319
1.79389 110.345
1.71389 110.363
1.68972 110.407
1.73917 110.501
1.72 110.516
1.61722 110.466
1.54944 110.723
1.52 110.741
1.44472 110.688
1.46444 110.75
1.56861 110.785
1.5625 110.837
1.3775 111.132
1.38972 111.253
1.33306 111.319
1.34806 111.38
1.41583 111.262
1.39528 111.169
1.465 111.054
1.57555 111
1.66778 111.031
1.685 111.082
1.65083 111.176
1.74805 111.101
2.11861 111.243
2.11917 111.349
2.16389 111.368
2.14111 111.178
2.15833 111.169
2.21639 111.207
2.21722 111.238
2.25611 111.182
2.41361 111.217
2.42861 111.247
2.33972 111.364
2.35278 111.495
2.48154 111.407
2.48694 111.516
2.50333 111.453
2.55417 111.415
2.69167 111.445
2.84833 111.672
2.88055 111.953
2.97167 112.32
3.10083 112.865
3.18305 113.036
3.37722 113.171
3.765 113.451
3.98389 113.728
4.30778 113.958
4.45333 113.995
4.57305 113.963
4.59889 113.992
4.5899 114.091
4.53194 114.236
4.34472 114.328
4.28028 114.324
4.25694 114.375
4.26583 114.445
4.02778 114.61
4.02972 114.67
4.13055 114.796
4.27222 114.848
4.27305 114.804
4.35861 114.869
4.43278 114.877
4.4375 114.841
4.72083 114.778
4.80083 114.849
4.83167 114.979
4.89099 115.013
4.89052 115.019
4.82529 115.028
4.81832 115.03
180.0 180.0
9.13038e-315 8.38923e-321
