CIC_MPM_VERS = 1.0
COMMENT Generated by Spacebel CCSDS library
CREATION_DATE = 2017-02-24T16:25:03.023219
ORIGINATOR = SVG² Control

META_START

USER_DEFINED_PROTOCOL = NONE
USER_DEFINED_CONTENT = REGION OF INTEREST
USER_DEFINED_SIZE = 2
USER_DEFINED_TYPE = REAL
USER_DEFINED_UNIT = [deg]

META_STOP

5.7069 73.3822
5.7081 73.3786
5.7122 73.3781
5.7153 73.3794
5.7186 73.3814
5.7211 73.3828
5.7236 73.385
5.7267 73.3864
5.7303 73.3875
5.7344 73.3869
5.7386 73.3864
5.7419 73.3878
5.7408 73.3917
5.7378 73.3931
5.7331 73.3931
5.7286 73.3928
5.725 73.3919
5.7225 73.3897
5.7194 73.3883
5.7161 73.3869
5.7131 73.3856
5.7097 73.3842
5.7069 73.3822
180.0 180.0
4.1764 73.5192
4.1769 73.515
4.1792 73.5128
4.1822 73.5114
4.1864 73.5117
4.19 73.5133
4.1928 73.5144
4.1956 73.5164
4.1975 73.5192
4.1928 73.5192
4.1914 73.5186
4.1878 73.5178
4.1836 73.5172
4.18 73.5183
4.1764 73.5192
180.0 180.0
5.7581 72.985
5.7589 72.9817
5.7617 72.98
5.7653 72.9792
5.7689 72.98
5.7717 72.9817
5.7708 72.9869
5.7675 72.9886
5.7633 72.9892
5.7611 72.9914
5.7594 72.9886
5.7581 72.985
180.0 180.0
4.6203 73.3969
4.6206 73.3925
4.6225 73.39
4.6261 73.3892
4.6283 73.3914
4.6297 73.3947
4.6283 73.3981
4.6261 73.4003
4.6225 73.3992
4.6203 73.3969
180.0 180.0
5.3008 73.4642
5.3033 73.4619
5.3072 73.4625
5.3097 73.4647
5.3097 73.4689
5.3078 73.4706
5.3036 73.4703
5.3014 73.4681
5.3008 73.4642
180.0 180.0
3.5092 72.7908
3.5111 72.7881
3.5139 72.7897
3.5169 72.7939
3.5169 72.7986
3.5156 72.8017
3.5133 72.8042
3.5103 72.8028
3.5106 72.7986
3.5103 72.7944
3.5092 72.7908
180.0 180.0
5.9008 73.43
5.9017 73.4264
5.9036 73.4236
5.9072 73.4222
5.9117 73.4222
5.9128 73.4253
5.9114 73.4294
5.9086 73.4317
5.9058 73.4336
5.9022 73.4331
5.9008 73.43
180.0 180.0
5.9544 73.3947
5.9567 73.3925
5.9589 73.39
5.9611 73.3878
5.9639 73.3856
5.9653 73.3828
5.9667 73.3794
5.9714 73.3794
5.9731 73.3822
5.9725 73.3864
5.9703 73.39
5.9686 73.3933
5.9661 73.395
5.9631 73.3969
5.9589 73.3981
5.9553 73.3983
5.9544 73.3947
180.0 180.0
5.9536 72.9314
5.955 72.9283
5.9578 72.9264
5.9614 72.9256
5.9656 72.9244
5.9692 72.9242
5.9719 72.9261
5.9733 72.9292
5.9714 72.9319
5.9692 72.9319
5.965 72.9328
5.9608 72.9333
5.9569 72.9328
5.9536 72.9314
180.0 180.0
4.2606 72.9744
4.2608 72.9703
4.2614 72.9661
4.2622 72.9625
4.2644 72.9603
4.2686 72.9597
4.2664 72.9631
4.2672 72.9672
4.2672 72.9714
4.2672 72.9758
4.2656 72.9786
4.2617 72.9778
4.2606 72.9744
180.0 180.0
5.3531 73.4042
5.3542 73.4006
5.3556 73.3972
5.3572 73.3944
5.3597 73.3922
5.3628 73.3936
5.3622 73.3978
5.36 73.4006
5.3586 73.4033
5.3564 73.4056
5.3531 73.4042
180.0 180.0
5.2919 73.1119
5.2922 73.1083
5.2947 73.1061
5.2975 73.1081
5.2986 73.1131
5.2947 73.1139
5.2919 73.1119
180.0 180.0
6.1469 73.2667
6.1489 73.2639
6.1528 73.265
6.1567 73.2653
6.1597 73.2667
6.1578 73.2694
6.1542 73.2706
6.1569 73.2706
6.1525 73.2708
6.1489 73.2694
6.1469 73.2667
180.0 180.0
6.1753 73.2686
6.1781 73.2669
6.1811 73.2653
6.1853 73.2644
6.1886 73.2656
6.1917 73.2669
6.1931 73.27
6.1894 73.2711
6.1853 73.2706
6.1825 73.2686
6.1789 73.2678
6.1753 73.2686
180.0 180.0
6.2792 73.1222
6.2825 73.1208
6.2856 73.1222
6.2878 73.1244
6.2869 73.1286
6.2842 73.1308
6.2814 73.1294
6.2797 73.1267
6.2792 73.1222
180.0 180.0
6.2269 73.2439
6.2275 73.2397
6.2292 73.2369
6.2319 73.2353
6.2361 73.2347
6.2381 73.2375
6.2397 73.2419
6.2389 73.2458
6.2367 73.2481
6.2319 73.2481
6.2292 73.2461
6.2269 73.2439
180.0 180.0
6.3147 73.2025
6.3161 73.1994
6.3189 73.1975
6.3197 73.1939
6.3208 73.1903
6.3247 73.1908
6.3267 73.1936
6.3272 73.1975
6.3267 73.2022
6.3275 73.1972
6.3275 73.2017
6.3247 73.2042
6.3217 73.205
6.3175 73.2044
6.3147 73.2025
180.0 180.0
6.3214 73.1242
6.3222 73.1208
6.3264 73.12
6.3294 73.1214
6.3317 73.1242
6.3303 73.1272
6.3264 73.1283
6.3236 73.1264
6.3214 73.1242
180.0 180.0
6.3414 73.1833
6.3428 73.1803
6.3458 73.1789
6.35 73.1797
6.3522 73.1817
6.3531 73.1853
6.3508 73.1875
6.3472 73.1867
6.3436 73.1856
6.3414 73.1833
180.0 180.0
6.4017 72.6872
6.4031 72.6842
6.4072 72.6836
6.4108 72.6844
6.4136 72.6864
6.4164 72.6886
6.4156 72.6919
6.4117 72.6911
6.4075 72.6906
6.4044 72.6886
6.4017 72.6872
180.0 180.0
6.4275 73.0475
6.4278 73.0433
6.43 73.0408
6.4333 73.0394
6.4364 73.0411
6.4406 73.0406
6.4442 73.0414
6.4453 73.0453
6.4417 73.0492
6.4375 73.0503
6.4333 73.0506
6.4292 73.0503
6.4275 73.0475
180.0 180.0
4.1622 73.4728
4.1628 73.4686
4.165 73.4664
4.1683 73.465
4.1714 73.4664
4.1736 73.4686
4.1733 73.4733
4.1686 73.4736
4.165 73.4747
4.1622 73.4728
180.0 180.0
6.6139 73.0394
6.6167 73.0375
6.6211 73.0375
6.6244 73.0389
6.6269 73.0411
6.6283 73.0439
6.6258 73.0458
6.6219 73.045
6.6189 73.0436
6.6153 73.0422
6.6139 73.0394
180.0 180.0
6.6561 73.0633
6.6575 73.06
6.6622 73.0606
6.6656 73.0614
6.6689 73.0625
6.6719 73.0642
6.6728 73.0681
6.6694 73.0694
6.6681 73.0697
6.6644 73.0689
6.6614 73.0675
6.6586 73.0656
6.6561 73.0633
180.0 180.0
4.0908 73.5103
4.0914 73.5061
4.0936 73.5039
4.0964 73.5019
4.1 73.5011
4.1047 73.5006
4.1069 73.5031
4.1058 73.5067
4.1036 73.5083
4.1008 73.5108
4.0978 73.5122
4.0936 73.5122
4.0908 73.5103
180.0 180.0
6.6964 73.0969
6.6972 73.0933
6.7006 73.0947
6.7033 73.0964
6.7069 73.0975
6.7106 73.0983
6.7139 73.0997
6.7156 73.1025
6.7133 73.1047
6.7089 73.1047
6.71 73.1061
6.7069 73.1047
6.7028 73.1044
6.6992 73.1033
6.6969 73.1011
6.6964 73.0969
180.0 180.0
2.68221 72.9003
2.6847 72.9025
2.6861 72.9061
2.6833 72.9081
2.6792 72.9086
2.6758 72.9072
2.6736 72.9047
2.6736 72.9008
2.6772 72.8994
2.6808 72.8997
2.68221 72.9003
180.0 180.0
6.7253 73.1342
6.7261 73.1306
6.7292 73.1292
6.7339 73.1292
6.7369 73.1306
6.7383 73.1339
6.7403 73.1369
6.7417 73.1397
6.7433 73.1425
6.7456 73.145
6.7481 73.1472
6.7508 73.1494
6.7533 73.1508
6.7567 73.1528
6.7603 73.1536
6.7644 73.1542
6.7681 73.155
6.7725 73.155
6.7767 73.1556
6.78 73.1569
6.7817 73.1597
6.7842 73.1619
6.7822 73.1647
6.7781 73.1642
6.7744 73.1633
6.7708 73.1614
6.7686 73.16
6.765 73.1592
6.7611 73.1583
6.7575 73.1572
6.7544 73.1556
6.7511 73.1542
6.7481 73.1528
6.7447 73.1514
6.7419 73.1494
6.7392 73.1475
6.7367 73.1458
6.7339 73.1439
6.7311 73.1417
6.7289 73.1397
6.7264 73.1369
6.7253 73.1342
180.0 180.0
6.8186 73.1842
6.82 73.1808
6.8228 73.1786
6.8261 73.1778
6.8297 73.1767
6.8333 73.1778
6.8325 73.1814
6.8306 73.1819
6.8275 73.1836
6.8256 73.1864
6.8261 73.1906
6.8278 73.1933
6.8297 73.1964
6.8311 73.1992
6.8289 73.2017
6.8261 73.1997
6.8236 73.1975
6.8222 73.1942
6.8206 73.1914
6.8192 73.1883
6.8186 73.1842
180.0 180.0
6.9539 72.9056
6.9542 72.9014
6.9578 72.9003
6.9619 72.9008
6.9644 72.9028
6.9631 72.905
6.9603 72.9072
6.9561 72.9078
6.9539 72.9056
180.0 180.0
6.9461 73.1953
6.9481 73.1925
6.9511 73.1917
6.9553 73.1911
6.9597 73.1919
6.9631 73.1925
6.9672 73.1922
6.9714 73.1917
6.9753 73.1922
6.9786 73.1936
6.9786 73.1978
6.9739 73.1981
6.9714 73.1986
6.9675 73.1978
6.9636 73.1972
6.9594 73.1975
6.9553 73.1989
6.9517 73.1994
6.9475 73.1989
6.9461 73.1953
180.0 180.0
6.8822 73.2022
6.8825 73.1981
6.885 73.1956
6.8894 73.1956
6.8914 73.1983
6.8931 73.2017
6.895 73.2039
6.8978 73.2064
6.9006 73.2078
6.9036 73.2089
6.9072 73.21
6.9114 73.2094
6.9142 73.2078
6.9175 73.2064
6.9214 73.2058
6.925 73.2072
6.9264 73.21
6.9247 73.2128
6.9211 73.2136
6.9186 73.2142
6.9142 73.2147
6.9094 73.2147
6.9056 73.215
6.9014 73.2144
6.8978 73.2142
6.8942 73.2131
6.8908 73.2119
6.8878 73.2103
6.8853 73.2081
6.8836 73.2053
6.8822 73.2022
180.0 180.0
3.995 72.7056
3.9964 72.7022
3.9978 72.6992
4.0008 72.6978
4.0028 72.7006
4.0033 72.7033
4.0036 72.7078
4.0019 72.7106
3.9983 72.7114
3.9956 72.7097
3.995 72.7056
180.0 180.0
7.0103 72.9833
7.0117 72.98
7.0153 72.9792
7.0186 72.9778
7.0217 72.9764
7.0242 72.9742
7.0272 72.9728
7.0294 72.975
7.0278 72.98
7.025 72.9822
7.0222 72.9842
7.0194 72.9861
7.0153 72.9869
7.0122 72.9855
7.0103 72.9833
180.0 180.0
7.0803 72.9131
7.0822 72.9103
7.085 72.9083
7.0875 72.9064
7.0903 72.9047
7.0931 72.9028
7.0953 72.9053
7.0964 72.9089
7.095 72.9119
7.0928 72.9131
7.0889 72.9147
7.0858 72.9158
7.0817 72.9161
7.0803 72.9131
180.0 180.0
5.8019 72.9767
5.8028 72.9731
5.8056 72.9714
5.8092 72.9697
5.8133 72.9694
5.8156 72.9714
5.8136 72.9767
5.8092 72.9767
5.8056 72.9778
5.8019 72.9767
180.0 180.0
5.8258 73.4325
5.8272 73.4297
5.8308 73.4308
5.8328 73.4336
5.8344 73.4364
5.8364 73.4392
5.8386 73.4414
5.8414 73.4431
5.8444 73.4444
5.8483 73.4456
5.8506 73.4478
5.8492 73.4511
5.8444 73.4511
5.8408 73.45
5.8372 73.4492
5.8344 73.4472
5.8322 73.445
5.8303 73.4417
5.8289 73.4389
5.8272 73.4364
5.8258 73.4325
180.0 180.0
3.9642 73.4889
3.9656 73.4858
3.9683 73.4875
3.9719 73.4886
3.9756 73.4894
3.9733 73.4936
3.9703 73.4922
3.9669 73.4908
3.9642 73.4889
180.0 180.0
2.4908 73.3169
2.4919 73.3136
2.4947 73.312
2.4981 73.3106
2.5017 73.3097
2.5047 73.3111
2.5058 73.315
2.5025 73.3169
2.4997 73.3189
2.4967 73.3203
2.4925 73.3197
2.4908 73.3169
180.0 180.0
4.1628 73.4953
4.165 73.493
4.1678 73.4911
4.1714 73.4903
4.175 73.4911
4.1783 73.4975
4.1792 73.5017
4.1786 73.5053
4.1764 73.5075
4.1722 73.5086
4.1686 73.5075
4.1658 73.5064
4.1642 73.5036
4.1631 73.4994
4.1628 73.4953
180.0 180.0
3.9397 73.3411
3.9425 73.3394
3.9456 73.3408
3.9467 73.3444
3.9447 73.3453
3.9406 73.3444
3.9397 73.3411
180.0 180.0
3.93 73.4678
3.9322 73.4656
3.935 73.4672
3.9378 73.4692
3.94 73.4714
3.9414 73.4747
3.9422 73.4775
3.9406 73.4803
3.9372 73.4789
3.935 73.4764
3.9331 73.4739
3.9317 73.4706
3.93 73.4678
180.0 180.0
2.3814 73.3653
2.3822 73.3619
2.3864 73.3611
2.3908 73.3611
2.3956 73.3608
2.3992 73.3611
2.4039 73.3611
2.4078 73.3608
2.4125 73.3597
2.4156 73.3589
2.4192 73.3581
2.4225 73.3561
2.4253 73.3547
2.4283 73.3533
2.4311 73.3517
2.4339 73.3497
2.4375 73.3489
2.4408 73.3503
2.44 73.3539
2.4372 73.3544
2.4339 73.3561
2.4308 73.3575
2.4281 73.3594
2.4253 73.3617
2.4231 73.3636
2.4197 73.3653
2.4167 73.3661
2.4133 73.3675
2.4097 73.3686
2.4056 73.3689
2.4014 73.3686
2.3972 73.3675
2.3933 73.3672
2.3886 73.3672
2.3844 73.3667
2.3814 73.3653
180.0 180.0
2.3381 73.3436
2.3403 73.3414
2.3433 73.34
2.3467 73.3414
2.3481 73.3442
2.3467 73.3475
2.3419 73.3483
2.3392 73.3469
2.3381 73.3436
180.0 180.0
3.8372 73.4333
3.8386 73.43
3.8425 73.4305
3.8464 73.4314
3.8492 73.4333
3.8514 73.4356
3.8494 73.4383
3.8467 73.4375
3.8425 73.4369
3.8394 73.4356
3.8372 73.4333
180.0 180.0
3.5019 72.8303
3.5033 72.8269
3.5072 72.8264
3.5086 72.8297
3.5106 72.8317
3.51 72.8356
3.5078 72.8381
3.5042 72.8369
3.5022 72.8342
3.5019 72.8303
180.0 180.0
5.9736 72.9144
5.9742 72.9103
5.9764 72.9081
5.9811 72.9081
5.9842 72.9094
5.9856 72.9128
5.9833 72.915
5.9814 72.9158
5.9775 72.9153
5.9736 72.9144
180.0 180.0
2.3125 72.9283
2.3153 72.9264
2.3175 72.9242
2.3197 72.9219
2.3225 72.92
2.3267 72.9206
2.3289 72.9228
2.3275 72.9264
2.3253 72.9292
2.3219 72.9305
2.3183 72.9314
2.3144 72.9308
2.3125 72.9283
180.0 180.0
2.2864 72.9469
2.2881 72.9442
2.2922 72.9447
2.2928 72.9525
2.2886 72.9533
2.2869 72.9506
2.2864 72.9469
180.0 180.0
2.1892 73.1206
2.1897 73.1167
2.1917 73.1139
2.1939 73.1117
2.1969 73.1103
2.1994 73.1125
2.1997 73.1156
2.1983 73.1189
2.1969 73.1219
2.1947 73.1244
2.1906 73.1239
2.1892 73.1206
180.0 180.0
2.6814 72.8761
2.6814 72.8714
2.6828 72.8686
2.685 72.8664
2.6889 72.865
2.6925 72.8656
2.6961 72.8664
2.6975 72.8697
2.6942 72.8728
2.6911 72.8747
2.6878 72.8764
2.6847 72.8775
2.6814 72.8761
180.0 180.0
5.8467 72.9686
5.8475 72.965
5.8511 72.9639
5.8539 72.9622
5.8572 72.9608
5.8608 72.9597
5.865 72.9594
5.8678 72.9611
5.8644 72.9639
5.8614 72.9658
5.8575 72.9667
5.8544 72.9681
5.8508 72.9689
5.8467 72.9686
180.0 180.0
3.4464 73.7533
3.4464 73.7486
3.45 73.7478
3.4511 73.7478
3.4525 73.7514
3.45 73.7536
3.4464 73.7533
180.0 180.0
3.3664 73.5839
3.3681 73.5814
3.3722 73.5817
3.3744 73.5836
3.3764 73.5869
3.3769 73.5908
3.3728 73.5914
3.37 73.5894
3.3678 73.5872
3.3664 73.5839
180.0 180.0
2.1783 73.1047
2.1789 73.1011
2.1806 73.0983
2.1839 73.0969
2.1869 73.0983
2.1883 73.1014
2.1867 73.1042
2.1825 73.105
2.1783 73.1047
180.0 180.0
1.885 73.2456
1.8861 73.2419
1.8903 73.2422
1.8942 73.2428
1.8967 73.245
1.8983 73.2478
1.8969 73.2511
1.8925 73.2519
1.8892 73.2506
1.8869 73.2483
1.885 73.2456
180.0 180.0
-0.6908 73.1728
-0.6894 73.1686
-0.6889 73.165
-0.6881 73.1614
-0.6861 73.1586
-0.6839 73.1564
-0.6831 73.16
-0.6817 73.1633
-0.6811 73.1678
-0.6817 73.1719
-0.6836 73.175
-0.6858 73.1769
-0.6897 73.1764
-0.6908 73.1728
180.0 180.0
3.2186 73.3978
3.2186 73.3933
3.2189 73.3892
3.2208 73.3864
3.2231 73.3842
3.2264 73.3828
3.2294 73.3814
3.2331 73.38
3.2369 73.3794
3.2414 73.3794
3.2456 73.38
3.2497 73.3808
3.2533 73.3814
3.2575 73.3819
3.2614 73.3822
3.2656 73.3819
3.2697 73.3814
3.2744 73.3814
3.2781 73.3822
3.2811 73.3836
3.2833 73.3864
3.2847 73.3892
3.2861 73.3925
3.2872 73.3961
3.2883 73.3992
3.2894 73.4033
3.2897 73.4072
3.2917 73.4136
3.2908 73.4172
3.2903 73.4214
3.2894 73.425
3.2883 73.4286
3.2869 73.4317
3.2861 73.4356
3.2842 73.4383
3.2825 73.4408
3.2803 73.4433
3.2775 73.445
3.2742 73.4464
3.27 73.4469
3.2656 73.4469
3.2614 73.4458
3.2586 73.4444
3.2558 73.4428
3.2536 73.4406
3.2514 73.4381
3.2492 73.4358
3.2472 73.4331
3.245 73.4308
3.2422 73.4289
3.2394 73.4272
3.2364 73.4258
3.2336 73.4239
3.2308 73.4217
3.2286 73.4197
3.2267 73.4169
3.225 73.4144
3.2231 73.4117
3.2211 73.4089
3.2197 73.4056
3.2194 73.4014
3.2186 73.3978
180.0 180.0
-0.6853 73.1925
-0.6847 73.1883
-0.6808 73.1883
-0.6783 73.1906
-0.6761 73.1928
-0.6739 73.1953
-0.6717 73.1975
-0.6694 73.1997
-0.6672 73.2019
-0.6689 73.2053
-0.6711 73.2044
-0.6753 73.2053
-0.6781 73.2033
-0.6808 73.2014
-0.6825 73.1989
-0.6839 73.1956
-0.6853 73.1925
180.0 180.0
-0.6689 73.1292
-0.6689 73.1253
-0.6661 73.1236
-0.6628 73.1219
-0.6592 73.1206
-0.6561 73.1194
-0.6533 73.1214
-0.6547 73.1244
-0.6561 73.1244
-0.6592 73.1264
-0.6619 73.1283
-0.6647 73.13
-0.6689 73.1292
180.0 180.0
2.7686 73.3553
2.7692 73.3517
2.7708 73.3489
2.775 73.3481
2.7792 73.3475
2.7819 73.3494
2.7806 73.3528
2.7783 73.3536
2.7756 73.3558
2.7717 73.3567
2.7686 73.3553
180.0 180.0
2.0267 73.3858
2.0281 73.3831
2.0331 73.3872
2.0319 73.3908
2.0294 73.3925
2.0275 73.3897
2.0267 73.3858
180.0 180.0
2.0689 73.5514
2.0717 73.5494
2.0761 73.5494
2.0797 73.5506
2.0833 73.5514
2.0853 73.5542
2.0825 73.5558
2.0789 73.555
2.0756 73.5536
2.0719 73.5528
2.0689 73.5514
180.0 180.0
2.0917 73.5639
2.0931 73.5606
2.0961 73.5592
2.0994 73.5606
2.1017 73.5628
2.105 73.5647
2.1072 73.5661
2.11 73.5678
2.1108 73.5719
2.1117 73.5756
2.1128 73.5794
2.1131 73.5836
2.1131 73.5881
2.1108 73.5903
2.1075 73.5889
2.1072 73.5847
2.1061 73.5811
2.1053 73.5775
2.1039 73.5742
2.1022 73.5717
2.0994 73.5697
2.0961 73.5683
2.0933 73.5664
2.0917 73.5639
180.0 180.0
1.7808 73.3711
1.7817 73.3675
1.7825 73.3639
1.7844 73.3611
1.7886 73.3614
1.7903 73.3642
1.7911 73.3653
1.7936 73.3675
1.7953 73.3703
1.7953 73.3747
1.7931 73.3772
1.7908 73.3794
1.7872 73.3781
1.7839 73.3772
1.7817 73.3747
1.7808 73.3711
180.0 180.0
2.0189 73.5425
2.0203 73.5397
2.0236 73.5383
2.0272 73.5394
2.0267 73.5444
2.0228 73.5439
2.0189 73.5425
180.0 180.0
2.9081 73.5581
2.9094 73.5547
2.9142 73.5553
2.9172 73.5561
2.9158 73.5594
2.9114 73.5594
2.9081 73.5581
180.0 180.0
1.9811 73.3181
1.9825 73.3147
1.9864 73.3139
1.9892 73.3153
1.9914 73.3175
1.9939 73.3197
1.9956 73.3225
1.9947 73.3261
1.99 73.3267
1.9875 73.3247
1.985 73.3231
1.9828 73.3208
1.9811 73.3181
180.0 180.0
1.9622 73.5511
1.9642 73.5483
1.9678 73.5469
1.9714 73.5467
1.975 73.5456
1.9783 73.5472
1.9764 73.5503
1.9733 73.5522
1.9692 73.5525
1.965 73.5531
1.9622 73.5511
180.0 180.0
0.3914 72.9631
0.3928 72.9608
0.3953 72.9581
0.3983 72.9567
0.4011 72.9547
0.4039 72.953
0.4053 72.9561
0.4033 72.9586
0.4003 72.9603
0.3978 72.9625
0.3953 72.9644
0.3914 72.9631
180.0 180.0
0.3778 73.5089
0.3803 73.5067
0.3839 73.5047
0.3875 73.5047
0.3906 73.5061
0.3925 73.5089
0.3911 73.5122
0.3878 73.5136
0.3847 73.5122
0.3819 73.5139
0.3783 73.5131
0.3778 73.5089
180.0 180.0
-0.6497 73.2281
-0.6483 73.225
-0.6442 73.2244
-0.6397 73.2244
-0.6361 73.2253
-0.6325 73.2261
-0.6289 73.2272
-0.6256 73.2286
-0.6225 73.23
-0.6197 73.2317
-0.6175 73.2339
-0.6169 73.2381
-0.6178 73.2422
-0.6203 73.2444
-0.6233 73.2436
-0.6256 73.2403
-0.6278 73.2381
-0.6303 73.2353
-0.6325 73.2336
-0.6356 73.2322
-0.6394 73.2314
-0.6439 73.2314
-0.6481 73.2308
-0.6497 73.2281
180.0 180.0
1.8878 73.545
1.8892 73.5419
1.8919 73.54
1.8961 73.5408
1.8992 73.5419
1.9019 73.5436
1.9056 73.5447
1.9094 73.5456
1.9131 73.5464
1.9167 73.5475
1.9208 73.5483
1.9247 73.5489
1.9286 73.5492
1.9331 73.5492
1.9372 73.5497
1.9361 73.5533
1.9325 73.5533
1.9281 73.5533
1.9244 73.5542
1.9197 73.5542
1.9161 73.5533
1.9125 73.5525
1.9089 73.5514
1.9042 73.5514
1.9 73.5511
1.8964 73.55
1.8936 73.5483
1.8906 73.5469
1.8878 73.545
180.0 180.0
3.7128 72.6942
3.7147 72.6914
3.7175 72.6897
3.7206 72.6878
3.7247 72.6878
3.7269 72.6928
3.7261 72.6967
3.7242 72.6994
3.7206 72.7003
3.7169 72.6994
3.7142 72.6975
3.7128 72.6942
180.0 180.0
0.2969 72.9875
0.2983 72.9844
0.3006 72.9822
0.3025 72.9794
0.3042 72.9767
0.3067 72.9789
0.3056 72.9831
0.3053 72.9839
0.3042 72.9875
0.3028 72.9908
0.2989 72.9903
0.2969 72.9875
180.0 180.0
1.8217 73.4983
1.8231 73.495
1.8267 73.4961
1.8294 73.4978
1.8322 73.4997
1.8344 73.5019
1.8364 73.5047
1.8386 73.5069
1.8408 73.5094
1.8431 73.5117
1.8453 73.5139
1.8472 73.5167
1.8428 73.5183
1.8394 73.5172
1.8364 73.5158
1.8333 73.5139
1.8308 73.5119
1.8286 73.5092
1.8267 73.5069
1.8247 73.5039
1.8233 73.5011
1.8217 73.4983
180.0 180.0
1.8183 73.2933
1.8206 73.2911
1.8225 73.2883
1.8231 73.2844
1.8267 73.2833
1.8303 73.2844
1.8319 73.2872
1.8303 73.2897
1.8303 73.2944
1.8283 73.2972
1.8261 73.2994
1.8214 73.2994
1.8192 73.2972
1.8183 73.2933
180.0 180.0
1.7931 73.3953
1.7936 73.3917
1.7961 73.3936
1.8 73.3944
1.8036 73.3958
1.8064 73.3978
1.8064 73.4006
1.8072 73.4044
1.8058 73.4078
1.8025 73.4092
1.7989 73.4081
1.7967 73.4056
1.7953 73.4028
1.7939 73.3992
1.7931 73.3953
180.0 180.0
0.2567 73.0431
0.2578 73.0394
0.2594 73.0372
0.2614 73.0344
0.265 73.0331
0.2686 73.0322
0.2728 73.0331
0.2719 73.0358
0.27 73.0369
0.2664 73.0383
0.2642 73.0406
0.2622 73.0431
0.2594 73.045
0.2567 73.0431
180.0 180.0
-0.6442 73.1172
-0.6433 73.1136
-0.64 73.1117
-0.6369 73.1108
-0.6336 73.1094
-0.63 73.1086
-0.6272 73.1067
-0.6242 73.105
-0.6219 73.1031
-0.6194 73.1008
-0.6169 73.0992
-0.6144 73.0967
-0.6122 73.0944
-0.6094 73.0928
-0.6067 73.0908
-0.6036 73.0894
-0.6003 73.0881
-0.5964 73.0872
-0.5922 73.0872
-0.5886 73.0886
-0.5853 73.0894
-0.5825 73.0914
-0.5814 73.0944
-0.5814 73.0992
-0.5831 73.1019
-0.5864 73.1033
-0.5903 73.1022
-0.5917 73.0994
-0.5917 73.095
-0.5939 73.0972
-0.5972 73.0992
-0.6028 73.0992
-0.6058 73.1008
-0.6086 73.1028
-0.6114 73.1044
-0.6142 73.1064
-0.6172 73.1078
-0.62 73.1094
-0.6233 73.1108
-0.6264 73.1122
-0.6297 73.1136
-0.6328 73.115
-0.6358 73.1164
-0.64 73.1169
-0.6442 73.1172
180.0 180.0
-0.6119 73.2458
-0.6106 73.2428
-0.6078 73.2408
-0.6047 73.2394
-0.6014 73.2381
-0.5978 73.2367
-0.5947 73.2358
-0.59 73.2358
-0.5856 73.2358
-0.5822 73.2372
-0.5806 73.24
-0.5786 73.2428
-0.5775 73.2458
-0.5761 73.2492
-0.5786 73.2508
-0.5814 73.2492
-0.5842 73.2472
-0.5886 73.2469
-0.5928 73.2464
-0.5975 73.2467
-0.6011 73.2478
-0.6053 73.2481
-0.6089 73.2472
-0.6119 73.2458
180.0 180.0
3.1017 72.9781
3.1025 72.975
3.1047 72.9728
3.1081 72.9739
3.1103 72.9781
3.1108 72.9828
3.1083 72.985
3.1044 72.985
3.1019 72.9822
3.1017 72.9781
180.0 180.0
2.8961 73.3656
2.8961 73.3611
2.8981 73.3583
2.9003 73.3561
2.9039 73.355
2.9047 73.3589
2.9039 73.3606
2.9022 73.3633
2.9003 73.3661
2.8961 73.3656
180.0 180.0
-0.3078 73.4478
-0.3064 73.4447
-0.3036 73.4428
-0.3008 73.4411
-0.2981 73.4392
-0.2953 73.4375
-0.2931 73.4353
-0.2914 73.4325
-0.2894 73.4297
-0.2864 73.4283
-0.2839 73.4305
-0.2836 73.4353
-0.2839 73.4392
-0.2853 73.4425
-0.2881 73.4442
-0.2917 73.4453
-0.2958 73.4461
-0.2994 73.4469
-0.3036 73.4475
-0.3078 73.4478
180.0 180.0
0.4967 73.4969
0.4969 73.493
0.4997 73.4914
0.5019 73.4892
0.5047 73.4867
0.5081 73.4878
0.5081 73.4922
0.5061 73.495
0.5039 73.4972
0.4997 73.4981
0.4967 73.4969
180.0 180.0
2.9478 73.5764
2.9506 73.5744
2.9539 73.5758
2.9569 73.5778
2.9597 73.5792
2.9631 73.5808
2.9661 73.5822
2.9675 73.5856
2.9644 73.5869
2.9617 73.5861
2.9575 73.585
2.9542 73.5836
2.9517 73.5819
2.9489 73.58
2.9478 73.5764
180.0 180.0
0.494719 72.9417
0.4928 72.9425
0.4886 72.9431
0.485 72.9422
0.4856 72.9381
0.4886 72.9367
0.4925 72.9358
0.4969 72.9358
0.4997 72.9372
0.4978 72.9397
0.494719 72.9417
180.0 180.0
0.2758 73.3708
0.2772 73.3678
0.2814 73.3672
0.2844 73.3686
0.2869 73.3708
0.2892 73.3733
0.2908 73.3758
0.2919 73.3797
0.2886 73.3808
0.2853 73.3794
0.2828 73.3778
0.28 73.3758
0.2778 73.3736
0.2758 73.3708
180.0 180.0
2.9439 73.0119
2.9442 73.0078
2.9469 73.0058
2.9506 73.0067
2.9533 73.0086
2.9547 73.0122
2.9539 73.0156
2.9517 73.0178
2.9469 73.0178
2.9453 73.015
2.9439 73.0119
180.0 180.0
0.8344 73.1347
0.8356 73.1311
0.8386 73.1297
0.8419 73.1311
0.8428 73.1347
0.8428 73.1358
0.84 73.1381
0.8364 73.1375
0.8344 73.1347
180.0 180.0
0.7947 73.1694
0.7956 73.1658
0.7997 73.1653
0.8011 73.1703
0.7997 73.1736
0.7961 73.1728
0.7947 73.1694
180.0 180.0
2.9431 73.5625
2.9453 73.5603
2.9494 73.56
2.9533 73.5603
2.9547 73.5644
2.9519 73.5667
2.9481 73.5667
2.9442 73.5653
2.9431 73.5625
180.0 180.0
0.8378 73.3536
0.8397 73.3508
0.8428 73.3494
0.8467 73.3486
0.8506 73.3489
0.8497 73.3528
0.8478 73.3542
0.8442 73.3553
0.8403 73.3558
0.8378 73.3536
180.0 180.0
2.8861 73.5514
2.8867 73.5475
2.89 73.5461
2.8922 73.5483
2.8928 73.5489
2.8908 73.5514
2.8861 73.5514
180.0 180.0
0.2297 73.2117
0.2308 73.2078
0.2336 73.2067
0.24 73.2092
0.2411 73.2133
0.2411 73.2175
0.2392 73.2203
0.2356 73.2192
0.2333 73.2169
0.2308 73.2147
0.2297 73.2117
180.0 180.0
0.2111 73.1033
0.2133 73.1003
0.2161 73.0989
0.2189 73.0969
0.2217 73.095
0.2247 73.0939
0.2281 73.0956
0.2294 73.0992
0.2289 73.1033
0.2256 73.1047
0.2228 73.1028
0.2206 73.1053
0.2189 73.1081
0.2147 73.1089
0.2119 73.1069
0.2111 73.1033
180.0 180.0
4.4458 73.7039
4.4464 73.6994
4.4492 73.6981
4.4536 73.6986
4.4556 73.7008
4.4531 73.703
4.4494 73.7044
4.4458 73.7039
180.0 180.0
3.5369 72.9117
3.5378 72.9081
3.5419 72.9086
3.5447 72.9103
3.5467 72.9136
3.5483 72.9158
3.5506 72.9181
3.5533 72.92
3.5567 72.9219
3.5589 72.9236
3.5597 72.9272
3.5569 72.9292
3.5531 72.9286
3.5519 72.9286
3.5494 72.9269
3.5467 72.925
3.5442 72.9228
3.5425 72.92
3.5406 72.9172
3.5389 72.9144
3.5369 72.9117
180.0 180.0
4.965 73.4353
4.9681 73.4339
4.9717 73.4347
4.9742 73.4369
4.9758 73.4397
4.9767 73.4439
4.9764 73.4475
4.9742 73.45
4.9722 73.4472
4.9714 73.4475
4.97 73.4439
4.9689 73.4403
4.9678 73.4369
4.965 73.4353
180.0 180.0
5.1681 73.1092
5.1683 73.105
5.1694 73.1014
5.1731 73.1022
5.1731 73.1042
5.1739 73.1083
5.1736 73.1119
5.1717 73.1147
5.1689 73.1128
5.1681 73.1092
180.0 180.0
4.4275 73.6967
4.4308 73.6953
4.4339 73.6967
4.4367 73.6986
4.4386 73.7011
4.4347 73.703
4.4317 73.7017
4.4294 73.6994
4.4275 73.6967
180.0 180.0
5.2719 73.5694
5.2739 73.5667
5.2775 73.5669
5.2783 73.5711
5.2783 73.5753
5.2792 73.5792
5.2811 73.5817
5.2833 73.5844
5.2853 73.5869
5.2869 73.5897
5.2861 73.5933
5.2828 73.5939
5.2783 73.5942
5.2756 73.5922
5.2736 73.5897
5.2742 73.5856
5.2742 73.5814
5.2733 73.5772
5.2728 73.5731
5.2719 73.5694
180.0 180.0
4.3614 73.6397
4.3622 73.6361
4.3633 73.6328
4.3658 73.6306
4.37 73.6306
4.3722 73.6333
4.3714 73.6364
4.3706 73.6383
4.3672 73.64
4.3642 73.6414
4.3614 73.6397
180.0 180.0
5.125 73.0511
5.1256 73.0472
5.1275 73.0439
5.1311 73.0444
5.1325 73.0475
5.1333 73.0494
5.1319 73.0525
5.13 73.0553
5.1261 73.055
5.125 73.0511
180.0 180.0
4.8756 72.9675
4.88 72.9678
4.8828 72.9697
4.8856 72.9711
4.8897 72.9706
4.8933 72.9697
4.8981 72.9703
4.8997 72.9725
4.9006 72.9761
4.9011 72.9803
4.8969 72.9797
4.8956 72.9794
4.8933 72.9767
4.8906 72.9747
4.8878 72.9733
4.8847 72.9719
4.8811 72.9711
4.8778 72.9697
4.8756 72.9675
180.0 180.0
2.7344 73.0253
2.7344 73.0208
2.7369 73.0189
2.7394 73.0211
2.7417 73.0225
2.7433 73.0258
2.7453 73.0286
2.7475 73.0308
2.7475 73.035
2.7433 73.0344
2.7411 73.0322
2.7383 73.0303
2.7361 73.0281
2.7344 73.0253
180.0 180.0
4.4628 73.3792
4.4639 73.3756
4.4661 73.3733
4.4689 73.3714
4.4719 73.3728
4.4733 73.3761
4.4744 73.3769
4.4719 73.3797
4.4692 73.3817
4.4656 73.3811
4.4628 73.3792
180.0 180.0
5.3611 73.3203
5.3611 73.3161
5.3653 73.315
5.3669 73.3181
5.3683 73.3233
5.3692 73.3275
5.3689 73.3311
5.3667 73.3336
5.3639 73.3317
5.3628 73.3281
5.3619 73.3239
5.3611 73.3203
180.0 180.0
4.3358 73.5928
4.3358 73.5883
4.3378 73.5856
4.3408 73.5872
4.3422 73.5908
4.3428 73.5947
4.3422 73.5961
4.3386 73.595
4.3358 73.5928
180.0 180.0
5.4442 73.3511
5.4475 73.3497
5.4511 73.3503
5.4553 73.3506
5.4581 73.3525
5.4556 73.3547
5.4539 73.3539
5.4497 73.3547
5.4456 73.3544
5.4442 73.3511
180.0 180.0
5.3817 73.6347
5.3833 73.6319
5.3869 73.6311
5.3911 73.6306
5.3953 73.6311
5.3997 73.6311
5.4039 73.6306
5.4075 73.6297
5.4108 73.6281
5.4136 73.6267
5.4158 73.6242
5.4181 73.6219
5.4208 73.6203
5.4203 73.6242
5.4192 73.6275
5.4186 73.6297
5.4172 73.6331
5.4153 73.6358
5.4128 73.6375
5.4086 73.6386
5.4047 73.6381
5.4011 73.6372
5.3981 73.6358
5.3944 73.6347
5.3897 73.6347
5.3856 73.6353
5.3817 73.6347
180.0 180.0
9.13038e-315 8.28548e-321
