CIC_MPM_VERS = 1.0
COMMENT Generated by Spacebel CCSDS library
CREATION_DATE = 2017-02-24T16:25:03.095718
ORIGINATOR = SVG² Control

META_START

USER_DEFINED_PROTOCOL = NONE
USER_DEFINED_CONTENT = REGION OF INTEREST
USER_DEFINED_SIZE = 2
USER_DEFINED_TYPE = REAL
USER_DEFINED_UNIT = [deg]

META_STOP

24.9992 -6.5775
25.0003 -4.80639
23.9142 -3.10028
22.8069 -1.42944
21.8264 -0.00236263
21.0999 1.16924
20.7611 1.16139
20.7328 1.17889
20.7333 1.32667
20.6575 1.375
20.6392 1.48333
20.5361 1.66305
20.4422 1.66556
20.3011 1.81028
20.3014 1.88111
20.2314 1.90889
20.2208 2.1025
20.2794 2.17806
20.2792 2.21805
20.1994 2.32361
20.053 2.42167
19.9747 2.84639
19.8155 3.235
19.5322 3.21833
19.5122 3.24805
19.3736 3.27222
19.223 3.15361
19.1361 3.12139
18.9764 3.33194
19.1462 4.24509
18.6605 4.24555
16.9944 4.2525
16.9936 4.21417
16.3939 4.20083
16.3033 4.07444
16.0703 3.98083
15.9897 4.00083
15.9042 3.92444
15.7181 3.89028
15.6728 3.84417
15.65 3.7225
15.4925 3.53778
15.3594 3.52482
15.4331 3.0325
15.3764 3.02194
15.2867 1.3125
14.9786 0.974722
14.9675 0.7425
14.9422 0.695
15.0008 0.512222
14.9606 0.396667
15.0008 0.226394
14.9156 0.234534
15.078 -0.246111
15.0056 -0.386111
15.083 -0.443889
15.083 -0.725
14.7775 -1.07389
14.7289 -1.31889
14.5006 -1.67833
14.475 -1.98083
14.1881 -2.00694
14.1514 -2.10778
14.2889 -2.47278
14.0414 -2.83333
13.8775 -2.88444
13.7217 -2.90417
13.6561 -2.87861
13.6258 -2.96222
13.6125 -3.04944
13.6608 -3.07083
13.6789 -3.19019
13.72 -3.24889
13.7017 -3.27111
13.288 -3.2325
13.2759 -3.44112
13.1975 -3.42333
13.168 -3.44139
13.1789 -3.54111
13.3617 -3.79167
13.378 -3.93861
13.3989 -3.96667
13.4578 -3.9025
13.5042 -3.96417
13.4261 -4.02528
13.3064 -4.12944
13.2344 -4.24333
13.1814 -4.21889
13.1664 -4.3125
13.11 -4.33528
12.9403 -4.20556
12.7664 -4.20722
12.7164 -4.26917
12.7258 -4.46889
12.6578 -4.47417
12.5333 -4.36583
12.4344 -4.43806
12.3111 -4.3875
12.2972 -4.40722
12.3339 -4.45694
12.2011 -4.56945
12.1397 -4.53944
12.062 -4.66438
12.0628 -4.69861
12.0008 -4.78472
12.0094 -4.93639
11.9053 -5.19389
11.8253 -5.34806
11.83 -5.40222
11.8003 -5.33722
11.7494 -5.26361
11.6167 -5.28944
11.5775 -5.21472
11.4189 -5.19861
11.395 -5.25167
11.2447 -5.25083
11.2069 -5.29722
11.1442 -5.2975
11.1147 -5.33028
11.0764 -5.48861
11.0303 -5.48639
10.835 -5.41167
10.7469 -5.45639
10.6455 -5.4625
10.431 -5.52066
10.4511 -5.65028
10.3756 -5.87806
10.2758 -5.88944
10.2844 -5.95611
10.2086 -5.98333
10.1911 -6.0625
10.2339 -6.19306
10.2585 -6.22325
10.3142 -6.22694
10.3586 -6.16833
10.5097 -6.21028
10.5164 -6.24667
10.6303 -6.18889
10.735 -6.2432
10.6931 -6.41
10.6289 -6.42028
10.5906 -6.38194
10.5506 -6.41833
10.6072 -6.58528
10.6668 -6.64509
10.5983 -6.67667
10.4094 -6.63806
10.3395 -6.68946
10.3775 -6.77611
10.3531 -6.94389
10.2536 -6.98222
10.2147 -6.94611
10.1719 -6.95
10.1419 -7.01056
10.2544 -7.26972
10.2503 -7.34583
10.3508 -7.36
10.3378 -7.43083
10.4508 -7.45667
10.4614 -7.50028
10.4197 -7.53472
10.4064 -7.69972
10.1767 -7.88528
10.1655 -7.97768
10.2433 -7.94056
10.3378 -7.985
10.3564 -8.09389
10.4372 -8.12222
10.4217 -8.21556
10.5494 -8.28222
11.0078 -8.28972
11.0572 -8.35111
11.0589 -8.48889
10.9753 -8.54417
10.9642 -8.60278
10.955 -8.67139
10.9919 -8.68278
11.2264 -8.515
11.2911 -8.47472
11.2819 -8.37611
11.3228 -8.35472
11.3353 -8.41028
11.3716 -8.35965
11.4303 -8.51417
11.4939 -8.53417
11.4758 -8.60778
11.6589 -8.70305
11.6617 -8.83167
12.0081 -8.79657
12.0444 -8.90417
12.1781 -8.89944
12.2237 -8.97994
12.3531 -8.94667
12.4367 -9.05778
12.5042 -9.31131
12.4875 -9.36222
12.4461 -9.39889
12.3555 -9.29333
12.2498 -9.34544
12.2486 -9.46667
12.1278 -9.6675
12.0678 -9.6725
12.0281 -9.76111
12.1208 -9.98694
12.2094 -10.2731
12.2242 -10.3292
12.1853 -10.3333
12.1161 -10.5111
11.8935 -10.6524
12.2011 -10.8922
12.2072 -11.0453
12.0406 -11.1542
11.9961 -11.2539
12.1403 -11.4628
12.2061 -11.495
12.2872 -11.43
12.3633 -11.4411
12.4046 -11.3733
12.4675 -11.3583
12.5506 -11.4519
12.6236 -11.4225
12.7139 -11.4286
12.7267 -11.3833
12.9161 -11.4122
12.9289 -11.3681
12.9881 -11.3781
12.9594 -11.42
13.0761 -11.4347
13.1378 -11.5278
13.3647 -11.5978
13.4128 -11.7197
13.373 -11.7569
13.3128 -11.7983
13.375 -11.8853
13.4575 -11.8681
13.6606 -12.0545
13.7083 -12.0826
13.8083 -11.9528
13.9044 -11.9425
14.0125 -12.015
14.1672 -11.9808
14.2789 -12.0311
14.3044 -12.0983
14.3667 -12.0989
14.4008 -12.2025
14.6075 -12.1786
14.6394 -12.1478
14.7722 -12.2458
14.7619 -12.2308
14.7778 -12.1369
14.7255 -12.0576
14.7711 -11.9744
14.908 -11.8042
15.0486 -11.8028
15.0592 -11.845
15.5478 -11.7108
15.5242 -11.6422
15.6467 -11.5122
15.6358 -11.4208
15.3747 -11.1725
15.1383 -10.9225
15.1068 -10.8988
15.2755 -10.8272
15.3128 -10.7625
15.4381 -10.719
15.4036 -10.1644
15.3728 -10.1181
15.3739 -9.81778
15.43 -9.69667
15.4439 -9.41139
15.5969 -9.4425
15.7047 -9.33805
15.6342 -9.31944
15.4997 -9.33361
15.5036 -7.62611
15.5033 -5.90556
15.4985 -5.49562
16.3281 -5.33528
16.5078 -5.60167
18.1869 -5.78722
19.8664 -5.97444
21.528 -6.16667
23.146 -6.35666
23.2897 -6.37139
24.9992 -6.5775
