CIC_MPM_VERS = 1.0
COMMENT Generated by Spacebel CCSDS library
CREATION_DATE = 2017-02-24T16:25:03.195719
ORIGINATOR = SVG² Control

META_START

USER_DEFINED_PROTOCOL = NONE
USER_DEFINED_CONTENT = REGION OF INTEREST
USER_DEFINED_SIZE = 2
USER_DEFINED_TYPE = REAL
USER_DEFINED_UNIT = [deg]

META_STOP

36.0114 14.2675
36.0117 14.2592
36.0114 14.2514
36.0119 14.2431
36.0128 14.2372
36.0144 14.2308
36.0167 14.225
36.0189 14.2194
36.0206 14.2128
36.0211 14.2044
36.0219 14.1969
36.0244 14.1911
36.0286 14.1881
36.0333 14.1858
36.0381 14.1889
36.0433 14.1908
36.0475 14.1878
36.0511 14.1839
36.0553 14.1808
36.0608 14.1811
36.0639 14.1856
36.0664 14.1908
36.0683 14.1967
36.07 14.2028
36.0717 14.2089
36.0728 14.2156
36.0739 14.2222
36.075 14.2292
36.0744 14.2375
36.0742 14.2458
36.0731 14.2533
36.0708 14.2592
36.0686 14.2647
36.0656 14.2697
36.0625 14.2744
36.0603 14.2803
36.0581 14.2858
36.0558 14.2917
36.0547 14.2992
36.0544 14.3075
36.0533 14.315
36.0511 14.3206
36.0475 14.3244
36.0439 14.3286
36.0408 14.3333
36.0372 14.3372
36.0339 14.3411
36.0297 14.3408
36.0272 14.3358
36.025 14.3239
36.0256 14.3156
36.025 14.3078
36.0233 14.3019
36.0208 14.2967
36.0183 14.2914
36.0153 14.2869
36.0133 14.2811
36.0117 14.275
36.0114 14.2675
180.0 180.0
35.8 14.5197
35.8017 14.5131
35.8033 14.5075
35.8028 14.4997
35.8039 14.4922
35.8061 14.4867
35.8078 14.48
35.8108 14.4753
35.8125 14.4686
35.8147 14.4631
35.8158 14.4556
35.8164 14.4472
35.8172 14.4397
35.8178 14.4314
35.8186 14.4239
35.8217 14.4192
35.8253 14.4153
35.8289 14.4111
35.8317 14.4064
35.8347 14.4017
35.8378 14.3967
35.84 14.3911
35.8422 14.3853
35.8444 14.3797
35.8475 14.375
35.8511 14.3708
35.8547 14.3669
35.8594 14.3647
35.8639 14.3617
35.8667 14.3569
35.8697 14.3522
35.8725 14.3472
35.8761 14.3433
35.8797 14.3394
35.8839 14.3364
35.89 14.3361
35.895 14.3331
35.9011 14.3342
35.9056 14.3381
35.9103 14.3408
35.9147 14.3436
35.9217 14.3442
35.9272 14.3428
35.9319 14.3406
35.9361 14.3367
35.9417 14.3356
35.9478 14.335
35.9539 14.3347
35.9589 14.3325
35.9631 14.3294
35.9672 14.3264
35.9728 14.325
35.9789 14.3264
35.9811 14.3325
35.9822 14.3392
35.9833 14.3469
35.9858 14.3519
35.9881 14.3572
35.9914 14.3617
35.9925 14.3683
35.9908 14.375
35.9861 14.3756
35.9828 14.3711
35.9811 14.3653
35.9792 14.3592
35.9769 14.3539
35.9714 14.3519
35.9678 14.3558
35.9669 14.3633
35.9664 14.3717
35.9675 14.3783
35.9678 14.3861
35.9661 14.3925
35.9633 14.3975
35.9597 14.4014
35.9567 14.4061
35.9564 14.4128
35.9589 14.4181
35.9606 14.4242
35.9625 14.43
35.9628 14.4375
35.9603 14.4433
35.9561 14.4464
35.9514 14.4486
35.9472 14.4517
35.9442 14.4564
35.9411 14.4611
35.9394 14.4678
35.9392 14.4761
35.9369 14.4819
35.9333 14.4858
35.9292 14.4889
35.9275 14.4956
35.9264 14.5031
35.9253 14.5103
35.9211 14.5133
35.9169 14.5131
35.9117 14.5111
35.9056 14.5097
35.9003 14.5111
35.8967 14.515
35.8956 14.5225
35.8953 14.5292
35.8956 14.5367
35.8953 14.5433
35.8922 14.5483
35.8881 14.5514
35.885 14.5561
35.8814 14.56
35.8778 14.5639
35.8736 14.5669
35.8694 14.57
35.8642 14.5697
35.8594 14.5667
35.8533 14.5656
35.8472 14.5658
35.8417 14.5672
35.8356 14.5675
35.8294 14.5681
35.8242 14.5658
35.8203 14.5622
35.8239 14.5583
35.8281 14.5553
35.8297 14.5503
35.825 14.5475
35.8211 14.5439
35.82 14.5372
35.8211 14.5297
35.8186 14.5244
35.8125 14.5247
35.8078 14.5269
35.8036 14.53
35.8003 14.5272
35.8 14.5197
180.0 180.0
9.13038e-315 8.38923e-321
