CIC_MPM_VERS = 1.0
COMMENT Generated by Spacebel CCSDS library
CREATION_DATE = 2017-02-24T16:25:03.375719
ORIGINATOR = SVG² Control

META_START

USER_DEFINED_PROTOCOL = NONE
USER_DEFINED_CONTENT = REGION OF INTEREST
USER_DEFINED_SIZE = 2
USER_DEFINED_TYPE = REAL
USER_DEFINED_UNIT = [deg]

META_STOP

26.0003 -8.66722
27.2802 -8.66929
26.2675 -6.89722
25.2128 -5.14806
25.0003 -4.80639
24.9992 -6.5775
23.2897 -6.37139
23.146 -6.35666
21.528 -6.16667
19.8664 -5.97444
18.1869 -5.78722
16.5078 -5.60167
16.3281 -5.33528
15.4985 -5.49562
15.5033 -5.90556
15.5036 -7.62611
15.4997 -9.33361
15.6342 -9.31944
15.7047 -9.33805
15.5969 -9.4425
15.4439 -9.41139
15.43 -9.69667
15.3739 -9.81778
15.3728 -10.1181
15.4036 -10.1644
15.4381 -10.719
15.3128 -10.7625
15.2755 -10.8272
15.1068 -10.8988
15.1383 -10.9225
15.3747 -11.1725
15.6358 -11.4208
15.6467 -11.5122
15.5242 -11.6422
15.5478 -11.7108
15.0592 -11.845
15.0486 -11.8028
14.908 -11.8042
14.7711 -11.9744
14.7255 -12.0576
14.7778 -12.1369
14.7619 -12.2308
14.7722 -12.2458
14.8878 -12.4308
15.0089 -12.4789
15.1468 -12.7785
15.2086 -12.7883
15.208 -12.8497
15.2617 -12.8936
15.2703 -12.8439
15.3081 -12.8458
15.368 -12.9325
15.5061 -12.9647
15.4792 -13.0603
15.5089 -13.1003
15.5833 -13.0925
15.6386 -13.2428
16.0553 -13.3955
16.095 -13.4606
16.1497 -13.4953
16.0989 -13.6772
16.185 -13.7111
16.1183 -13.8517
16.198 -13.8753
16.2372 -13.9736
16.278 -13.9669
16.5478 -14.225
16.5769 -14.3356
16.6325 -14.3372
16.64 -14.3778
16.6383 -14.8603
16.6931 -14.9811
16.6303 -15.0486
16.6711 -15.0978
16.6483 -15.1169
16.6144 -15.0875
16.5861 -15.1081
16.5589 -15.2392
16.5797 -15.4689
16.5125 -15.55
16.49 -15.9858
16.5519 -16.1461
16.5036 -16.3
16.22 -16.3881
16.1805 -16.4689
16.0522 -16.4922
16.0942 -16.507
16.078 -16.5273
16.1167 -16.5306
16.6797 -16.4445
17.0464 -16.2692
17.525 -16.0861
17.8514 -16.0361
18.4464 -16.0608
18.9772 -16.2069
19.1792 -16.3292
19.2647 -16.4711
19.3869 -16.5328
19.3755 -16.4325
19.4725 -16.3075
19.5442 -16.2953
19.4647 -16.3897
19.5433 -16.3497
19.4753 -16.4306
19.4089 -16.4406
19.4105 -16.4686
19.4544 -16.4689
19.7314 -16.265
19.9 -16.2522
19.8947 -16.2917
20.0064 -16.2169
20.1319 -16.26
20.1444 -16.2269
20.2292 -16.1972
20.3314 -16.2911
20.6678 -16.44
20.6931 -16.4908
20.733 -16.5292
20.5606 -16.5433
20.59 -16.5775
20.8106 -16.7211
21.1605 -16.9264
21.0436 -17.015
20.97 -16.9975
20.8958 -17.0489
20.8567 -17.0236
20.7701 -17.0543
20.9179 -17.0543
21.3383 -16.9531
21.3369 -15.1703
21.3403 -13.3955
21.3381 -13
22.5105 -13.0792
22.7575 -13.1503
22.893 -13.1055
23.0247 -12.9986
23.2764 -12.5964
23.4544 -12.0006
26 -12.0008
25.9997 -8.76722
26.0003 -8.66722
