CIC_MPM_VERS = 1.0
COMMENT Generated by Spacebel CCSDS library
CREATION_DATE = 2017-02-24T16:25:03.416218
ORIGINATOR = SVG² Control

META_START

USER_DEFINED_PROTOCOL = NONE
USER_DEFINED_CONTENT = REGION OF INTEREST
USER_DEFINED_SIZE = 2
USER_DEFINED_TYPE = REAL
USER_DEFINED_UNIT = [deg]

META_STOP

29.0267 -113.161
29.2197 -113.411
29.4342 -113.598
29.5836 -113.589
29.4861 -113.409
29.4033 -113.365
29.3247 -113.384
29.2986 -113.276
29.2942 -113.184
29.1536 -113.191
29.0589 -113.124
29.0267 -113.161
180.0 180.0
20.2556 -86.9933
20.3258 -87.0214
20.4189 -87.0114
20.5433 -86.9361
20.5517 -86.8417
20.5614 -86.745
20.2911 -86.9433
20.2556 -86.9933
180.0 180.0
28.0264 -115.186
28.0683 -115.26
28.0958 -115.32
28.1164 -115.348
28.2283 -115.25
28.3283 -115.279
28.3706 -115.241
28.3556 -115.211
28.1547 -115.143
28.0264 -115.186
180.0 180.0
28.7628 -112.357
28.8647 -112.55
28.8839 -112.563
28.9372 -112.499
29.1983 -112.438
29.253 -112.269
29.0322 -112.203
28.7817 -112.248
28.7628 -112.357
180.0 180.0
32.5368 -117.124
32.6866 -115.162
32.7183 -114.719
32.5039 -114.809
31.9142 -112.87
31.333 -111.046
31.333 -108.208
31.7833 -108.209
31.7806 -106.52
31.6894 -106.336
31.4753 -106.214
31.2919 -105.871
30.9542 -105.497
30.7997 -105.267
30.7497 -105.125
30.5022 -104.867
30.3497 -104.811
30.1875 -104.682
29.9456 -104.68
29.5881 -104.442
29.3136 -103.999
29.2247 -103.761
29.1583 -103.636
29.1492 -103.543
29.0364 -103.401
28.9814 -103.154
29.0033 -103.11
29.0911 -103.077
29.0986 -103.035
29.2161 -102.904
29.2242 -102.863
29.3405 -102.886
29.3967 -102.82
29.5928 -102.761
29.7428 -102.67
29.7697 -102.385
29.8833 -102.315
29.7958 -101.834
29.7733 -101.576
29.8147 -101.542
29.7642 -101.531
29.7728 -101.405
29.6605 -101.356
29.6311 -101.306
29.5764 -101.302
29.6161 -101.235
29.4919 -101.142
29.453 -101.034
29.3886 -101.018
29.233 -100.775
29.1744 -100.766
29.1133 -100.668
28.8397 -100.566
28.7403 -100.496
28.6169 -100.44
28.5092 -100.327
28.4056 -100.332
28.2089 -100.197
28.0686 -100.013
27.9994 -99.9947
27.9064 -99.8819
27.7753 -99.8356
27.7214 -99.745
27.6617 -99.7072
27.6108 -99.5442
27.5658 -99.5031
27.2828 -99.4839
27.2536 -99.4408
27.0469 -99.4586
27.0039 -99.3808
26.8817 -99.3492
26.8614 -99.2711
26.5636 -99.1725
26.4953 -99.0897
26.4225 -99.1067
26.3867 -99.0056
26.3928 -98.9322
26.2394 -98.5239
26.1064 -98.3003
26.0592 -98.1475
26.0697 -98.0833
26.0383 -98.0667
26.0644 -97.7886
26.0275 -97.7133
26.0078 -97.6197
25.8858 -97.4797
25.8394 -97.3675
25.8586 -97.3439
25.9125 -97.3519
25.9647 -97.1368
25.6514 -97.1967
25.2447 -97.4114
25.0372 -97.5158
24.4285 -97.6508
23.8144 -97.7247
23.7819 -97.7358
23.7839 -97.8181
23.7292 -97.7567
23.7667 -97.7264
23.1553 -97.7575
22.9175 -97.745
22.9025 -97.7672
22.7328 -97.8378
22.6067 -97.8903
22.5811 -97.8658
22.6675 -97.8422
22.6569 -97.8267
22.4039 -97.8178
21.9992 -97.7106
21.8133 -97.5881
21.5944 -97.3347
21.5489 -97.3128
21.2742 -97.4089
21.4342 -97.477
21.5336 -97.3717
21.7892 -97.6203
22.0172 -97.7447
21.53 -97.5939
21.4811 -97.56
21.4836 -97.487
21.4208 -97.5006
20.9714 -97.2975
20.7542 -97.1789
20.7278 -97.1928
20.5869 -97.0997
20.2405 -96.7583
19.8617 -96.4481
19.4008 -96.3092
19.3189 -96.2797
19.173 -96.1028
19.1017 -96.0845
19.0603 -96.0395
19.0617 -95.9747
18.8797 -95.9083
18.7794 -95.7775
18.8647 -95.9325
18.8381 -95.945
18.7611 -95.8217
18.7542 -95.8761
18.7228 -95.862
18.6942 -95.6228
18.6636 -95.5897
18.6772 -95.5695
18.7133 -95.6214
18.7505 -95.7328
18.7955 -95.7319
18.7397 -95.6564
18.7039 -95.4264
18.7111 -95.2128
18.6131 -95.0514
18.563 -95.0292
18.5247 -94.8078
18.1561 -94.525
18.155 -94.3881
18.2836 -93.8758
18.2542 -93.8867
18.2775 -93.76
18.3172 -93.7653
18.3422 -93.5958
18.4078 -93.5703
18.4405 -93.4503
18.4392 -93.1536
18.3728 -93.1725
18.3733 -93.0925
18.4036 -93.0878
18.4214 -93.1422
18.4417 -93.1128
18.438 -92.9609
18.4967 -92.8231
18.5894 -92.7183
18.5286 -92.6825
18.6105 -92.6925
18.6853 -92.3256
18.7283 -91.9814
18.6233 -91.8586
18.5839 -91.8739
18.6003 -92.0017
18.5447 -92.0508
18.5433 -91.9567
18.5753 -91.9094
18.4958 -91.8256
18.4305 -91.8575
18.3831 -91.815
18.3889 -91.7911
18.4817 -91.8064
18.4353 -91.4989
18.4594 -91.4728
18.4847 -91.505
18.5272 -91.4664
18.6255 -91.2933
18.7208 -91.2564
18.7794 -91.3031
18.8075 -91.4122
18.8719 -91.3711
18.8453 -91.4145
18.8064 -91.4514
18.8039 -91.5117
18.9078 -91.4122
19.1186 -90.9975
19.3736 -90.7289
19.7439 -90.6867
19.8311 -90.6078
19.9494 -90.4714
20.0161 -90.4661
20.1772 -90.4995
20.4539 -90.4775
20.5208 -90.4911
20.7278 -90.4586
20.8167 -90.3839
20.7839 -90.4406
21.01 -90.3492
21.1603 -90.1064
21.3083 -89.5636
21.3925 -88.9575
21.4439 -88.7189
21.5622 -88.4806
21.5808 -88.2247
21.6008 -88.0353
21.5383 -87.7131
21.5208 -87.7197
21.5514 -87.8656
21.5039 -87.7489
21.4956 -87.5078
21.4655 -87.4922
21.4717 -87.1681
21.4925 -87.1386
21.5547 -87.1292
21.5672 -87.1703
21.5339 -87.3306
21.5058 -87.4022
21.5444 -87.3895
21.5797 -87.3603
21.5611 -87.2756
21.6233 -87.1136
21.5783 -87.0033
21.4294 -86.9083
21.4356 -86.8378
21.3747 -86.8106
21.1889 -86.8145
21.1514 -86.7731
21.0325 -86.7833
20.9642 -86.8386
20.7469 -86.9581
20.3994 -87.3067
20.1669 -87.4533
19.9953 -87.4708
19.8955 -87.4333
19.7764 -87.4725
19.8317 -87.4803
19.8967 -87.4433
19.9594 -87.4825
19.8322 -87.4936
19.7967 -87.5853
19.675 -87.6542
19.6814 -87.7317
19.6122 -87.7381
19.5053 -87.6703
19.56 -87.4703
19.6331 -87.4406
19.5789 -87.412
19.4778 -87.4386
19.4344 -87.5428
19.4 -87.6264
19.2586 -87.687
19.2244 -87.6689
19.2108 -87.6403
19.3253 -87.5117
19.3172 -87.4622
19.16 -87.5517
18.7547 -87.6564
18.6725 -87.7272
18.3611 -87.7933
18.3108 -87.8281
18.2239 -87.8719
18.3694 -87.8917
18.4839 -88.0472
18.5172 -88.0811
18.7378 -88.0036
18.8694 -88.0375
18.7261 -88.1956
18.6705 -88.1945
18.6867 -88.1508
18.4852 -88.282
18.4897 -88.4053
18.4678 -88.4922
18.2162 -88.6177
18.1856 -88.6811
18.0606 -88.7106
17.9884 -88.7734
17.8775 -88.8486
18.0056 -89.0358
17.9559 -89.1434
17.8187 -89.1424
17.8192 -89.2208
17.8203 -89.5733
17.8208 -89.9258
17.8211 -90.2778
17.8206 -90.6303
17.82 -90.9828
17.5919 -90.9833
17.2561 -90.9842
17.2567 -91.0911
17.2575 -91.4369
17.1783 -91.2772
17.0611 -91.2047
16.895 -91.0394
16.903 -90.9833
16.8964 -90.9508
16.8617 -90.9419
16.8036 -90.8014
16.6758 -90.6789
16.5497 -90.6458
16.4803 -90.5975
16.4108 -90.3939
16.3522 -90.4039
16.2289 -90.4458
16.075 -90.4467
16.0756 -90.6794
16.0756 -91.0292
16.0758 -91.3794
16.075 -91.7292
15.9472 -91.8056
15.6047 -92.0092
15.2622 -92.2114
15.0778 -92.0658
14.9703 -92.1508
14.8436 -92.1861
14.7728 -92.1664
14.5883 -92.1872
14.5481 -92.2459
14.7186 -92.4233
14.8894 -92.5956
15.0658 -92.7619
15.0926 -92.787
15.1403 -92.8264
15.1739 -92.8311
15.1839 -92.8564
15.4275 -93.1503
15.7406 -93.5239
16.0105 -93.9383
16.0217 -93.8558
16.0961 -93.907
16.1119 -94.0283
16.2269 -94.1367
16.1978 -94.2122
16.253 -94.3256
16.2944 -94.4064
16.2405 -94.4386
16.1503 -94.3272
16.1605 -94.3083
16.1817 -94.3261
16.16 -94.2169
16.0183 -93.995
16.1233 -94.2656
16.1879 -94.5302
16.1922 -94.7144
16.2239 -94.7078
16.2461 -94.632
16.2955 -94.5822
16.3358 -94.5958
16.3622 -94.6614
16.2581 -94.7839
16.2864 -94.8086
16.3272 -94.7711
16.4183 -94.8339
16.4117 -94.9061
16.2858 -95.0633
16.2672 -95.0625
16.2519 -94.8708
16.2125 -94.7617
16.1992 -94.7919
16.2142 -94.9245
16.1331 -95.2511
15.9967 -95.385
15.8425 -95.8761
15.6917 -96.1822
15.655 -96.5756
15.8656 -97.0864
15.8989 -97.1406
15.9633 -97.7672
16.0214 -97.8714
16.0567 -97.8908
16.2144 -98.1511
16.305 -98.5314
16.5517 -98.8242
16.5233 -98.8517
16.6736 -99.4103
16.7055 -99.68
16.7844 -99.8458
16.8592 -99.86
16.8256 -99.9003
16.8822 -99.9389
17.0761 -100.479
17.1319 -100.65
17.2669 -101.049
17.3197 -101.066
17.4569 -101.261
17.5186 -101.418
17.6219 -101.498
17.6619 -101.624
17.8869 -101.799
17.9775 -101.95
17.9919 -102.029
17.9175 -102.15
18.0611 -102.726
18.2539 -103.269
18.3136 -103.45
18.4247 -103.533
18.5603 -103.656
18.5853 -103.705
18.6114 -103.684
18.7639 -103.835
18.8936 -104
19.003 -104.306
19.0269 -104.331
19.0803 -104.315
19.1094 -104.374
19.0908 -104.448
19.23 -104.735
19.2192 -104.804
19.2886 -104.797
19.2803 -104.885
19.3719 -105.022
19.5606 -105.1
19.7197 -105.3
19.8299 -105.378
20.0261 -105.519
20.4181 -105.678
20.49 -105.56
20.5131 -105.352
20.5655 -105.25
20.6289 -105.234
20.7572 -105.312
20.7733 -105.347
20.7539 -105.417
20.7817 -105.541
20.8181 -105.507
20.8167 -105.471
21.0244 -105.311
21.0406 -105.258
21.1142 -105.225
21.3478 -105.239
21.4503 -105.181
21.5139 -105.213
21.5992 -105.423
22.0308 -105.656
22.3314 -105.648
22.6228 -105.792
22.8505 -105.984
22.8272 -106.029
23.1814 -106.374
23.1805 -106.425
23.3542 -106.493
23.7153 -106.83
23.8983 -106.955
24.1475 -107.276
24.4317 -107.704
24.4864 -107.768
24.3692 -107.502
24.3928 -107.475
24.5161 -107.522
24.5236 -107.58
24.5028 -107.551
24.4553 -107.618
24.5575 -107.789
24.6347 -107.928
24.56 -107.862
24.5828 -107.916
24.6525 -107.999
24.778 -108.06
24.7608 -108.01
24.7642 -107.977
24.9569 -107.988
24.9997 -108.039
24.9575 -108.046
24.8569 -108.037
24.8233 -108.047
24.8217 -108.106
25.0986 -108.326
25.0958 -108.271
24.9819 -108.153
24.9725 -108.128
25.0492 -108.149
24.9997 -108.009
25.0164 -108.001
25.1058 -108.091
25.1839 -108.323
25.2469 -108.318
25.2631 -108.363
25.1428 -108.389
25.2464 -108.417
25.34 -108.617
25.3553 -108.728
25.365 -108.663
25.3836 -108.642
25.3986 -108.672
25.3769 -108.765
25.3958 -108.749
25.4339 -108.743
25.56 -108.832
25.5614 -108.899
25.5133 -108.877
25.4561 -108.92
25.4978 -108.939
25.4956 -109.012
25.4603 -109.011
25.5261 -109.109
25.5747 -109.069
25.5694 -108.997
25.6294 -108.911
25.695 -108.901
25.5789 -109.105
25.5781 -109.137
25.6708 -109.225
25.6572 -109.249
25.5742 -109.149
25.5736 -109.175
25.6239 -109.234
25.635 -109.397
25.6675 -109.353
25.6589 -109.3
25.72 -109.29
25.7631 -109.366
25.7483 -109.395
25.8022 -109.444
25.8917 -109.414
25.9397 -109.443
26.0653 -109.404
26.2055 -109.302
26.1536 -109.285
26.275 -109.224
26.3194 -109.232
26.3442 -109.205
26.3253 -109.165
26.2425 -109.149
26.2092 -109.101
26.2817 -109.082
26.3072 -109.131
26.3755 -109.179
26.33 -109.246
26.4481 -109.241
26.5403 -109.28
26.7622 -109.513
26.7436 -109.562
26.6903 -109.495
26.673 -109.685
26.7364 -109.807
26.9864 -109.947
26.9728 -109.922
26.9356 -109.882
27.083 -109.942
27.1164 -110.014
27.0953 -110.056
27.1553 -110.315
27.2642 -110.415
27.2992 -110.51
27.3055 -110.448
27.3714 -110.473
27.3675 -110.554
27.5578 -110.588
27.6322 -110.633
27.7325 -110.546
27.7919 -110.607
27.8381 -110.584
27.8614 -110.519
27.9053 -110.848
27.9644 -110.822
27.9847 -110.856
27.8483 -110.87
27.8533 -110.906
27.9614 -110.986
27.9592 -111.124
28.3325 -111.459
28.3792 -111.436
28.4528 -111.67
28.7386 -111.935
28.7617 -111.947
28.785 -111.912
28.7461 -111.87
28.7947 -111.855
28.833 -111.969
29.0114 -112.162
29.2831 -112.201
29.3275 -112.236
29.3286 -112.327
29.2931 -112.332
29.3297 -112.392
29.3803 -112.41
29.4692 -112.376
29.5544 -112.426
29.8047 -112.628
29.9197 -112.696
29.9133 -112.739
30.1983 -112.753
30.2769 -112.818
30.2786 -112.861
30.3428 -112.843
30.4317 -112.872
30.6794 -113.073
30.8144 -113.117
30.9161 -113.081
31.0686 -113.12
31.0486 -113.098
30.9967 -113.072
31.1453 -113.037
31.2272 -113.087
31.1936 -113.119
31.2575 -113.315
31.3494 -113.636
31.4619 -113.625
31.5075 -113.65
31.6336 -113.978
31.5681 -113.946
31.5003 -114.016
31.4953 -114.131
31.5722 -114.307
31.7658 -114.617
31.8172 -114.798
31.9672 -115.024
31.9161 -115.021
31.8739 -114.924
31.8055 -114.874
31.7967 -114.824
31.6436 -114.78
31.5547 -114.844
31.1683 -114.881
31.1067 -114.867
31.06 -114.818
31.0003 -114.833
30.9383 -114.714
30.7211 -114.691
30.6455 -114.692
30.4289 -114.631
30.1986 -114.66
29.9258 -114.459
29.9192 -114.413
29.8022 -114.38
29.7592 -114.304
29.7675 -114.228
29.4486 -113.835
29.2786 -113.663
29.1464 -113.593
29.1103 -113.548
28.9508 -113.545
28.8914 -113.505
28.8925 -113.453
28.9392 -113.464
28.965 -113.412
28.8755 -113.341
28.8011 -113.345
28.8144 -113.253
28.8292 -113.225
28.7833 -113.178
28.4981 -113.122
28.4444 -113.042
28.4356 -112.868
28.2811 -112.874
28.1978 -112.79
28.0297 -112.779
28.0075 -112.723
27.8403 -112.754
27.6306 -112.573
27.6003 -112.464
27.54 -112.344
27.2017 -112.225
27.1019 -111.955
27.0194 -112.029
26.8986 -111.963
26.848 -111.904
26.7728 -111.895
26.745 -111.918
26.5639 -111.762
26.5528 -111.73
26.5908 -111.688
26.6869 -111.766
26.7492 -111.827
26.8786 -111.869
26.903 -111.842
26.7272 -111.564
26.565 -111.557
26.5136 -111.442
26.4378 -111.479
26.3694 -111.442
26.3317 -111.395
26.1455 -111.355
26.0958 -111.32
25.9583 -111.362
25.5811 -111.169
25.5292 -111.022
25.4192 -111.019
25.0681 -110.832
25.0414 -110.768
24.8392 -110.673
24.7678 -110.675
24.6628 -110.73
24.4944 -110.709
24.3055 -110.636
24.2039 -110.403
24.1919 -110.309
24.16 -110.34
24.1892 -110.384
24.1761 -110.399
24.1225 -110.376
24.1242 -110.326
24.1892 -110.269
24.3344 -110.3
24.3561 -110.239
24.2972 -110.169
24.2192 -110.104
24.1714 -110.011
24.0475 -109.962
24.0225 -109.92
24.0572 -109.829
24.0214 -109.794
23.9419 -109.824
23.8744 -109.787
23.8019 -109.701
23.6797 -109.694
23.6533 -109.679
23.5756 -109.478
23.403 -109.402
23.2328 -109.435
23.1294 -109.513
23.0539 -109.666
22.9097 -109.826
22.8658 -109.926
22.8861 -110.005
22.9867 -110.081
23.3136 -110.166
23.598 -110.36
23.7258 -110.626
24.0672 -110.993
24.2481 -111.302
24.4275 -111.546
24.5069 -111.633
24.5889 -111.676
24.5484 -111.798
24.6425 -111.827
24.7906 -111.975
24.7564 -112.011
24.8517 -112.037
24.7975 -112.056
24.7486 -112.074
24.8075 -112.101
24.9378 -112.109
24.9564 -112.079
25.0258 -112.096
24.9733 -112.134
24.9011 -112.149
24.9542 -112.17
25.0539 -112.124
25.1675 -112.128
25.2722 -112.068
25.6217 -112.092
25.7311 -112.1
26.0147 -112.228
26.0936 -112.309
26.0797 -112.338
26.2508 -112.376
26.2897 -112.424
26.2936 -112.536
26.3258 -112.537
26.3292 -112.671
26.6122 -113.047
26.645 -113.103
26.6894 -113.08
26.6722 -113.117
26.7114 -113.229
26.7806 -113.232
26.8806 -113.128
26.9589 -113.128
26.9736 -113.174
26.7461 -113.246
26.8217 -113.446
26.8161 -113.481
26.7458 -113.533
26.7369 -113.598
26.9742 -113.836
27.0005 -113.908
26.9792 -113.99
27.1208 -114.122
27.1636 -114.223
27.1808 -114.399
27.2422 -114.479
27.4053 -114.508
27.5103 -114.669
27.5306 -114.732
27.6886 -114.863
27.7167 -114.997
27.8311 -115.06
27.8622 -115.048
27.8139 -114.811
27.7689 -114.531
27.7772 -114.479
27.8786 -114.354
27.8164 -114.338
27.7603 -114.317
27.6986 -114.191
27.6975 -113.993
27.7247 -113.971
27.7575 -114.074
27.7153 -114.155
27.8553 -114.307
27.9375 -114.291
28.0494 -114.157
28.0964 -114.123
28.1783 -114.112
28.2494 -114.182
28.4653 -114.07
28.5114 -114.059
28.6717 -114.162
28.755 -114.332
28.8858 -114.405
28.9386 -114.491
28.9292 -114.541
29.1428 -114.717
29.25 -114.821
29.3775 -114.95
29.4309 -115.194
29.5125 -115.269
29.6283 -115.526
29.7683 -115.694
29.8669 -115.695
29.9422 -115.739
29.9544 -115.808
30.2133 -115.793
30.3547 -115.839
30.3844 -115.868
30.3981 -115.968
30.4456 -115.929
30.4967 -115.981
30.3772 -115.988
30.38 -116.007
30.4583 -116.042
30.7411 -116.042
30.8019 -116.057
30.9661 -116.32
30.1447 -116.307
31.3344 -116.442
31.4425 -116.513
31.5553 -116.677
31.6519 -116.636
31.7297 -116.696
31.7308 -116.64
31.7597 -116.61
31.8305 -116.599
31.9961 -116.849
32.2283 -116.91
32.2794 -117.01
32.4558 -117.122
32.5368 -117.124
180.0 180.0
9.13038e-315 8.32501e-321
