CIC_MPM_VERS = 1.0
COMMENT Generated by Spacebel CCSDS library
CREATION_DATE = 2017-02-24T16:25:03.423718
ORIGINATOR = SVG² Control

META_START

USER_DEFINED_PROTOCOL = NONE
USER_DEFINED_CONTENT = REGION OF INTEREST
USER_DEFINED_SIZE = 2
USER_DEFINED_TYPE = REAL
USER_DEFINED_UNIT = [deg]

META_STOP

48.2409 26.635
48.2981 26.6489
48.3117 26.6883
48.3447 26.7031
48.2994 26.7506
48.2972 26.8033
48.3219 26.8108
48.3817 26.7914
48.3789 26.8358
48.405 26.8539
48.3586 26.9689
48.365 27.0494
48.4069 27.0536
48.3678 27.2339
48.3789 27.2703
48.4428 27.3431
48.4389 27.3922
48.4167 27.4189
48.465 27.5208
48.4867 27.5997
48.4544 27.6072
48.4417 27.6533
48.4478 27.7708
48.3983 27.87
48.3543 27.9041
48.325 27.9631
48.3075 28.0856
48.2886 28.0967
48.2433 28.0819
48.2294 28.0944
48.2317 28.1281
48.2575 28.1656
48.2497 28.1819
48.2156 28.1872
48.2053 28.2225
48.2381 28.295
48.2411 28.3567
48.1961 28.3706
48.1394 28.3128
48.1269 28.3456
48.1639 28.3886
48.1694 28.4186
48.1383 28.4381
48.1186 28.4217
48.0714 28.4608
48.1183 28.4775
48.1606 28.5514
48.1536 28.6425
48.1214 28.8156
48.1017 28.8331
48.0789 28.8275
48.0556 28.8539
48.0319 28.8517
48.01 28.8783
47.95 28.9561
47.9331 29.0036
47.9394 29.0508
47.9828 29.0806
47.9861 29.1419
47.9519 29.1781
47.895 29.1936
47.8747 29.2575
47.8089 29.1942
47.7931 29.195
47.78 29.2492
47.7644 29.2581
47.7181 29.2081
47.6322 29.2056
47.5867 29.1667
47.5442 29.1314
47.44 29.1867
47.4553 29.2525
47.4319 29.2625
47.4144 29.3078
47.3786 29.3228
47.38 29.3544
47.3578 29.3803
47.3219 29.3794
47.295 29.4056
47.2922 29.475
47.3464 29.5058
47.3428 29.5594
47.3197 29.585
47.2633 29.5992
47.2331 29.5567
47.1408 29.5714
47.1183 29.4969
47.0669 29.5394
47.0986 29.5697
47.0844 29.6136
47.0461 29.6236
47.0253 29.5933
46.9431 29.5756
46.9117 29.7153
46.8664 29.7614
46.8614 29.8689
46.8142 29.9089
46.8142 29.95
46.7892 29.9464
46.7344 29.9728
46.6369 29.9483
46.5753 29.9689
46.5511 29.8958
46.53 29.8986
46.5053 29.9286
46.4881 29.9706
46.4961 29.9989
46.4697 30.0186
46.4567 30.0069
46.4228 30.0731
46.4156 30.1342
46.3819 30.1039
46.3836 29.93
46.3511 29.8847
46.3483 29.8483
46.3617 29.8272
46.3881 29.8303
46.4256 29.8017
46.4781 29.7333
46.4394 29.7331
46.4286 29.6633
46.3914 29.6728
46.3692 29.6267
46.3833 29.5908
46.42 29.5761
46.4322 29.4997
46.4811 29.5075
46.4922 29.4836
46.4381 29.3961
46.4161 29.3931
46.4764 29.3475
46.4764 29.3239
46.445 29.3008
46.4022 29.3067
46.3986 29.2639
46.3653 29.2242
46.3814 29.2008
46.4169 29.2264
46.4847 29.2283
46.5328 29.2194
46.5414 29.205
46.4953 29.0347
46.4283 28.9322
46.3119 28.965
46.2708 28.9494
46.1939 29.0411
46.1056 28.9572
46.0297 28.9806
46.0067 28.9719
45.96 28.7558
45.9292 28.7478
45.8669 28.7689
45.8386 28.7547
45.8189 28.6889
45.7944 28.6947
45.7753 28.6753
45.7631 28.5836
45.7197 28.5825
45.7142 28.5269
45.665 28.4894
45.6447 28.5283
45.6072 28.5336
45.5867 28.5561
45.5692 28.5114
45.5436 28.5303
45.5178 28.5228
45.5064 28.4775
45.5253 28.2839
45.5033 28.2381
45.4482 28.212
45.5336 28.165
45.59 28.0619
45.6394 28.1614
45.8358 28.1075
45.8675 28.1297
46.0117 28.0844
46.1692 28.1355
46.4394 28.2519
46.5025 28.2094
46.6083 28.2472
46.6844 28.2139
46.9911 28.0711
47.0286 27.9925
47.1636 27.8069
47.3711 27.5722
47.4547 27.5794
47.4886 27.4697
47.5239 27.4664
47.6417 27.3219
47.7236 27.2894
47.7853 27.2383
47.9678 27.1644
48.1555 27.0005
48.2047 26.8944
48.2533 26.7078
48.2409 26.635
