CIC_MPM_VERS = 1.0
COMMENT Generated by Spacebel CCSDS library
CREATION_DATE = 2017-02-24T16:25:03.428719
ORIGINATOR = SVG² Control

META_START

USER_DEFINED_PROTOCOL = NONE
USER_DEFINED_CONTENT = REGION OF INTEREST
USER_DEFINED_SIZE = 2
USER_DEFINED_TYPE = REAL
USER_DEFINED_UNIT = [deg]

META_STOP

43.728 7.39119
43.7322 7.3908
43.7358 7.39
43.7389 7.3883
43.7419 7.3864
43.7456 7.3864
43.7486 7.3878
43.7514 7.3906
43.7539 7.3939
43.7561 7.3972
43.7586 7.4003
43.7614 7.4031
43.7636 7.4064
43.7658 7.4097
43.7683 7.4128
43.7706 7.4161
43.7725 7.42
43.7731 7.4247
43.7714 7.4294
43.7692 7.4325
43.7661 7.4342
43.7631 7.4358
43.7603 7.4383
43.7578 7.4407
43.7567 7.4367
43.755 7.4331
43.7522 7.4303
43.7492 7.4275
43.7458 7.4253
43.7425 7.4231
43.7392 7.4206
43.7361 7.4178
43.7333 7.415
43.7322 7.4108
43.7314 7.4061
43.7314 7.4008
43.7306 7.3961
43.7289 7.3919
43.728 7.39119
