CIC_MPM_VERS = 1.0
COMMENT Generated by Spacebel CCSDS library
CREATION_DATE = 2017-02-24T16:25:03.470718
ORIGINATOR = SVG² Control

META_START

USER_DEFINED_PROTOCOL = NONE
USER_DEFINED_CONTENT = REGION OF INTEREST
USER_DEFINED_SIZE = 2
USER_DEFINED_TYPE = REAL
USER_DEFINED_UNIT = [deg]

META_STOP

52.142 98.9346
52.0339 99.12
51.913 99.5172
51.893 99.7219
51.7605 99.9197
51.733 100.224
51.7036 100.67
51.4686 101.339
51.4514 101.404
51.4869 101.543
51.3453 102.184
51.3297 102.223
51.3064 102.225
51.245 102.154
50.8933 102.265
50.8494 102.23
50.7872 102.268
50.7483 102.344
50.7097 102.356
50.648 102.296
50.5697 102.328
50.5131 102.537
50.4136 102.613
50.3028 103.245
50.218 103.282
50.1964 103.332
50.2091 103.437
50.1386 103.641
50.1425 103.729
50.195 103.796
50.1417 104.063
50.1764 104.25
50.2875 104.392
50.3858 104.96
50.3983 105.132
50.4808 105.308
50.4105 105.989
50.3778 106.064
50.3436 106.07
50.2975 106.263
50.3461 106.547
50.3219 106.754
50.2011 107.006
50.085 107.078
50.005 107.247
49.9474 107.978
49.6833 107.948
49.3925 108.455
49.3383 108.548
49.3278 109.369
49.2394 109.523
49.1955 110.319
49.2539 110.395
49.1572 110.616
49.1422 110.7
49.1889 110.949
49.3669 111.352
49.4378 112.135
49.5403 112.483
49.4978 112.731
49.5986 113.091
49.7875 113.181
50.0164 113.586
50.2597 114.209
50.2842 114.313
50.2433 114.463
50.2647 114.665
50.2283 114.854
50.0405 115.158
49.9016 115.396
49.8808 115.731
50.0122 116.105
50.028 116.236
49.9339 116.609
49.8282 116.709
49.775 116.673
48.8633 116.056
48.8158 116.084
48.5205 115.811
48.2525 115.836
48.1358 115.54
47.9194 115.592
47.6919 115.919
47.6919 115.973
47.8219 116.116
47.8786 116.258
47.8391 116.47
47.888 116.875
47.8136 117.111
47.6692 117.328
47.6605 117.39
47.7633 117.512
47.9747 117.764
48.0119 117.808
48.0072 117.955
47.9953 118.558
47.7728 118.767
47.665 119.125
47.5339 119.149
47.4739 119.346
47.4244 119.309
47.33 119.479
47.248 119.614
47.1555 119.735
46.9939 119.801
46.9089 119.925
46.7103 119.928
46.6286 119.779
46.5978 119.691
46.6275 119.64
46.6144 119.363
46.6778 119.062
46.7503 118.991
46.7205 118.918
46.7697 118.887
46.7655 118.844
46.6839 118.773
46.6908 118.554
46.7369 118.31
46.6103 117.916
46.5344 117.844
46.5139 117.717
46.5511 117.633
46.6119 117.599
46.5783 117.421
46.3644 117.371
46.3594 117.093
46.3936 116.842
46.2958 116.586
46.0889 116.363
45.8878 116.234
45.8233 116.281
45.7894 116.272
45.6933 116.15
45.6855 116.031
45.4586 115.702
45.3828 114.938
45.4422 114.736
45.3894 114.545
45.2117 114.462
44.938 114.074
44.9228 113.917
44.7453 113.638
44.7978 113.126
44.9264 112.607
45.0805 112.427
45.0916 111.981
45.0005 111.785
44.6791 111.568
44.5778 111.561
44.4128 111.427
44.3328 111.426
44.1508 111.585
43.9389 111.879
43.7631 111.978
43.6922 111.958
43.6725 111.784
43.4972 111.586
43.4894 111.436
43.3169 110.99
43.0789 110.725
43.0033 110.674
42.8461 110.472
42.7778 110.44
42.6736 110.134
42.6455 110.107
42.6414 109.928
42.5583 109.696
42.4739 109.545
42.4533 109.438
42.43 109.314
42.4583 109
42.4 108.845
42.4422 108.528
42.4103 107.571
42.4661 107.472
42.4105 107.277
42.36 107.262
42.3133 107.003
42.2955 106.782
42.0775 106.122
41.8314 105.468
41.75 105.227
41.5814 105.012
41.6519 104.93
41.6639 104.524
41.8772 104.527
41.8033 104.061
41.8025 103.849
41.8872 103.416
42.1614 102.713
42.1511 102.442
42.2333 102.077
42.5097 101.815
42.678 100.836
42.6911 100.315
42.6411 100.255
42.6483 100.035
42.5708 99.4986
42.6289 98.5303
42.7975 97.1716
42.7311 96.383
42.9069 96.3569
43.2791 95.8813
43.4414 95.8455
43.9928 95.54
44.0208 95.3361
44.1778 95.3503
44.2783 95.4233
44.2964 95.4111
44.2569 95.0205
44.3492 94.7244
44.453 94.5994
44.5205 94.3648
44.5875 94.318
44.7003 94.1272
44.9622 93.5308
45.0103 93.0953
45.0128 92.3597
45.0794 92.0925
45.0686 91.6811
45.158 91.4536
45.1186 91.383
45.1511 91.2305
45.2128 91.1416
45.2239 91.0119
45.193 90.9394
45.2042 90.8816
45.3947 90.7944
45.495 90.6747
45.7355 90.7194
46.0083 91.0211
46.0417 91.0297
46.1778 90.9725
46.3155 90.923
46.5733 91.0722
46.7422 91.0344
46.8289 90.9438
46.883 90.9589
46.9886 90.8572
46.9997 90.7611
47.3219 90.49
47.5003 90.4658
47.543 90.4078
47.6433 90.3575
47.6744 90.3569
47.7375 90.1341
47.7975 90.0833
47.8653 90.0916
47.8894 90.0675
47.8919 89.9766
47.8364 89.9389
47.8283 89.7819
47.913 89.6683
48.0297 89.5908
48.0414 89.5305
47.9805 89.2258
47.9955 89.0775
48.1153 88.9333
48.1103 88.8339
48.2178 88.6052
48.3628 88.5741
48.5769 87.9733
48.6075 87.9694
48.6333 88.0208
48.7064 88.0886
48.7472 88.0391
48.773 87.9055
48.8816 87.7594
48.9275 87.7814
48.9519 87.873
49.0022 87.8994
49.1718 87.84
49.1755 87.9794
49.2722 88.1622
49.3416 88.1564
49.3683 88.1319
49.4494 88.1966
49.4839 88.4078
49.4758 88.5689
49.5005 88.6508
49.4417 88.8469
49.4461 88.9066
49.5236 88.8797
49.5436 88.8875
49.5464 88.9288
49.4666 88.9894
49.5069 89.1819
49.5405 89.235
49.6111 89.1975
49.6383 89.2266
49.5969 89.3464
49.5797 89.3722
49.7175 89.718
49.77 89.7147
49.79 89.6544
49.8992 89.64
49.935 89.7014
49.97 89.9775
49.9964 90.0211
50.0642 90.028
50.0905 90.0719
50.2194 90.6986
50.41 90.9797
50.4755 91.2941
50.4661 91.4336
50.5269 91.4677
50.6722 91.7239
50.713 91.8847
50.6922 92.1519
50.7239 92.2583
50.7883 92.3161
50.855 92.3269
50.8747 92.3933
50.6883 92.6405
50.683 92.6989
50.7161 92.7647
50.7867 92.7922
50.8 92.9288
50.7853 92.9866
50.7514 92.9991
50.6694 92.9705
50.662 92.977
50.6379 92.998
50.613 93.0197
50.6036 93.3219
50.6225 93.4489
50.5797 93.7269
50.5778 94.2189
50.5603 94.2925
50.2247 94.3839
50.03 94.6227
50.0569 94.9675
49.9619 95.0661
49.9561 95.4225
49.8944 95.5208
50.0219 95.8172
50.0211 95.8875
49.9458 95.9528
50.0058 96.0652
49.9536 96.2747
49.8936 96.3791
49.9303 96.5147
49.9167 96.5644
49.865 96.5925
49.92 96.7133
49.8941 96.9969
49.7617 97.1694
49.7308 97.3027
49.7875 97.4841
49.8472 97.5911
49.9203 97.5847
49.9689 97.7778
49.9328 97.8639
50.0489 98.1072
50.2939 98.2897
50.5042 98.3264
50.5442 98.3025
50.6203 98.0791
50.7783 97.9639
50.8505 98.0158
50.9375 97.8683
51.0011 97.8278
51.2233 97.9586
51.3072 97.9364
51.4525 98.0569
51.4514 98.2278
51.6947 98.3097
51.7308 98.3694
51.7822 98.6316
51.8433 98.7261
52.0386 98.8694
52.1091 98.8783
52.142 98.9346
