CIC_MPM_VERS = 1.0
COMMENT Generated by Spacebel CCSDS library
CREATION_DATE = 2017-02-24T16:25:03.554218
ORIGINATOR = SVG² Control

META_START

USER_DEFINED_PROTOCOL = NONE
USER_DEFINED_CONTENT = REGION OF INTEREST
USER_DEFINED_SIZE = 2
USER_DEFINED_TYPE = REAL
USER_DEFINED_UNIT = [deg]

META_STOP

35.0997 -2.21152
35.0514 -2.20528
34.7472 -1.74722
34.6005 -1.85333
34.4853 -1.68639
34.3783 -1.79333
34.085 -1.65361
33.6955 -1.72667
33.6508 -1.64194
33.5569 -1.60028
33.3833 -1.66667
33.2566 -1.66556
33.058 -1.47889
32.9791 -1.48722
32.9394 -1.54278
32.7244 -1.38305
32.5083 -1.01056
32.4414 -1.07806
32.4047 -1.19639
32.3269 -1.25
32.2147 -1.25389
32.1591 -1.29278
32.1669 -1.19861
32.115 -1.17778
32.0897 -1.21306
32.108 -1.5
32.15 -2.22028
32.0847 -2.86528
32.0289 -2.93833
31.8508 -2.9725
31.6728 -3.51889
31.7164 -3.71472
31.6956 -3.81861
31.6503 -3.83528
31.4669 -3.83556
31.3947 -3.72472
31.3392 -3.80417
31.2217 -3.79639
31.1828 -3.82556
31.1525 -3.81556
31.1886 -3.72444
31.0861 -3.59805
30.9914 -3.60222
30.9611 -3.64667
30.9067 -4.02722
30.7661 -4.17389
30.6372 -4.43028
30.6264 -4.59195
30.4922 -4.9425
30.1867 -5.145
29.9742 -5.39611
29.8969 -5.59389
29.8097 -6.19139
29.8044 -6.40028
29.833 -6.47444
29.6336 -6.51111
29.5711 -6.57556
29.5947 -7.19972
29.3972 -7.43417
29.3919 -7.62278
29.0936 -8.04667
28.9192 -8.35778
28.7906 -8.49555
28.7093 -8.66929
27.6688 -8.66929
27.6667 -9.93389
27.6651 -13.1769
27.775 -13.0236
27.9286 -12.9583
27.9717 -12.8167
28.0639 -12.1867
28.1153 -12.025
28.3114 -11.5011
28.4019 -11.4094
28.7605 -11.0442
28.9983 -10.5575
29.2539 -10.3172
29.4667 -10.1172
29.87 -9.79139
30.1681 -9.64028
30.4128 -9.61195
30.6125 -9.79361
30.6278 -9.88611
30.6775 -9.88611
30.7556 -9.83778
30.8439 -9.82861
31.3428 -9.80445
31.4003 -9.84528
31.565 -9.73278
31.7086 -9.67945
32.0439 -9.35195
32.2275 -9.265
32.5622 -9.27306
32.8905 -8.86195
33.27 -8.51945
33.2533 -8.47528
33.2847 -8.39611
33.3755 -8.30528
33.4478 -8.055
33.6314 -7.52528
33.6961 -7.43972
33.8305 -7.11833
33.9494 -6.92611
34.2653 -6.67056
34.7214 -6.37945
35.2369 -6.14
35.7802 -5.92677
35.8303 -5.57361
35.9153 -5.4525
35.9124 -5.39346
35.8355 -5.3422
35.7905 -5.33917
35.5747 -5.25
35.258 -4.80944
35.1505 -4.40944
35.2605 -3.91833
35.2217 -3.90306
35.1992 -3.8275
35.2183 -3.76389
35.2725 -3.74
35.2861 -3.6675
35.2267 -3.5775
35.1928 -3.32667
35.2964 -3.05944
35.4364 -2.98417
35.435 -2.9525
35.3365 -2.93328
35.2701 -2.92268
35.1631 -2.90195
35.1269 -2.84167
35.1156 -2.74722
35.2336 -2.89028
35.2016 -2.83389
35.0983 -2.62806
35.0983 -2.51722
35.1533 -2.41945
35.0997 -2.21152
