CIC_MPM_VERS = 1.0
COMMENT Generated by Spacebel CCSDS library
CREATION_DATE = 2017-02-24T16:25:03.613719
ORIGINATOR = SVG² Control

META_START

USER_DEFINED_PROTOCOL = NONE
USER_DEFINED_CONTENT = REGION OF INTEREST
USER_DEFINED_SIZE = 2
USER_DEFINED_TYPE = REAL
USER_DEFINED_UNIT = [deg]

META_STOP

-11.5729 34.9581
-11.5729 34.962
-11.5721 35.4191
-11.5981 35.4764
-11.5894 35.6436
-11.4208 35.8169
-11.4308 35.9333
-11.5431 36.0864
-11.5778 36.163
-11.7042 36.1855
-11.7269 36.5372
-11.7161 36.6722
-11.5706 36.825
-11.5672 37.0258
-11.6644 37.108
-11.7042 37.2861
-11.6867 37.3472
-11.7256 37.4403
-11.5611 37.7919
-11.5147 37.8247
-11.4053 37.8433
-11.3267 37.8686
-11.2533 38.1022
-11.4171 38.4933
-11.2708 38.6725
-11.2072 38.8528
-11.1722 38.8978
-11.1708 39.2569
-10.9481 39.6283
-10.9206 39.7669
-10.6714 40.1655
-10.5867 40.2739
-10.5058 40.4205
-10.4804 40.4356
-10.4842 40.5211
-10.5742 40.5094
-10.5972 40.5694
-10.65 40.5733
-10.6717 40.6394
-10.6986 40.6464
-10.6886 40.5786
-10.7683 40.4872
-10.7967 40.4947
-10.8358 40.6175
-10.8572 40.6125
-10.9411 40.5036
-11.0394 40.5064
-11.0261 40.5689
-11.0664 40.5616
-11.1445 40.4994
-11.2031 40.5061
-11.327 40.3525
-11.35 40.3958
-11.4164 40.4811
-11.5653 40.4253
-11.8203 40.4756
-11.8433 40.5161
-11.9061 40.4786
-11.9944 40.5392
-12.2395 40.5094
-12.2547 40.4511
-12.2964 40.5078
-12.3781 40.5039
-12.3997 40.5625
-12.5089 40.4714
-12.5431 40.5681
-12.6522 40.5694
-12.7111 40.5783
-12.7133 40.6164
-12.7733 40.6461
-12.802 40.6094
-12.785 40.5589
-12.8545 40.5564
-12.9139 40.525
-12.8842 40.4767
-12.9392 40.4131
-12.9803 40.4183
-13.0275 40.4897
-13.0017 40.5133
-12.95 40.4916
-12.9578 40.5417
-12.9856 40.5969
-13.0903 40.5592
-13.3453 40.5703
-13.515 40.5255
-13.582 40.6019
-13.6453 40.5375
-13.9517 40.6372
-14.0792 40.6383
-14.0872 40.5967
-14.1256 40.6228
-14.1717 40.5305
-14.2678 40.6028
-14.1903 40.6689
-14.1981 40.7203
-14.2836 40.7411
-14.3675 40.6805
-14.3397 40.6375
-14.5695 40.6278
-14.5375 40.6661
-14.4358 40.69
-14.4042 40.8011
-14.4317 40.8256
-14.4994 40.828
-14.5264 40.7617
-14.5511 40.7664
-14.5197 40.8053
-14.5303 40.83
-14.8039 40.8392
-14.8792 40.7378
-14.9075 40.6689
-14.867 40.6417
-14.9314 40.6822
-14.9283 40.7472
-14.9981 40.7736
-14.9872 40.66
-15.0853 40.6989
-15.1239 40.5347
-15.1872 40.5144
-15.2028 40.578
-15.155 40.6272
-15.1867 40.6658
-15.26 40.6839
-15.5342 40.5433
-15.5292 40.4967
-15.7233 40.3603
-16.0017 40.0583
-16.0028 40.1322
-16.2375 39.975
-16.2417 39.8792
-16.3117 39.7822
-16.4128 39.8175
-16.4306 39.8572
-16.4569 39.8108
-16.5553 39.6744
-16.7797 39.2675
-16.8808 39.1564
-16.8697 39.1267
-16.9331 39.1275
-16.9917 39.0858
-17.065 38.723
-17.0292 38.6644
-17.1192 38.5611
-17.1097 38.5064
-17.1442 38.4975
-17.2845 38.1494
-17.1789 38.1189
-17.2536 38.1308
-17.3114 38.1114
-17.3764 37.8722
-17.4731 37.7308
-17.4592 37.6975
-17.6328 37.4169
-17.69 37.2836
-18.0128 36.9811
-17.8772 36.8761
-17.9047 36.8203
-18.0628 36.9703
-18.1945 36.8875
-18.1781 36.835
-18.2261 36.7836
-18.212 36.8297
-18.4672 36.5972
-18.5289 36.5105
-18.5967 36.4717
-18.6953 36.385
-18.7422 36.4033
-18.7942 36.3989
-18.7764 36.2808
-18.6964 36.23
-18.86 36.2513
-18.9031 36.1319
-18.8728 36.133
-18.8031 36.1153
-18.9197 36.0075
-19.0847 35.725
-19.3797 35.4808
-19.5883 35.2547
-19.8636 34.8822
-19.8545 34.8436
-19.7761 34.8111
-19.7181 34.705
-19.595 34.6236
-19.5817 34.5567
-19.6206 34.5317
-19.61 34.6128
-19.82 34.775
-19.8536 34.7719
-19.8942 34.7072
-20.1486 34.7769
-20.1825 34.7542
-20.1695 34.6628
-20.2358 34.7419
-20.3828 34.6925
-20.3811 34.6411
-20.4281 34.6569
-20.4481 34.71
-20.4947 34.7125
-20.54 34.6642
-20.6656 34.8944
-20.7117 34.863
-20.6936 34.9497
-20.735 34.9936
-20.9414 35.0405
-20.9306 35.1139
-20.9686 35.1211
-21.0381 35.0894
-21.0933 35.0611
-21.1169 35.0164
-21.2314 35.0911
-21.2556 35.0456
-21.3217 35.0841
-21.1911 35.1303
-21.3406 35.1111
-21.4317 35.1375
-21.5781 35.2375
-22.107 35.338
-22.3333 35.3019
-22.4181 35.3125
-22.4853 35.4017
-22.2925 35.3894
-22.2022 35.4289
-22.1183 35.4475
-22.0983 35.4919
-22.2781 35.5278
-22.6322 35.4858
-22.9503 35.5353
-22.9222 35.593
-23.0239 35.558
-23.527 35.4117
-23.7392 35.4086
-23.7478 35.3844
-23.6803 35.3814
-23.6847 35.3408
-23.7136 35.3686
-23.9511 35.3358
-23.8411 35.3864
-23.89 35.4636
-23.7847 35.4892
-23.8256 35.5339
-24.1333 35.4756
-24.5336 35.1794
-24.6453 35.0258
-24.8554 34.485
-25.0219 33.9886
-25.1828 33.5736
-25.2928 33.2197
-25.3314 33.2347
-25.4233 33.0555
-25.6164 32.8083
-25.8083 32.7347
-25.8258 32.7044
-25.8847 32.6894
-25.9753 32.5822
-25.9483 32.5233
-25.9714 32.4789
-25.9725 32.5097
-25.9828 32.5503
-26.0753 32.6261
-26.212 32.7708
-26.277 32.8086
-26.2783 32.878
-26.2444 32.868
-26.1039 32.9055
-26.09 32.9536
-26.2661 32.9319
-26.8464 32.8931
-26.8603 32.333
-26.8406 32.1342
-26.5058 32.1292
-26.3933 32.0722
-26.2614 32.0611
-26.1622 32.103
-26.0095 32.09
-25.9582 31.9677
-25.8142 31.9194
-25.6503 32.02
-25.5181 31.9883
-25.035 32.0186
-24.4594 32.0161
-24.1711 31.8858
-23.9275 31.8764
-23.8564 31.7697
-23.6136 31.6836
-23.4767 31.5508
-23.1867 31.5617
-22.4161 31.2976
-22.3542 31.3933
-21.3111 32.4103
-21.3465 32.4922
-21.1358 32.3603
-20.9142 32.5214
-20.6617 32.4836
-20.5986 32.5022
-20.555 32.5508
-20.5572 32.6658
-20.1347 32.9011
-20.0364 32.953
-20.0311 33.0266
-19.8139 33.0392
-19.7803 33.0594
-19.7367 32.9758
-19.6642 32.9786
-19.6486 32.9536
-19.6925 32.9128
-19.685 32.8455
-19.4939 32.8505
-19.4678 32.783
-19.3664 32.7847
-19.2867 32.8522
-19.0372 32.8453
-19.0219 32.7161
-18.9445 32.6992
-18.8828 32.7203
-18.837 32.7011
-18.7792 32.8172
-18.7911 32.9
-18.7672 32.928
-18.6903 32.9497
-18.5306 32.8883
-18.4669 33.0136
-18.405 33.0014
-18.3489 33.073
-18.2358 32.9666
-18.1833 33.0011
-18.1014 32.9758
-17.975 32.9461
-17.9236 32.9747
-17.8422 32.9661
-17.7233 33.0186
-17.6139 33.0433
-17.5208 32.9603
-17.3463 33.0449
-17.1475 32.9683
-16.9311 32.8425
-16.8328 32.9439
-16.7086 32.9822
-16.7178 32.7685
-16.6842 32.7078
-16.6078 32.7083
-16.5814 32.6553
-16.4389 32.2403
-16.4492 32.0628
-16.4183 31.9081
-16.24 31.7605
-16.1611 31.4239
-16.0286 31.3008
-16.0231 31.0581
-16.0592 30.9847
-16.0022 30.9286
-16.0092 30.4228
-15.6336 30.4139
-15.5547 30.3578
-15.4789 30.3881
-15.3303 30.358
-15.2508 30.2683
-14.9811 30.2128
-14.7639 30.8456
-14.645 31.3822
-14.5617 31.5853
-14.3881 32.0778
-14.0111 33.2218
-14.4106 33.4789
-14.4422 33.5494
-14.5894 33.6505
-14.5986 33.6928
-14.5006 33.7078
-14.4875 33.7364
-14.5339 33.8256
-14.4753 33.9322
-14.4939 34.0739
-14.4036 34.3011
-14.3972 34.3889
-14.6156 34.5411
-14.6886 34.5225
-14.7872 34.5669
-15.2828 34.5897
-15.4967 34.4253
-15.5475 34.4433
-15.6758 34.41
-15.7436 34.3242
-15.8078 34.2603
-15.9164 34.2636
-16.0636 34.4278
-16.205 34.4105
-16.2842 34.4542
-16.3239 34.5756
-16.4047 34.5944
-16.5372 34.7619
-16.6775 34.8597
-16.8239 35.0494
-16.8169 35.1283
-16.8411 35.1464
-16.952 35.1391
-17.0272 35.0525
-17.1292 35.0916
-17.1358 35.2906
-17.0614 35.308
-16.9503 35.2711
-16.8461 35.3041
-16.6972 35.2714
-16.6211 35.1686
-16.5506 35.1372
-16.4586 35.2517
-16.2247 35.2933
-16.1245 35.4117
-16.1372 35.6061
-16.0625 35.7869
-15.4194 35.8672
-15.3342 35.8436
-15.3278 35.8418
-15.1778 35.8003
-14.8856 35.9242
-14.885 35.8811
-14.6561 35.8772
-13.6861 35.0953
-13.5004 34.8658
-13.4974 34.8621
-13.4964 34.658
-13.3469 34.5691
-12.7589 34.53
-12.5033 34.4444
-12.1672 34.3739
-11.7639 34.6144
-11.5758 34.6261
-11.5729 34.9581
