CIC_MPM_VERS = 1.0
COMMENT Generated by Spacebel CCSDS library
CREATION_DATE = 2017-02-24T16:25:03.671718
ORIGINATOR = SVG² Control

META_START

USER_DEFINED_PROTOCOL = NONE
USER_DEFINED_CONTENT = REGION OF INTEREST
USER_DEFINED_SIZE = 2
USER_DEFINED_TYPE = REAL
USER_DEFINED_UNIT = [deg]

META_STOP

11.5242 98.5352
11.6108 98.4134
11.7814 98.3691
11.8025 98.528
11.7786 98.5527
11.5242 98.5352
180.0 180.0
18.6675 93.683
18.7711 93.5439
18.8697 93.4844
18.8847 93.6413
18.8675 93.6711
18.8728 93.748
18.7317 93.7558
18.6811 93.7258
18.6675 93.683
180.0 180.0
12.3228 98.3255
12.3683 98.3121
12.5133 98.3319
12.5875 98.303
12.6769 98.3094
12.6464 98.395
12.5289 98.4225
12.6072 98.4422
12.5 98.4678
12.3336 98.3675
12.3228 98.3255
180.0 180.0
19.2686 93.8017
19.3647 93.7303
19.4158 93.7308
19.4392 93.6664
19.5111 93.6508
19.5599 93.6966
19.4286 93.9616
19.3951 93.9621
19.3097 93.9164
19.2686 93.8017
180.0 180.0
15.838 94.4091
15.9817 94.3811
16.228 94.6581
16.19 94.6717
16.0344 94.5983
15.838 94.4091
180.0 180.0
19.1709 93.9351
18.9531 93.9853
18.8494 93.9322
18.9606 93.7736
19.3414 93.48
19.3864 93.4833
19.4272 93.5205
19.4239 93.5572
19.2469 93.7372
19.2405 93.8422
19.2612 93.8683
19.325 93.9489
19.4608 93.9886
19.5078 93.8708
19.6422 93.7303
19.6883 93.8089
19.7392 93.8069
19.6703 93.7594
19.678 93.7216
19.7219 93.7094
19.7653 93.7489
19.7197 93.5991
19.7908 93.6011
19.8844 93.6722
19.8817 93.7344
19.9333 93.7169
19.8789 93.5772
19.9328 93.5161
19.9936 93.5236
19.9489 93.4475
19.9714 93.4144
20.0869 93.3769
20.0247 93.363
20.1003 93.3361
20.0422 93.2564
20.0856 93.1283
19.83 93.2466
19.8308 93.2175
19.9822 93.1503
19.9783 93.1014
19.8519 93.118
20.1283 92.9727
20.1489 93.0939
20.2186 93.1142
20.1442 93.0166
20.1489 92.9922
20.2258 92.9958
20.3817 93.0997
20.4225 93.0844
20.3622 93.058
20.3722 93.0352
20.4159 93.0358
20.5306 93.0847
20.4994 93.0489
20.3025 93.01
20.1175 92.8889
20.1242 92.8569
20.2192 92.7675
20.3197 92.9417
20.3522 92.8619
20.4908 92.8294
20.5028 92.8069
20.4739 92.793
20.4497 92.763
20.5544 92.7333
20.5814 92.7116
20.2828 92.7392
20.2775 92.71
20.6214 92.4952
20.7008 92.3739
21.0545 92.2632
21.1792 92.1933
21.3425 92.2016
21.4742 92.3769
21.4347 92.4161
21.3822 92.4205
21.36 92.4675
21.3736 92.5536
21.2633 92.5853
21.2505 92.6075
21.2969 92.6694
21.3911 92.6369
21.9822 92.6013
22.0314 92.6822
22.1522 92.6975
22.1597 92.7186
22.0964 92.8127
21.9536 92.9011
22.0292 92.9503
21.9914 92.9847
22.0039 93.0061
22.1589 93.0405
22.2103 93.058
22.1915 93.1635
22.2369 93.1425
22.2483 93.1911
22.4278 93.1827
22.5272 93.12
22.7894 93.0986
22.9011 93.1441
23.0144 93.125
23.0539 93.1472
23.0572 93.2066
23.0089 93.2389
23.0089 93.2936
23.0733 93.3503
23.4755 93.4044
23.7831 93.3978
23.9214 93.3844
23.9817 93.328
24.0736 93.3366
24.0911 93.3641
24.0764 93.4058
23.9675 93.4772
23.9642 93.5291
24.0169 93.6358
23.9178 94.0366
23.8436 94.1283
23.8597 94.1536
24.2286 94.28
24.3717 94.3591
24.48 94.3891
24.6114 94.5086
24.7089 94.5386
24.7253 94.5977
25.0303 94.7355
25.1364 94.7286
25.19 94.5889
25.2453 94.5775
25.4097 94.635
25.5911 94.8786
25.7511 95.0391
25.9283 95.0207
26.0019 95.135
26.0708 95.1775
26.2281 95.0816
26.3486 95.0683
26.62 95.1483
26.6794 95.2536
26.6447 95.2711
26.7155 95.4497
26.823 95.5194
26.8214 95.6108
26.8953 95.658
26.8914 95.7177
26.9722 95.7739
27.0355 95.9191
27.1925 96.0358
27.2708 96.1941
27.2942 96.5241
27.3669 96.61
27.3558 96.7636
27.2547 96.8841
27.2103 96.8614
27.178 96.8883
27.1347 96.9919
27.0925 97.1444
27.1386 97.1589
27.3842 96.9572
27.565 96.8955
27.9075 97.2494
27.9167 97.2991
27.8783 97.3172
27.8967 97.3677
28.0186 97.3941
28.0892 97.3161
28.2227 97.3495
28.2925 97.4105
28.2925 97.465
28.54 97.5486
28.5469 97.575
28.4842 97.6313
28.5211 97.7008
28.3492 97.7969
28.3814 97.8989
28.2783 98.0189
28.2186 98.0097
28.1605 98.1308
28.1203 98.1572
27.9692 98.1308
27.9305 98.1958
27.9044 98.2072
27.8836 98.1669
27.55 98.3094
27.5283 98.3469
27.5464 98.3975
27.6328 98.4261
27.6864 98.428
27.6669 98.5511
27.6022 98.5897
27.6194 98.668
27.5825 98.7047
27.3883 98.7
27.3631 98.7339
27.1039 98.7058
27.07 98.7602
26.8642 98.7397
26.6428 98.7786
26.2605 98.6658
26.2 98.7283
26.1347 98.71
26.0983 98.6644
26.1375 98.6028
26.1231 98.568
25.9539 98.6552
25.8967 98.7153
25.8264 98.6658
25.8011 98.6319
25.8486 98.5352
25.6567 98.3916
25.5964 98.3858
25.5517 98.3266
25.6244 98.1714
25.3144 98.0694
25.2142 97.9411
25.2108 97.9064
25.2586 97.873
25.2683 97.8464
25.0825 97.723
24.9189 97.7366
24.8631 97.7972
24.8397 97.7905
24.7897 97.625
24.743 97.5525
24.6694 97.5686
24.4414 97.5305
24.3855 97.7014
24.3528 97.7166
24.3378 97.6655
24.3061 97.6647
24.2903 97.7416
24.2575 97.76
24.225 97.7275
24.1636 97.7494
23.9828 97.5769
23.9506 97.5364
23.8517 97.65
24.0817 98.0405
24.1258 98.2203
24.0781 98.5958
24.1219 98.7614
24.1607 98.8894
24.1203 98.9072
23.9986 98.7516
23.9344 98.693
23.8122 98.6847
23.6919 98.8344
23.6133 98.8858
23.5542 98.8066
23.4847 98.8214
23.4836 98.88
23.4172 98.9147
23.3647 98.9186
23.3336 98.8769
23.3181 98.9377
23.188 98.8813
23.1675 99.0589
23.1317 99.055
23.1025 99.1894
23.135 99.3564
23.0869 99.5083
22.938 99.5664
22.9153 99.5466
22.9497 99.4455
22.7803 99.3872
22.7447 99.328
22.51 99.3847
22.4067 99.2969
22.3172 99.245
22.1653 99.1633
22.1144 99.2325
22.0931 99.3594
22.1358 99.4655
22.0919 99.6127
22.0764 99.6844
22.0419 99.6941
22.0753 99.7491
22.0228 99.8475
22.0505 99.9682
21.7689 99.9683
21.7094 99.9864
21.6853 100.136
21.6392 100.149
21.5833 100.106
21.4683 100.162
21.4326 100.213
21.5364 100.389
21.4869 100.459
21.4514 100.56
21.51 100.72
21.6851 100.89
21.7697 101.122
21.5709 101.152
21.5647 101.152
21.5306 101.162
21.4008 101.005
21.3025 100.835
21.3142 100.732
21.0428 100.609
21.0253 100.546
20.8878 100.513
20.8669 100.538
20.8914 100.634
20.8736 100.648
20.8178 100.571
20.8039 100.516
20.8281 100.376
20.6533 100.186
20.3583 100.097
20.3493 100.092
20.4553 99.9591
20.3314 99.7975
20.3119 99.6664
20.3886 99.4561
20.1997 99.5558
20.1472 99.5339
20.0667 99.3191
20.128 99.1702
20.0861 99.0669
19.8256 99.0264
19.7481 98.9089
19.8164 98.8369
19.7486 98.6716
19.675 98.5558
19.7125 98.5097
19.673 98.2536
19.8086 98.0808
19.7983 98.0455
19.6439 98.035
19.6239 97.9836
19.3958 97.7922
19.2936 97.8375
19.2769 97.7883
19.2044 97.8422
19.0969 97.8339
18.928 97.6783
18.8594 97.7489
18.57 97.7747
18.5661 97.6633
18.4897 97.5341
18.4972 97.4425
18.5839 97.3619
18.5442 97.3458
18.3961 97.4441
18.2942 97.485
18.265 97.5247
18.3278 97.5636
18.3125 97.623
18.2736 97.6478
18.2428 97.6166
17.9775 97.7503
17.8289 97.6989
17.6842 97.7939
17.5814 97.9116
17.4642 98.0288
17.3822 98.108
17.0455 98.3461
17.0533 98.4236
16.9411 98.5111
16.8636 98.5172
16.8078 98.5466
16.7739 98.4913
16.7297 98.4794
16.5186 98.6172
16.285 98.6897
16.2764 98.7158
16.4767 98.865
16.3792 98.9283
16.1708 98.8602
16.1036 98.815
16.1233 98.7744
16.0461 98.5714
15.97 98.6175
15.7228 98.5652
15.4169 98.5936
15.33 98.5589
15.3872 98.5036
15.36 98.4225
15.26 98.4136
15.3031 98.3102
15.2156 98.2003
14.8069 98.2641
14.6058 98.4477
14.3819 98.5714
14.2997 98.6697
14.2175 98.7597
14.1022 98.9372
13.7125 99.1805
13.3353 99.2137
13.2067 99.2086
13.1758 99.1208
13.0508 99.1141
12.9694 99.1936
12.833 99.2036
12.5711 99.4389
12.4544 99.4144
12.2597 99.4858
12.1303 99.4766
12.1367 99.5733
11.8725 99.5894
11.8205 99.6608
11.6278 99.5575
11.6292 99.49
11.6047 99.4655
11.3889 99.4028
11.35 99.3583
10.9486 99.0775
10.9633 99.0202
10.8286 99.0033
10.7672 98.8555
10.6667 98.7819
10.5167 98.8239
10.3464 98.7426
9.98555 98.555
9.98805 98.5389
10.1972 98.4853
10.2492 98.5158
10.3794 98.5189
10.7344 98.4603
10.7272 98.5641
10.8567 98.6058
10.8792 98.588
10.9183 98.7108
10.9886 98.7136
10.9986 98.6886
11.0428 98.7266
11.1253 98.6594
11.1778 98.7364
11.2711 98.7578
11.3756 98.7019
11.4433 98.7244
11.4486 98.7716
11.6128 98.7278
11.6803 98.7747
11.7089 98.8266
11.6953 98.8841
11.7483 98.7839
11.7844 98.7958
11.8455 98.8111
11.6756 98.6875
11.7289 98.6075
11.8147 98.6128
11.8739 98.6941
11.8756 98.5764
11.8986 98.5564
11.963 98.7211
12.0183 98.7178
12.0647 98.6525
12.0989 98.6341
12.2222 98.7091
12.2414 98.6736
12.1958 98.608
12.21 98.5497
12.2544 98.5322
12.2903 98.5589
12.3169 98.685
12.3561 98.6991
12.4217 98.6036
12.4842 98.6097
12.5025 98.7097
12.5531 98.6197
12.725 98.6927
12.7719 98.6075
13.1144 98.5744
13.3187 98.471
13.3417 98.4655
13.5786 98.3589
13.7167 98.2364
13.9617 98.2325
14.0592 98.1855
13.9956 98.1944
13.5308 98.1744
13.5397 98.1389
13.61 98.1464
13.7614 98.0825
13.8253 98.1022
13.9214 98.0794
14.1283 98.1075
14.2806 98.018
14.6733 97.8772
14.7125 97.9114
14.7156 97.9516
14.6531 97.9975
14.6467 98.0266
14.7919 97.9439
14.7392 97.9033
14.7128 97.8758
14.7281 97.8444
14.88 97.7967
15.1589 97.8105
15.2236 97.7619
15.3406 97.73
15.4103 97.7905
15.4961 97.7522
15.8428 97.7255
16.0164 97.5747
16.1375 97.6211
16.435 97.6244
16.5053 97.6586
16.5697 97.6944
16.5325 97.6566
16.5364 97.5083
16.4861 97.3678
16.5708 97.353
16.7658 97.2464
16.9111 97.1767
16.993 97.1986
17.0814 97.1561
17.1042 97.1851
17.09 97.2347
17.1103 97.248
17.1042 97.1103
17.1872 97.1066
17.378 96.8972
17.4514 96.8808
17.3892 96.8477
17.3258 96.9019
17.1922 96.8436
17.0306 96.9122
16.9211 96.8705
16.9358 96.8327
16.8414 96.8466
16.6961 96.7719
16.5319 96.5783
16.5014 96.3797
16.5555 96.2922
16.7556 96.2214
16.7828 96.2492
16.8142 96.2744
16.7658 96.1708
16.5075 96.2697
16.4392 96.3369
16.4081 96.3144
16.3172 96.1211
16.3831 96.0066
16.3122 96.0741
16.25 96.0141
16.2114 95.9353
16.2553 95.9469
16.1425 95.7953
16.1444 95.7533
16.2142 95.7233
15.9736 95.6819
15.8703 95.5891
15.71 95.3847
15.7275 95.2866
15.7989 95.2786
15.8758 95.32
16.0431 95.3669
16.1089 95.3411
16.0003 95.3464
15.8719 95.2758
15.8644 95.2411
15.8903 95.2394
15.7828 95.2164
15.7775 95.1661
15.8025 95.1305
15.8592 95.1161
16.0317 95.1328
16.0372 95.103
16.0914 95.1347
16.1169 95.2269
16.1367 95.1777
16.1236 95.1205
15.8058 95.04
15.753 94.9528
15.7933 94.8455
15.825 94.8903
15.8575 94.8878
15.8494 94.8455
15.9564 94.8364
16.0172 94.8872
16.1306 94.8614
16.178 94.8936
16.2128 94.9719
16.2467 94.9908
16.198 94.8855
16.1322 94.8453
16.0169 94.8566
15.8439 94.7036
15.8542 94.6505
15.9 94.6314
16.0083 94.7255
16.1607 94.7922
16.0164 94.7128
15.9325 94.5953
15.9594 94.5614
16.1158 94.6797
16.4089 94.7144
16.5183 94.7322
16.5247 94.6694
16.3531 94.6825
16.2475 94.6142
16.24 94.5789
16.323 94.6289
16.278 94.5894
16.2875 94.5125
16.2503 94.5178
16.1255 94.4644
15.9578 94.25
16.0275 94.2016
16.5369 94.268
16.5286 94.3275
16.6306 94.3625
16.9 94.3855
16.8972 94.4203
16.9486 94.445
17.1147 94.4905
17.1603 94.4528
17.1869 94.4639
17.1628 94.5075
17.1872 94.5386
17.2217 94.5042
17.2911 94.518
17.2986 94.5928
17.545 94.5483
17.5864 94.5711
17.5475 94.6028
17.9986 94.4441
18.0153 94.4828
18.0711 94.4883
18.2444 94.4133
18.2475 94.3305
18.3011 94.3327
18.2831 94.3858
18.3172 94.4102
18.5308 94.2441
18.5861 94.2555
18.7183 94.1719
18.7422 94.2072
18.8672 94.1472
18.8117 94.1144
18.8628 94.0322
19.0489 94.0617
19.0875 94.0258
19.3845 94.0682
19.1528 94
19.1439 93.9636
19.1709 93.9351
180.0 180.0
9.13038e-315 8.32007e-321
