CIC_MPM_VERS = 1.0
COMMENT Generated by Spacebel CCSDS library
CREATION_DATE = 2017-02-24T16:25:03.849219
ORIGINATOR = SVG² Control

META_START

USER_DEFINED_PROTOCOL = NONE
USER_DEFINED_CONTENT = REGION OF INTEREST
USER_DEFINED_SIZE = 2
USER_DEFINED_TYPE = REAL
USER_DEFINED_UNIT = [deg]

META_STOP

-23.1512 14.4508
-23.1397 14.4476
-22.9672 14.4106
-22.8797 14.4444
-22.9772 14.4675
-22.8772 14.5361
-22.6853 14.5275
-22.6819 14.5283
-22.5528 14.5114
-22.1103 14.2778
-21.7819 13.9492
-21.7194 13.9661
-21.4164 13.7994
-21.0231 13.525
-20.5692 13.3136
-20.4025 13.2422
-20.1547 13.1597
-20.0758 13.0569
-19.9803 13.025
-19.5583 12.7861
-19.1197 12.5725
-19.0042 12.4642
-18.9325 12.4633
-18.792 12.3603
-18.4606 12.0183
-18.0478 11.7919
-17.7675 11.7333
-17.2579 11.7537
-17.1636 11.9769
-17.1483 12.123
-17.2267 12.2469
-17.2056 12.4283
-17.2536 12.4517
-17.2389 12.5086
-17.0114 12.9389
-16.9689 13.3742
-17.027 13.4969
-17.1367 13.5447
-17.425 13.9808
-17.4164 14.1878
-17.3868 14.2093
-17.3869 14.2181
-17.3889 15.6261
-17.3919 17.0225
-17.3868 18.4073
-17.4403 18.4833
-17.7069 18.7197
-17.815 18.9167
-17.8617 19.4597
-17.8372 19.6625
-17.8975 19.7556
-17.8575 19.9153
-17.8956 20.0997
-17.8875 20.3936
-18.0117 20.7849
-17.9625 20.9717
-17.9383 21.2428
-18.0117 21.3826
-18.0067 21.4236
-17.7472 22.8378
-17.6245 23.4749
-17.4819 24.2357
-17.5097 24.7639
-17.5825 25.0328
-17.6947 25.1183
-17.7977 25.2658
-17.8406 24.8233
-18.0206 24.6019
-18.0595 24.4961
-18.0081 24.4642
-17.9467 24.3819
-18.1644 23.9889
-18.3225 23.8233
-18.4853 23.6155
-18.4672 23.5708
-18.3172 23.5489
-18.2264 23.4619
-17.9981 23.2915
-18.3044 21.4625
-18.3174 20.9954
-19.2997 20.9936
-20.6472 20.9933
-21.997 20.9919
-22.0014 19.9958
-22.0739 19.9967
-23.4267 19.9989
-24.7636 20.0014
-26.1194 20.0003
-27.472 19.9986
-28.4264 19.9972
-28.5264 19.5694
-28.6997 19.4664
-28.732 19.2742
-28.7989 19.2392
-28.8936 19.295
-28.9608 19.1294
-28.9322 19.0094
-28.8681 18.9578
-28.847 18.64
-28.9089 18.1836
-28.7517 17.7086
-28.7758 17.6556
-28.757 17.6044
-28.6933 17.5953
-28.7164 17.4094
-28.5164 17.36
-28.4678 17.3219
-28.423 17.3881
-28.3478 17.3992
-28.2367 17.3489
-28.2369 17.2614
-28.2447 17.2217
-28.2025 17.1842
-28.1214 17.1942
-28.0364 17.095
-28.0639 16.9175
-28.1397 16.8817
-28.177 16.8828
-28.1686 16.8386
-28.2122 16.8517
-28.2183 16.8072
-28.2611 16.8244
-28.2595 16.7736
-28.3247 16.7789
-28.3645 16.8033
-28.4961 16.7278
-28.4606 16.678
-28.5803 16.483
-28.6178 16.4492
-28.6075 16.4222
-28.3339 16.1136
-28.0025 15.7303
-27.8714 15.67
-27.7361 15.5342
-27.6886 15.5236
-27.3175 15.2922
-27.1622 15.27
-26.9303 15.2142
-26.9242 15.1803
-26.65 15.0797
-26.6289 15.1347
-26.6778 15.1419
-26.5964 15.1711
-26.4014 15.088
-26.3397 14.9683
-26.1395 14.9386
-26.1267 14.9781
-26.0575 14.98
-25.7389 14.8342
-25.5489 14.8814
-25.36 14.8128
-25.0506 14.855
-24.9322 14.7906
-24.8483 14.7969
-24.7097 14.7267
-24.5656 14.5992
-24.4669 14.6158
-24.1733 14.4803
-23.6428 14.5008
-23.4178 14.4344
-23.3828 14.4492
-23.3797 14.4886
-23.3181 14.4978
-23.1512 14.4508
