CIC_MPM_VERS = 1.0
COMMENT Generated by Spacebel CCSDS library
CREATION_DATE = 2017-02-24T16:25:03.959718
ORIGINATOR = SVG² Control

META_START

USER_DEFINED_PROTOCOL = NONE
USER_DEFINED_CONTENT = REGION OF INTEREST
USER_DEFINED_SIZE = 2
USER_DEFINED_TYPE = REAL
USER_DEFINED_UNIT = [deg]

META_STOP

30.1747 80.8586
30.2169 80.9041
30.1814 80.9364
30.2047 81.0274
30.0247 81.1097
30.0103 81.2236
30.0836 81.3019
30.1306 81.2908
30.1453 81.3566
30.2831 81.3964
30.3808 81.4114
30.3305 81.5419
30.4197 81.6155
30.3422 82.1005
30.0797 82.1658
29.9428 82.5577
29.6689 82.8552
29.6725 82.9922
29.5853 83.0853
29.6331 83.165
29.58 83.2575
29.4744 83.2844
29.4967 83.3461
29.1658 83.6025
29.1619 83.6772
29.2289 83.7205
29.2792 84.0236
29.2139 84.1764
29.0628 84.1997
29.0422 84.2561
28.9294 84.2314
28.5519 84.8233
28.54 84.9397
28.6411 85.06
28.6033 85.19
28.53 85.1819
28.4467 85.1019
28.3164 85.1033
28.2722 85.2839
28.2894 85.5383
28.2511 85.62
28.3405 85.7058
28.2061 85.7808
28.0969 85.9164
28.0333 85.9189
27.9897 85.978
27.9158 85.973
27.8828 86.0144
27.9261 86.1316
28.0781 86.0925
28.1639 86.1836
28.1183 86.2153
28.0161 86.2197
27.9081 86.445
27.955 86.535
28.1058 86.5719
28.1111 86.7041
28.0803 86.758
28.0267 86.7641
28.0178 86.8741
27.9506 86.933
27.9653 87.0303
27.823 87.1927
27.8605 87.4041
27.8092 87.3936
27.8458 87.5461
27.805 87.7205
27.8372 87.7972
27.9147 87.8539
27.8681 88.1424
27.8414 88.1958
27.4853 88.0458
27.4369 88.0667
27.2122 88.013
27.1025 87.9969
26.9203 88.1491
26.7314 88.1927
26.4311 88.0894
26.3672 88.0033
26.4486 87.9219
26.3794 87.593
26.4356 87.4769
26.4147 87.3905
26.3478 87.328
26.4133 87.1336
26.5872 87.0538
26.5289 86.9944
26.5326 86.9485
26.4214 86.7258
26.6142 86.3258
26.5856 86.2066
26.663 86.0294
26.5703 85.8555
26.6025 85.8072
26.673 85.7286
26.8017 85.7261
26.8669 85.6233
26.7358 85.3344
26.7669 85.2116
26.795 85.1866
26.8544 85.1944
26.8708 85.1672
26.8505 85.0364
26.9675 84.9333
27.0075 84.7503
27.0567 84.6441
27.1408 84.6811
27.2353 84.6791
27.3419 84.595
27.3883 84.2977
27.4764 84.1925
27.5161 84.0989
27.4447 84.0403
27.453 83.9237
27.4275 83.8327
27.3686 83.8783
27.3522 83.8583
27.4692 83.6077
27.4728 83.3864
27.3967 83.39
27.3375 83.3305
27.3433 83.2758
27.4489 83.1764
27.5053 82.7644
27.7111 82.7011
27.6794 82.4241
27.8572 82.1708
27.9222 81.9997
27.8572 81.8802
28.0833 81.4761
28.1236 81.4703
28.1744 81.3883
28.13 81.32
28.3692 81.1889
28.4572 80.9105
28.5053 80.8311
28.6847 80.57
28.6583 80.5055
28.5669 80.5086
28.6289 80.4402
28.6294 80.3577
28.6972 80.313
28.8361 80.0558
28.9364 80.0622
28.9842 80.1247
29.1125 80.1497
29.1494 80.2591
29.2147 80.24
29.2055 80.2878
29.3106 80.3069
29.3225 80.2758
29.44 80.2413
29.6064 80.41
29.7442 80.3741
29.7892 80.4202
29.7967 80.48
30.143 80.8755
30.1747 80.8586
