CIC_MPM_VERS = 1.0
COMMENT Generated by Spacebel CCSDS library
CREATION_DATE = 2017-02-24T16:25:04.008718
ORIGINATOR = SVG² Control

META_START

USER_DEFINED_PROTOCOL = NONE
USER_DEFINED_CONTENT = REGION OF INTEREST
USER_DEFINED_SIZE = 2
USER_DEFINED_TYPE = REAL
USER_DEFINED_UNIT = [deg]

META_STOP

51.3572 4.23001
51.3303 4.215
51.2161 3.95722
51.2169 3.80639
51.2619 3.79306
51.2883 3.52472
51.2505 3.52417
51.2444 3.43917
51.3136 3.36389
51.3755 3.37065
51.3928 3.44333
51.3919 3.60111
51.3416 3.83278
51.3697 3.96139
51.4072 3.98194
51.3725 4.21083
51.3572 4.23001
180.0 180.0
51.1478 5.85546
51.2805 5.45778
51.2622 5.23889
51.3083 5.2375
51.3186 5.14389
51.3953 5.07722
51.435 5.10444
51.4866 5.04139
51.4014 4.94028
51.4147 4.78278
51.4255 4.81639
51.4614 4.84472
51.4922 4.82583
51.5028 4.76917
51.4275 4.67167
51.4267 4.54194
51.4828 4.54944
51.4569 4.41167
51.4169 4.39667
51.3753 4.43778
51.358 4.41305
51.3741 4.23944
51.3688 4.23644
51.408 4.20028
51.4142 4.06639
51.4564 3.98361
51.4486 3.93028
51.4 3.90667
51.4147 3.74417
51.4586 3.69139
51.4436 3.58028
51.5211 3.4525
51.5419 3.44639
51.5972 3.56889
51.6022 3.8625
51.5689 3.90361
51.4436 4.11111
51.4453 4.27722
51.4683 4.29361
51.5083 4.26694
51.5794 3.99555
51.6011 4.0275
51.59 4.20861
51.6144 4.15389
51.618 3.99555
51.6353 3.89917
51.6914 3.82861
51.6725 3.72056
51.6894 3.68778
51.7208 3.69361
51.7859 3.87024
51.8575 4.06417
51.8842 4.02611
51.9153 4.05222
51.988 4.02111
51.9855 4.11111
52.2467 4.43583
52.4894 4.58861
52.8908 4.71944
52.9555 4.73417
52.9608 4.82056
52.9242 4.80861
52.8972 4.8725
52.9553 5.08583
53.0916 5.37861
53.2119 5.4425
53.3275 5.70361
53.3842 5.915
53.4108 6.0925
53.3958 6.30361
53.4658 6.74194
53.4319 6.87139
53.3503 6.90167
53.2881 7.07389
53.2547 7.09639
53.2428 7.20944
52.9678 7.19889
52.815 7.06972
52.6519 7.05528
52.6328 7.03583
52.6541 6.78167
52.6294 6.72083
52.5672 6.76083
52.5519 6.69028
52.4858 6.70555
52.4344 6.94611
52.4611 6.9875
52.3858 7.06556
52.2358 7.0525
52.1536 6.87972
52.1203 6.86056
52.07 6.6975
52.0389 6.68805
52.0072 6.80055
51.9714 6.83083
51.8994 6.72778
51.8853 6.54889
51.83 6.38028
51.9055 6.15972
51.8769 6.13778
51.8419 6.16972
51.8303 5.96194
51.7911 5.96889
51.7386 5.955
51.7169 6.03917
51.6786 6.02944
51.6519 6.11611
51.6072 6.09305
51.4764 6.2175
51.3617 6.22222
51.2205 6.07389
51.1758 6.07944
51.1628 6.16722
51.0367 5.95222
51.0503 5.87389
51.0189 5.86944
50.9783 5.96583
50.9767 6.02833
50.9436 6.01083
50.8736 6.08472
50.8028 5.98167
50.7561 6.00841
50.7578 5.69861
50.8822 5.68374
50.9492 5.75917
50.9653 5.72278
51.0211 5.77583
51.0933 5.80278
51.1478 5.85546
180.0 180.0
9.13038e-315 8.33489e-321
