CIC_MPM_VERS = 1.0
COMMENT Generated by Spacebel CCSDS library
CREATION_DATE = 2017-02-24T16:25:04.096218
ORIGINATOR = SVG² Control

META_START

USER_DEFINED_PROTOCOL = NONE
USER_DEFINED_CONTENT = REGION OF INTEREST
USER_DEFINED_SIZE = 2
USER_DEFINED_TYPE = REAL
USER_DEFINED_UNIT = [deg]

META_STOP

-21.6328 168.115
-21.5978 167.856
-21.382 167.811
-21.3467 167.989
-21.4103 167.966
-21.4631 168.028
-21.447 168.146
-21.5581 168.124
-21.6328 168.115
180.0 180.0
-21.1783 167.345
-21.1356 167.319
-21.0831 167.157
-21.0525 167.115
-20.9147 167.022
-20.9195 167.082
-20.8514 167.171
-20.7892 167.18
-20.7611 167.038
-20.7078 167.071
-20.6797 167.224
-20.7286 167.309
-20.9064 167.279
-20.9531 167.388
-21.0197 167.397
-21.0581 167.465
-21.16 167.416
-21.1783 167.345
180.0 180.0
-22.3947 166.89
-22.3195 166.837
-22.37 166.83
-22.2342 166.518
-22.2906 166.463
-22.232 166.398
-22.2164 166.451
-22.197 166.343
-22.0953 166.109
-22.0289 166.164
-21.9206 166.076
-21.9061 166.04
-21.9475 166.034
-21.9592 165.983
-21.8786 165.895
-21.8642 165.812
-21.7567 165.743
-21.7433 165.639
-21.6581 165.472
-21.6283 165.483
-21.6211 165.397
-21.5211 165.229
-21.4131 165.125
-21.3939 165.061
-21.3522 165.044
-21.3067 164.981
-21.3478 164.975
-21.3358 164.941
-21.2836 164.91
-21.0842 164.804
-21.0836 164.75
-21.0236 164.668
-20.7658 164.359
-20.7608 164.398
-20.7275 164.406
-20.6836 164.347
-20.5575 164.229
-20.3956 164.12
-20.3711 164.168
-20.3072 164.135
-20.3017 164.019
-20.2395 164
-20.2419 164.048
-20.1689 164.052
-20.1408 164.024
-20.1558 163.992
-20.0872 163.997
-20.2 164.133
-20.3244 164.329
-20.2403 164.298
-20.235 164.314
-20.2864 164.451
-20.5567 164.799
-20.6997 165.007
-20.7539 165.163
-20.8997 165.296
-20.9497 165.412
-21.0633 165.408
-21.1808 165.603
-21.2206 165.585
-21.2972 165.714
-21.4195 165.853
-21.3683 165.884
-21.4536 165.949
-21.4672 165.923
-21.5058 165.992
-21.4589 165.967
-21.4075 165.971
-21.4456 166.011
-21.6731 166.34
-21.71 166.419
-21.7903 166.481
-21.9608 166.719
-21.9864 166.687
-22.0361 166.871
-22.107 166.958
-22.1625 166.941
-22.2372 167.035
-22.3167 167.017
-22.38 166.948
-22.3947 166.89
180.0 180.0
9.13038e-315 8.32995e-321
