CIC_MPM_VERS = 1.0
COMMENT Generated by Spacebel CCSDS library
CREATION_DATE = 2017-02-24T16:25:04.153218
ORIGINATOR = SVG² Control

META_START

USER_DEFINED_PROTOCOL = NONE
USER_DEFINED_CONTENT = REGION OF INTEREST
USER_DEFINED_SIZE = 2
USER_DEFINED_TYPE = REAL
USER_DEFINED_UNIT = [deg]

META_STOP

-44.125 -176.533
-44.0906 -176.609
-44.0115 -176.656
-43.9411 -176.529
-43.8772 -176.531
-43.8247 -176.576
-43.8097 -176.684
-43.8431 -176.829
-43.8197 -176.85
-43.7539 -176.782
-43.7744 -176.728
-43.755 -176.617
-43.7075 -176.605
-43.7639 -176.269
-43.8467 -176.389
-43.8025 -176.35
-43.7708 -176.372
-43.7495 -176.511
-43.7675 -176.536
-43.7931 -176.522
-43.8028 -176.43
-43.8617 -176.501
-43.9525 -176.455
-44.0253 -176.3
-44.0481 -176.297
-44.125 -176.533
180.0 180.0
-50.8545 166.235
-50.8333 166.064
-50.787 166.082
-50.757 166.06
-50.7744 165.993
-50.8033 166.027
-50.8411 166.019
-50.8506 165.895
-50.7742 165.897
-50.7061 166.044
-50.5806 166.117
-50.5367 166.095
-50.542 166.275
-50.5684 166.292
-50.6103 166.185
-50.6686 166.189
-50.7036 166.215
-50.7014 166.131
-50.8189 166.25
-50.8545 166.235
180.0 180.0
-38.1011 174.94
-38.0906 174.795
-38.0464 174.794
-37.9764 174.893
-37.94 174.861
-37.9997 174.823
-37.9883 174.786
-37.86 174.789
-37.8092 174.865
-37.7778 174.964
-37.7408 174.975
-37.785 174.862
-37.425 174.717
-37.3936 174.719
-37.3081 174.832
-37.2906 174.83
-37.3686 174.734
-37.3497 174.702
-37.0808 174.552
-37.0625 174.559
-37.0656 174.661
-37.2278 174.714
-37.245 174.743
-37.1797 174.734
-37.1136 174.77
-37.1181 174.941
-37.0711 174.943
-37.025 174.786
-36.975 174.797
-36.9486 174.833
-36.9397 174.697
-36.9822 174.622
-37.0231 174.617
-37.0456 174.516
-36.9239 174.452
-36.7842 174.417
-36.5353 174.209
-36.4811 174.202
-36.4428 174.235
-36.5528 174.358
-36.595 174.389
-36.6256 174.356
-36.6472 174.395
-36.6539 174.447
-36.5183 174.471
-36.4084 174.439
-36.3775 174.469
-36.3503 174.434
-36.3989 174.385
-36.3953 174.304
-36.3578 174.27
-36.317 174.292
-36.3183 174.407
-36.2581 174.518
-36.2464 174.478
-36.2981 174.347
-36.282 174.301
-36.2597 174.314
-36.2822 174.363
-36.1581 174.423
-36.1261 174.398
-36.2122 174.346
-36.1819 174.268
-36.1211 174.283
-36.1275 174.202
-36.172 174.186
-36.2367 174.312
-36.2731 174.259
-36.1014 174.022
-35.9147 173.929
-35.9511 173.874
-36.272 174.126
-36.2825 174.18
-36.3686 174.198
-36.4114 174.09
-36.3536 174.049
-36.2739 174.02
-35.7359 173.563
-35.5739 173.399
-35.4292 173.466
-35.4197 173.502
-35.4583 173.534
-35.3225 173.656
-35.2961 173.598
-35.2808 173.556
-35.3697 173.567
-35.3844 173.416
-35.5233 173.386
-35.4547 173.311
-35.3886 173.268
-35.3111 173.314
-35.3214 173.27
-35.3739 173.244
-35.3253 173.203
-35.2764 173.251
-35.2994 173.202
-35.2169 173.092
-35.1875 173.092
-35.1892 173.153
-35.1433 173.187
-35.0511 173.199
-34.9467 173.151
-34.4953 172.722
-34.4795 172.674
-34.42 172.696
-34.445 172.826
-34.3983 173.048
-34.5178 173.043
-34.527 173.007
-34.4653 172.962
-34.5442 172.908
-34.57 172.944
-34.5664 172.997
-34.6545 173.004
-34.6353 173.023
-34.5417 173.01
-34.547 173.032
-34.6803 173.058
-34.8217 173.188
-34.8153 173.16
-34.7786 173.115
-34.8225 173.129
-34.9103 173.301
-34.9667 173.26
-35.0197 173.269
-34.9811 173.359
-34.8708 173.342
-34.8578 173.416
-34.795 173.434
-34.8647 173.5
-34.8972 173.4
-34.9733 173.442
-35.0167 173.585
-34.9361 173.567
-34.9439 173.635
-35.0128 173.78
-35.0647 173.722
-35.0983 173.755
-35.0503 173.801
-35.0136 173.805
-35.0009 173.887
-35.1067 173.976
-35.187 174.142
-35.2047 174.016
-35.3222 174.14
-35.3745 174.154
-35.3261 174.2
-35.3083 174.235
-35.2989 174.164
-35.2714 174.167
-35.2364 174.313
-35.2039 174.352
-35.3006 174.335
-35.3489 174.366
-35.427 174.388
-35.4317 174.456
-35.4972 174.5
-35.5097 174.454
-35.5956 174.572
-35.6481 174.57
-35.6419 174.479
-35.67 174.513
-35.6942 174.549
-35.7242 174.518
-35.7509 174.585
-35.8445 174.602
-35.8478 174.561
-35.7695 174.491
-35.8014 174.384
-35.7369 174.379
-35.7439 174.349
-35.8331 174.347
-35.8364 174.385
-35.8247 174.486
-35.8492 174.525
-35.9061 174.475
-35.9942 174.498
-36.0422 174.613
-36.2056 174.709
-36.2772 174.825
-36.3247 174.794
-36.3508 174.877
-36.3633 174.804
-36.3456 174.76
-36.4089 174.763
-36.4806 174.778
-36.4114 174.722
-36.5958 174.715
-36.6217 174.774
-36.6075 174.854
-36.6425 174.792
-36.6317 174.724
-36.8161 174.818
-36.8156 174.735
-36.76 174.7
-36.8027 174.62
-36.8072 174.682
-36.83 174.643
-36.9122 174.684
-36.8459 174.746
-36.8511 174.873
-36.8692 174.896
-36.9489 174.871
-36.9614 174.894
-36.842 174.926
-36.9367 175
-36.9286 175.023
-36.8811 175
-36.8803 175.055
-36.9008 175.087
-36.96 175.077
-36.975 175.116
-36.9378 175.221
-36.995 175.311
-37.1128 175.321
-37.1525 175.319
-37.2258 175.385
-37.1831 175.564
-37.2497 175.584
-37.1778 175.591
-36.885 175.459
-36.8542 175.513
-36.81 175.467
-36.7731 175.517
-36.7133 175.474
-36.6414 175.507
-36.5617 175.366
-36.4819 175.354
-36.4789 175.442
-36.5358 175.497
-36.5147 175.538
-36.5675 175.565
-36.6011 175.539
-36.6172 175.6
-36.6722 175.611
-36.7706 175.623
-36.747 175.682
-36.7181 175.843
-36.7522 175.848
-36.8058 175.734
-36.87 175.708
-36.8939 175.744
-36.8289 175.803
-36.8397 175.846
-37.0195 175.883
-37.0675 175.918
-37.2442 175.887
-37.2561 175.927
-37.4725 175.974
-37.5114 176.071
-37.6203 176.169
-37.5997 176.074
-37.5761 176.095
-37.5208 176.025
-37.5231 175.946
-37.582 175.954
-37.6167 175.996
-37.6922 176.132
-37.6636 176.165
-37.685 176.197
-37.7239 176.192
-37.7169 176.242
-37.6314 176.198
-37.6397 176.236
-37.6986 176.298
-37.9661 177.062
-37.9983 177.067
-38.0242 177.138
-37.9953 177.224
-37.967 177.455
-37.9022 177.572
-37.6825 177.732
-37.5922 178
-37.5456 177.991
-37.5608 178.282
-37.6406 178.431
-37.65 178.504
-37.6989 178.56
-37.7758 178.519
-38.0047 178.35
-38.0986 178.378
-38.1375 178.333
-38.4336 178.346
-38.7089 178.081
-38.6842 177.97
-38.7067 177.926
-38.8817 177.934
-39.0883 177.879
-39.0983 177.968
-39.1275 177.999
-39.2861 177.875
-39.1931 177.824
-39.0992 177.865
-39.0597 177.42
-39.2044 177.055
-39.3389 176.958
-39.4122 176.899
-39.5897 176.95
-39.6831 176.938
-39.6283 176.953
-39.6622 177.117
-39.73 177.083
-39.8083 177.005
-40.2167 176.808
-40.2947 176.684
-40.2942 176.699
-40.4786 176.62
-40.5139 176.521
-40.8767 176.241
-40.9317 176.221
-40.9753 176.142
-41.22 175.994
-41.4342 175.65
-41.6145 175.323
-41.6208 175.231
-41.5358 175.185
-41.4378 175.194
-41.3856 175.08
-41.3817 175.027
-41.4481 174.919
-41.4197 174.861
-41.2584 174.902
-41.2281 174.895
-41.2189 174.827
-41.2558 174.778
-41.2781 174.771
-41.2892 174.824
-41.3233 174.826
-41.3475 174.745
-41.315 174.63
-41.2786 174.592
-41.2322 174.613
-41.2297 174.667
-41.1047 174.865
-41.0481 174.841
-40.9764 174.942
-40.8994 174.96
-40.727 175.121
-40.3297 175.238
-40.2964 175.234
-40.2867 175.31
-40.2119 175.35
-40.27 175.306
-40.2842 175.251
-40.2728 175.218
-40.147 175.186
-39.93 174.986
-39.8547 174.791
-39.8247 174.558
-39.7169 174.411
-39.6344 174.349
-39.5772 174.209
-39.5506 173.987
-39.422 173.795
-39.3144 173.755
-39.1914 173.782
-39.1458 173.83
-38.9725 174.227
-38.9792 174.375
-38.872 174.546
-38.8158 174.594
-38.1939 174.724
-38.1122 174.698
-38.1189 174.919
-38.1011 174.94
180.0 180.0
-47.2789 167.525
-47.2047 167.528
-47.162 167.622
-47.082 167.617
-47.0442 167.657
-47.0428 167.737
-46.9608 167.729
-46.9475 167.788
-46.9083 167.813
-46.7147 167.769
-46.6883 167.798
-46.7305 168.012
-46.9017 168.189
-46.9086 168.079
-46.8886 168.015
-46.9731 167.965
-46.9606 168.119
-46.9958 168.132
-46.9717 168.225
-47.0033 168.259
-47.0494 168.195
-47.1081 168.188
-47.1197 168.014
-47.1889 167.901
-47.1722 167.693
-47.2231 167.614
-47.2092 167.722
-47.2572 167.686
-47.2789 167.525
180.0 180.0
-43.7187 169.512
-43.6625 169.487
-43.6372 169.503
-43.5172 169.797
-43.5706 169.861
-43.5278 169.85
-43.4967 169.79
-43.4697 169.817
-43.4892 169.93
-43.4608 169.975
-43.4617 169.863
-43.442 169.843
-43.4067 169.871
-43.3072 170.067
-43.3472 170.114
-43.3406 170.144
-43.2831 170.087
-43.2461 170.126
-43.2422 170.236
-43.1614 170.294
-43.21 170.199
-43.135 170.262
-43.1364 170.333
-43.1708 170.387
-43.2728 170.411
-43.1947 170.428
-43.1372 170.368
-43.1142 170.284
-43.085 170.386
-43.02 170.486
-42.9581 170.669
-43.0611 170.748
-42.9503 170.698
-42.8081 170.881
-42.7222 170.976
-42.7514 171.024
-42.8125 171.027
-42.8392 170.976
-42.9828 171.023
-42.9314 171.04
-42.845 170.996
-42.832 171.043
-42.7564 171.045
-42.7086 170.997
-42.4611 171.213
-42.4497 171.389
-42.3723 171.475
-42.4394 171.369
-42.4411 171.228
-42.4089 171.23
-42.3103 171.298
-42.1411 171.334
-42.0075 171.417
-41.7547 171.474
-41.7661 171.569
-41.6675 171.855
-41.4575 171.987
-41.4194 172.066
-41.3045 172.091
-41.2917 172.14
-41.2556 172.103
-40.88 172.114
-40.6983 172.383
-40.5836 172.539
-40.6314 172.519
-40.6014 172.596
-40.5414 172.581
-40.4967 172.723
-40.5339 172.99
-40.5197 172.732
-40.5639 172.717
-40.6597 172.661
-40.7908 172.767
-40.8511 172.875
-40.7811 172.985
-40.8097 173.02
-40.972 173.06
-40.995 173.022
-41.1372 173.067
-41.1483 173.028
-41.185 173.082
-41.3022 173.086
-41.3086 173.207
-41.0525 173.607
-41.1086 173.65
-41.0472 173.74
-41.0186 173.738
-41.0336 173.697
-41.0145 173.678
-40.9264 173.851
-40.9808 173.863
-40.8967 173.994
-40.9436 174.029
-40.9506 173.972
-41.0156 173.779
-41.1145 173.779
-41.0531 173.846
-41.0606 173.953
-41.1119 173.864
-41.1672 173.855
-41.2142 173.862
-41.2617 173.792
-41.1983 174.03
-41.1975 173.9
-41.1617 173.886
-41.1283 173.902
-41.1156 173.965
-41.1433 173.982
-41.032 174.039
-41.022 174.018
-41.0564 173.991
-41.0133 173.95
-40.9686 174.003
-41.0161 174.072
-40.9836 174.193
-41.0378 174.214
-41.0472 174.18
-41.0719 174.221
-41.0139 174.289
-41.0181 174.322
-41.1317 174.244
-41.1025 174.185
-41.1975 174.21
-41.2428 173.979
-41.2875 173.943
-41.2533 174.065
-41.2695 174.206
-41.2228 174.327
-41.3281 174.232
-41.3092 174.184
-41.4211 174.053
-41.4664 174.05
-41.5647 174.099
-41.5056 174.101
-41.5514 174.151
-41.6028 174.179
-41.6278 174.151
-41.6886 174.012
-41.6367 174.186
-41.7295 174.233
-41.7408 174.292
-41.7806 174.271
-41.9578 174.089
-42.0869 173.965
-42.1711 173.95
-42.1446 173.898
-42.1172 173.876
-42.2025 173.928
-42.3386 173.738
-42.4392 173.723
-42.4172 173.675
-42.4397 173.618
-42.6967 173.445
-42.8619 173.318
-42.9136 173.326
-43.0614 173.099
-43.1058 172.92
-43.2825 172.719
-43.2611 172.456
-43.2553 172.362
-43.2578 172.3
-43.2822 172.406
-43.2945 172.755
-43.4058 172.731
-43.4442 172.612
-43.4461 172.221
-43.3172 171.984
-43.4617 172.204
-43.4709 172.613
-43.4225 172.71
-43.5375 172.762
-43.6125 172.824
-43.6425 172.678
-43.6608 172.703
-43.6306 172.781
-43.6703 172.875
-43.6197 172.894
-43.6328 172.927
-43.6945 172.928
-43.6595 173.063
-43.77 173.117
-43.8711 173.059
-43.885 172.991
-43.8094 172.98
-43.7561 172.94
-43.78 172.923
-43.9145 172.967
-43.9033 172.898
-43.8258 172.737
-43.792 172.756
-43.8553 172.437
-43.8395 172.42
-43.8122 172.535
-43.7722 172.643
-43.7236 172.472
-43.7639 172.39
-43.8633 172.387
-43.8839 172.263
-43.5139 171.657
-43.4353 171.627
-43.3453 171.485
-43.2495 171.417
-43.2175 171.524
-43.1781 171.539
-43.137 171.491
-43.1925 171.507
-43.2111 171.45
-43.0919 171.362
-43.0464 171.319
-43.1797 171.374
-43.2061 171.426
-43.2639 171.393
-43.3253 171.448
-43.217 171.144
-43.2961 171.204
-43.2881 171.032
-43.3053 170.963
-43.3092 171.347
-43.3511 171.455
-43.537 171.666
-43.7853 172.095
-43.9092 172.19
-44.0631 171.867
-44.0561 171.828
-43.9547 171.791
-44.0625 171.801
-44.0886 171.76
-44.17 171.539
-44.0961 171.503
-44.0403 171.4
-44.0333 171.348
-44.2011 171.51
-44.2772 171.356
-44.1825 171.042
-44.1083 171.011
-44.1769 170.988
-44.2353 171.11
-44.2711 171.05
-44.2422 171.152
-44.2956 171.342
-44.4784 171.255
-44.5489 171.173
-44.7639 171.212
-44.7872 171.173
-44.8061 171.21
-44.92 171.199
-44.9408 171.176
-44.8739 170.786
-44.7439 170.478
-44.8356 170.607
-44.9703 171.165
-44.9847 171.159
-45.1692 170.962
-45.3672 170.873
-45.3972 170.911
-45.6467 170.718
-45.6936 170.666
-45.7358 170.629
-45.7392 170.699
-45.775 170.76
-45.8881 170.554
-45.8881 170.609
-45.8131 170.725
-45.8069 170.791
-45.8828 170.776
-45.9106 170.642
-45.9736 170.342
-46.0294 170.282
-46.1222 170.249
-46.3895 169.849
-46.47 169.845
-46.4961 169.711
-46.5161 169.748
-46.5606 169.692
-46.5695 169.57
-46.5992 169.482
-46.6331 169.484
-46.6625 169.192
-46.6167 169.167
-46.6622 169.154
-46.635 169.067
-46.6786 169.054
-46.6619 168.878
-46.5636 168.845
-46.5589 168.701
-46.5525 168.614
-46.5881 168.635
-46.6142 168.593
-46.6033 168.416
-46.575 168.442
-46.5931 168.54
-46.5706 168.551
-46.5567 168.474
-46.5561 168.352
-46.6283 168.395
-46.615 168.361
-46.5258 168.277
-46.5392 168.339
-46.485 168.395
-46.4161 168.369
-46.457 168.354
-46.4817 168.303
-46.4008 168.25
-46.3403 168.175
-46.3714 167.956
-46.3992 167.916
-46.3889 167.82
-46.1911 167.704
-46.1542 167.546
-46.1547 167.452
-46.2586 167.389
-46.2108 166.717
-46.1536 166.67
-45.9942 166.855
-46.0858 166.681
-46.0864 166.614
-46.0472 166.627
-45.9358 166.809
-45.9447 166.692
-45.9231 166.699
-46.0145 166.484
-45.9831 166.465
-45.8097 166.477
-45.7989 166.537
-45.8142 166.62
-45.7325 166.984
-45.6989 167.01
-45.7197 166.775
-45.6847 166.793
-45.6542 166.886
-45.6628 166.776
-45.6081 166.767
-45.5931 166.785
-45.577 167
-45.535 166.992
-45.585 166.752
-45.5745 166.704
-45.4189 166.762
-45.3992 166.811
-45.4364 166.951
-45.3786 166.918
-45.4022 166.894
-45.3536 166.801
-45.2792 166.881
-45.3203 166.928
-45.3417 167.008
-45.3872 167.06
-45.4331 167.014
-45.4272 167.071
-45.385 167.089
-45.4075 167.137
-45.4725 167.169
-45.4614 167.209
-45.3267 167.048
-45.312 167.066
-45.2895 167.195
-45.3358 167.26
-45.3186 167.308
-45.2956 167.225
-45.2495 167.243
-45.2761 167.049
-45.1458 166.997
-45.1245 167.054
-45.1883 167.157
-45.1714 167.174
-45.1014 167.053
-45.0395 167.128
-45.1275 167.2
-45.0681 167.184
-45.0081 167.144
-44.9845 167.174
-45.0231 167.329
-44.9561 167.199
-44.8714 167.321
-44.8458 167.423
-44.9947 167.46
-44.9869 167.511
-44.845 167.449
-44.7836 167.459
-44.7681 167.525
-44.7967 167.564
-44.8694 167.542
-44.8761 167.57
-44.7964 167.603
-44.7606 167.563
-44.7211 167.585
-44.7656 167.674
-44.6883 167.593
-44.6408 167.693
-44.5942 167.809
-44.6967 167.928
-44.6808 167.942
-44.6397 167.927
-44.6034 167.852
-44.4986 167.839
-44.395 167.964
-44.317 168.128
-44.2925 168.144
-44.2614 168.1
-44.1897 168.248
-44.0345 168.383
-44.0275 168.492
-43.9795 168.591
-44.0125 168.723
-43.8556 169.074
-43.9208 169.122
-43.9617 169.25
-43.8714 169.106
-43.8203 169.09
-43.6453 169.462
-43.7187 169.512
180.0 180.0
9.13038e-315 8.26078e-321
