CIC_MPM_VERS = 1.0
COMMENT Generated by Spacebel CCSDS library
CREATION_DATE = 2017-02-24T16:25:04.198718
ORIGINATOR = SVG² Control

META_START

USER_DEFINED_PROTOCOL = NONE
USER_DEFINED_CONTENT = REGION OF INTEREST
USER_DEFINED_SIZE = 2
USER_DEFINED_TYPE = REAL
USER_DEFINED_UNIT = [deg]

META_STOP

13.8286 -85.7367
13.9578 -85.7328
14.0553 -85.5242
14.1081 -85.4683
14.2056 -85.3881
14.2811 -85.315
14.3153 -85.1792
14.3403 -85.1558
14.445 -85.1758
14.5667 -85.1153
14.5433 -85.0867
14.5736 -85.0328
14.7006 -85.0258
14.8278 -84.8186
14.6855 -84.6822
14.6278 -84.4492
14.6736 -84.3256
14.665 -84.2753
14.7447 -84.2678
14.7633 -84.2372
14.7164 -84.1967
14.7289 -84.1033
14.7842 -84.1181
14.7525 -83.9325
14.7994 -83.9214
14.785 -83.8439
14.8683 -83.7189
14.9497 -83.5311
15.0128 -83.507
14.9911 -83.4175
15.0247 -83.3908
14.9897 -83.1769
14.9933 -83.1309
14.8808 -83.2533
14.8343 -83.2923
14.9039 -83.3056
14.9114 -83.3353
14.8086 -83.412
14.7647 -83.3478
14.7803 -83.302
14.5125 -83.2328
14.3533 -83.1881
14.2742 -83.2031
14.0672 -83.3356
13.9642 -83.4281
13.6953 -83.4969
13.548 -83.5177
13.2625 -83.5653
12.97 -83.5203
12.7967 -83.5222
12.5922 -83.5392
12.4489 -83.4772
12.3972 -83.4867
12.3697 -83.61
12.3811 -83.6333
12.4189 -83.5978
12.5319 -83.6306
12.5708 -83.6289
12.5622 -83.5786
12.6108 -83.5581
12.785 -83.5381
12.8186 -83.5917
12.8008 -83.6422
12.6036 -83.63
12.5461 -83.757
12.4803 -83.7772
12.48 -83.7342
12.3336 -83.7189
12.3408 -83.672
12.3575 -83.625
12.3372 -83.6147
12.2567 -83.6625
11.9936 -83.6792
12.0681 -83.7228
12.1164 -83.6942
12.1708 -83.7228
12.1781 -83.7767
12.15 -83.7734
12.1583 -83.7331
12.1244 -83.7086
12.0653 -83.7328
12.0555 -83.802
11.9975 -83.7539
11.9005 -83.795
11.8747 -83.8317
11.8008 -83.7742
11.8014 -83.7383
11.8603 -83.7331
11.8464 -83.6989
11.5986 -83.6683
11.5564 -83.7572
11.3428 -83.87
11.0714 -83.8075
10.9242 -83.7125
10.9243 -83.6453
10.8794 -83.6617
10.7889 -83.6772
10.7097 -83.9244
10.7561 -83.9822
10.7858 -84.1978
10.878 -84.2247
10.9267 -84.3217
10.9933 -84.3556
10.9594 -84.4444
11.078 -84.6744
10.9408 -84.9028
10.9553 -84.9406
11.0914 -85.2842
11.2136 -85.6144
11.1517 -85.6503
11.0843 -85.7113
11.1105 -85.7839
11.3064 -85.9283
11.4558 -86.12
11.6008 -86.315
11.7594 -86.4969
11.9628 -86.6336
12.173 -86.7631
12.2453 -86.8436
12.3794 -87.0497
12.4297 -87.0992
12.4311 -87.0992
12.5353 -87.2247
12.6725 -87.3861
12.7675 -87.4892
12.9078 -87.6903
12.9872 -87.6586
13.0836 -87.5783
12.9197 -87.4245
12.9253 -87.3531
12.9874 -87.3001
13.0003 -87.0636
13.0417 -86.9525
13.2411 -86.9097
13.2967 -86.8278
13.2608 -86.7431
13.2947 -86.6964
13.3567 -86.6967
13.3767 -86.7328
13.5225 -86.7328
13.7108 -86.7635
13.7528 -86.7611
13.7925 -86.5306
13.758 -86.3542
13.7708 -86.313
13.9708 -86.1758
14.0444 -86.0883
14.0658 -86.0158
14.003 -86.0225
13.9069 -85.9092
13.9142 -85.8539
13.8392 -85.8008
13.8286 -85.7367
