CIC_MPM_VERS = 1.0
COMMENT Generated by Spacebel CCSDS library
CREATION_DATE = 2017-02-24T16:25:04.237219
ORIGINATOR = SVG² Control

META_START

USER_DEFINED_PROTOCOL = NONE
USER_DEFINED_CONTENT = REGION OF INTEREST
USER_DEFINED_SIZE = 2
USER_DEFINED_TYPE = REAL
USER_DEFINED_UNIT = [deg]

META_STOP

23.5223 11.9865
23.2147 13.4172
23.1394 13.5955
22.6142 14.235
23.0004 15.0006
21.9989 15.1947
21.4958 15.2025
21.4453 15.2844
20.9553 15.6272
20.93 15.5844
20.8844 15.5583
20.7797 15.5686
20.3531 15.9967
19.9325 15.7539
18.6044 15.5925
17.3339 15.524
16.9003 15.4886
15.7339 14.3689
15.0378 13.8592
14.8481 13.7672
14.7328 13.7942
14.6458 13.6608
14.5725 13.6842
14.5419 13.6653
14.4683 13.4755
14.4281 13.4622
13.9919 13.5624
13.7182 13.6252
13.72 13.3478
13.6794 13.3236
13.5889 13.2514
13.5128 12.9686
13.4503 12.8625
13.2781 12.6706
13.3006 12.6292
13.0567 12.4781
13.0733 12.3736
13.1103 12.245
13.1012 12.1469
13.2497 11.8672
13.3764 11.4464
13.3603 11.0383
13.3861 10.8411
13.2597 10.1483
13.133 9.93
12.8028 9.63527
12.8467 8.985
12.9433 8.66361
13.0667 8.55444
13.0858 8.4975
13.0648 8.43303
13.3036 8.12222
13.3528 7.815
13.0997 7.37972
13.1256 7.21889
12.9953 7.09056
12.9972 6.93333
13.1081 6.80639
13.3439 6.67917
13.6053 6.42306
13.6839 6.285
13.6833 6.23805
13.6431 6.16083
13.8931 5.54747
13.8475 5.365
13.7522 5.28611
13.7364 4.92361
13.7814 4.88555
13.6869 4.47
13.4814 4.24778
13.4769 4.1425
12.9964 4.105
12.7489 3.95278
12.5289 3.65778
11.9755 3.67167
11.9197 3.61694
11.7497 3.68833
11.6917 3.60549
11.7569 3.55889
11.8558 3.46889
11.89 3.31222
12.0172 3.25389
12.0639 3.19555
12.3933 2.8435
12.3775 2.77111
12.2903 2.68639
12.3047 2.64528
12.2403 2.37806
12.1664 2.38361
12.0242 2.44528
11.9778 2.47056
11.9333 2.39028
11.9044 2.41
11.8899 2.40156
12.3572 2.05833
12.3861 2.07778
12.425 2.265
12.6308 2.20083
12.7255 2.09611
12.7311 1.98889
12.6089 1.87167
12.63 1.57833
13.0111 1.11722
13.0472 0.989166
13.3717 0.991666
13.3728 1.01167
13.3286 1.12667
13.3636 1.2175
13.4464 1.07222
13.5703 0.990278
13.6442 0.774444
13.6883 0.772778
13.6847 0.625
14.0492 0.385
14.2542 0.405278
14.4647 0.189444
14.5231 0.166667
14.7522 0.241389
14.8358 0.193333
14.8875 0.237222
14.9156 0.234534
15.0008 0.226394
14.9606 0.396667
15.0008 0.512222
14.9422 0.695
14.9675 0.7425
14.9786 0.974722
15.2867 1.3125
15.3764 3.02194
15.4331 3.0325
15.3594 3.52482
15.4925 3.53778
15.65 3.7225
15.6728 3.84417
15.7181 3.89028
15.9042 3.92444
15.9897 4.00083
16.0703 3.98083
16.3033 4.07444
16.3939 4.20083
16.9936 4.21417
16.9944 4.2525
18.6605 4.24555
19.1462 4.24509
19.4461 5.8125
20.8521 7.45449
21.7222 8.89444
22.5886 10.3608
23.4419 11.8444
23.5223 11.9865
