CIC_MPM_VERS = 1.0
COMMENT Generated by Spacebel CCSDS library
CREATION_DATE = 2017-02-24T16:25:04.339719
ORIGINATOR = SVG² Control

META_START

USER_DEFINED_PROTOCOL = NONE
USER_DEFINED_CONTENT = REGION OF INTEREST
USER_DEFINED_SIZE = 2
USER_DEFINED_TYPE = REAL
USER_DEFINED_UNIT = [deg]

META_STOP

13.72 13.3478
13.7182 13.6252
13.5248 13.7619
13.3248 13.9032
13.0816 14.075
12.4695 14.1835
12.4439 14.1881
12.3842 14.1739
12.3358 14.4908
12.2322 14.5528
12.1872 14.6572
12.1508 14.6742
12.0356 14.6192
11.915 14.6494
11.7153 14.5583
11.6469 14.6411
11.5758 14.6464
11.5056 14.6178
11.2508 14.1958
11.2336 14.158
11.2833 14.0092
11.1706 13.8867
10.7558 13.6375
10.6825 13.5783
10.2389 13.4586
10.1917 13.4705
10.1111 13.3981
10.0861 13.2664
10.0317 13.2439
9.98499 13.2655
9.90972 13.2283
9.67694 13.2514
9.55527 13.2211
9.51583 13.1564
9.50833 13.0528
9.36008 12.8489
9.34361 12.9136
9.23527 12.9089
9.08555 12.8414
8.8475 12.8242
8.76583 12.7942
8.75944 12.7283
8.66083 12.6875
8.60055 12.5689
8.62888 12.4925
8.61305 12.3864
8.51861 12.4217
8.43027 12.3533
8.42833 12.2753
8.39389 12.2472
7.97472 12.2228
7.73972 12.0436
7.57778 12.0436
7.40222 11.86
7.27055 11.7497
7.12305 11.8942
7.07805 11.8867
7.05083 11.7914
6.89222 11.5875
6.82111 11.5547
6.78527 11.5878
6.6675 11.5625
6.60417 11.5147
6.59694 11.445
6.46028 11.3889
6.43333 11.1547
6.44416 11.1169
6.59111 11.0733
6.69778 11.0822
6.77861 11.0192
6.77805 10.9433
6.82778 10.8828
6.94694 10.8542
7.05361 10.62
7.13416 10.5961
6.87805 10.5133
6.87583 10.2564
6.90055 10.205
7.01917 10.1672
6.77583 9.87472
6.80166 9.79555
6.52278 9.71139
6.52167 9.61222
6.44694 9.57666
6.40444 9.46861
6.32778 9.435
6.32583 9.36333
6.20778 9.295
5.94472 9.00333
5.91 9.00639
5.85472 8.88
5.81982 8.86067
5.78611 8.88888
5.71361 8.83361
5.6075 8.92028
5.23416 8.82805
5.188 8.82401
4.89472 8.62194
4.82694 8.63611
4.81051 8.59048
4.77555 8.53611
4.71083 8.53944
4.69944 8.51
4.75028 8.40167
4.79889 8.39889
4.79361 8.36444
4.96972 8.19917
4.62528 8.3575
4.58555 8.31139
4.51761 7.76339
4.49694 7.74667
4.52972 7.55889
4.58028 7.5575
4.67972 7.5175
4.59611 7.52944
4.56444 7.49305
4.59444 7.27444
4.5075 7.3275
4.51172 7.27885
4.66778 7.17417
4.66361 7.135
4.52833 7.17889
4.47305 7.16778
4.4375 7.07583
4.43639 7.04444
4.50305 7.01833
4.63472 7.0275
4.71 6.99639
4.60472 6.97194
4.38416 7.02472
4.36972 6.99861
4.4 6.86555
4.57111 6.81917
4.60305 6.85417
4.83306 6.745
4.80694 6.72194
4.76472 6.75139
4.52583 6.79916
4.35278 6.87083
4.3375 6.78055
4.35417 6.71444
4.42278 6.71694
4.57 6.74333
4.605 6.72722
4.49889 6.69333
4.33 6.69417
4.32639 6.61278
4.465 6.58917
4.32666 6.57444
4.31333 6.41055
4.29472 6.25278
4.31694 6.24555
4.40861 6.305
4.44167 6.29972
4.39083 6.2625
4.49361 6.23722
4.39222 6.2325
4.34166 6.22139
4.28194 6.22139
4.2825 6.08611
4.39889 6.08667
4.28805 6.05778
4.31444 5.99555
4.41583 5.985
4.33639 5.96361
4.34055 5.93111
4.41333 5.83944
4.62 5.61472
4.92305 5.45194
5.13416 5.39111
5.13444 5.43305
5.09778 5.46417
5.15805 5.44083
5.1675 5.36528
5.35583 5.34778
5.35972 5.43722
5.37611 5.50028
5.38083 5.57861
5.42555 5.5375
5.46294 5.55636
5.53 5.63444
5.39111 5.43222
5.43917 5.25389
5.54555 5.18833
5.57916 5.21666
5.56417 5.39917
5.62278 5.43055
5.62139 5.46472
5.57639 5.49722
5.62055 5.50111
5.65333 5.43944
5.59333 5.37083
5.61805 5.315
5.72055 5.33389
5.6125 5.28861
5.57555 5.17528
5.69722 5.08639
5.77028 5.09
5.79597 5.11739
5.77528 5.15278
5.81611 5.15722
5.85639 5.25444
5.90444 5.26805
5.75472 5.05028
6.005 4.88389
6.21666 4.62889
6.36389 4.39667
6.41361 4.03972
6.41194 3.42611
6.45055 3.39528
6.51861 3.66694
6.58972 3.77056
6.59194 3.83889
6.60722 3.84972
6.61166 3.76167
6.54805 3.63
6.53611 3.47583
6.59472 3.4675
6.475 3.38556
6.41333 3.38778
6.385 2.88139
6.36446 2.7187
6.62194 2.74167
6.68861 2.79889
6.95444 2.72528
7.04 2.79833
7.09916 2.74778
7.13444 2.77861
7.41944 2.7575
7.41722 2.80722
7.5475 2.76278
7.63972 2.73333
7.80861 2.74222
7.89365 2.68213
8.08305 2.72583
8.58805 2.75583
9.05416 2.78833
9.06111 2.9875
9.09055 3.095
9.27444 3.17028
9.44111 3.14167
9.63583 3.26333
9.63611 3.31722
9.68194 3.36333
9.75583 3.33111
9.80916 3.34667
9.84416 3.52528
9.94805 3.60944
10.1511 3.68444
10.2753 3.58194
10.4117 3.63722
10.4497 3.68889
10.4028 3.78944
10.585 3.855
10.703 3.84667
10.7944 3.75389
11.1167 3.73917
11.135 3.69417
11.4297 3.475
11.6917 3.60549
11.7497 3.68833
11.9197 3.61694
11.9755 3.67167
12.5289 3.65778
12.7489 3.95278
12.9964 4.105
13.4769 4.1425
13.4814 4.24778
13.6869 4.47
13.7814 4.88555
13.7364 4.92361
13.7522 5.28611
13.8475 5.365
13.8931 5.54747
13.6431 6.16083
13.6833 6.23805
13.6839 6.285
13.6053 6.42306
13.3439 6.67917
13.1081 6.80639
12.9972 6.93333
12.9953 7.09056
13.1256 7.21889
13.0997 7.37972
13.3528 7.815
13.3036 8.12222
13.0648 8.43303
13.0858 8.4975
13.0667 8.55444
12.9433 8.66361
12.8467 8.985
12.8028 9.63527
13.133 9.93
13.2597 10.1483
13.3861 10.8411
13.3603 11.0383
13.3764 11.4464
13.2497 11.8672
13.1012 12.1469
13.1103 12.245
13.0733 12.3736
13.0567 12.4781
13.3006 12.6292
13.2781 12.6706
13.4503 12.8625
13.5128 12.9686
13.5889 13.2514
13.6794 13.3236
13.72 13.3478
