CIC_MPM_VERS = 1.0
COMMENT Generated by Spacebel CCSDS library
CREATION_DATE = 2017-02-24T16:25:04.370218
ORIGINATOR = SVG² Control

META_START

USER_DEFINED_PROTOCOL = NONE
USER_DEFINED_CONTENT = REGION OF INTEREST
USER_DEFINED_SIZE = 2
USER_DEFINED_TYPE = REAL
USER_DEFINED_UNIT = [deg]

META_STOP

68.8778 15.4778
68.9111 15.4203
68.9794 15.4228
69.0947 15.5603
69.2283 15.8694
69.2808 15.9747
69.3128 16.1119
69.2761 16.1539
69.1578 16.0886
69.0261 15.8639
68.9805 15.6239
69.0122 15.5419
68.9658 15.5731
68.8778 15.4778
180.0 180.0
70.0533 19.9017
70.0653 19.77
70.193 19.6808
70.2564 19.5819
70.2878 19.6736
70.1733 19.803
70.168 19.8383
70.2105 19.868
70.19 19.9394
70.1647 19.9297
70.115 20.1544
70.0533 19.9017
180.0 180.0
70.2458 22.9761
70.2866 22.4686
70.3297 22.3725
70.35 22.3894
70.3914 22.6644
70.3766 22.6933
70.3339 22.6978
70.3341 22.7236
70.3889 22.7392
70.2828 23.0005
70.2494 23.0092
70.2458 22.9761
180.0 180.0
63.6603 8.31944
63.6789 8.27
63.8111 8.78666
63.7169 8.82667
63.6928 8.77472
63.6603 8.31944
180.0 180.0
69.0114 17.0408
69.0697 17.1361
69.0677 16.9561
69.0497 16.8117
69.0903 16.7675
69.1164 16.8014
69.1289 17.0453
69.1958 17.1739
69.1925 16.8955
69.2214 16.8758
69.2464 17.1228
69.2997 16.8967
69.3175 17.0467
69.3261 17.1158
69.3572 17.0856
69.3561 16.8761
69.3978 17.0256
69.3608 17.3847
69.3811 17.3778
69.4108 17.2853
69.4197 17.4808
69.4303 17.4817
69.4444 17.2611
69.4908 17.1869
69.5003 17.2128
69.4736 17.3797
69.5261 17.3017
69.523 17.4019
69.4553 17.59
69.4747 17.6108
69.5647 17.4594
69.5977 17.4692
69.5808 17.5386
69.503 17.6255
69.5128 17.6964
69.5886 17.6522
69.595 17.6931
69.5386 17.7478
69.588 17.8294
69.5475 17.8886
69.4614 17.8225
69.4447 17.8456
69.5228 17.9483
69.4908 18.053
69.4261 17.9431
69.405 18.0028
69.4417 18.0197
69.4308 18.0742
69.358 18.1008
69.3255 17.9175
69.2866 17.9211
69.2566 17.9686
69.2397 17.8758
69.1964 18.0056
69.168 17.9014
69.1511 17.4853
69.1955 17.5258
69.2003 17.4694
69.0667 17.1733
69.0447 17.1869
69.0239 17.2014
69.0114 17.0408
180.0 180.0
68.0436 13.4894
68.0675 13.4497
68.1544 13.5872
68.1811 13.4831
68.2114 13.6333
68.2347 13.5144
68.2864 13.6597
68.258 14.0942
68.2244 14.1194
68.165 13.9192
68.153 13.7753
68.1269 13.8475
68.1083 13.8447
68.0619 13.6856
68.1214 13.5947
68.0833 13.5553
68.0436 13.4894
180.0 180.0
69.8011 19.0844
69.8702 18.9553
69.9208 18.7381
69.94 18.7211
69.9544 18.7914
69.9628 18.9311
69.9772 18.8533
70.0003 18.8292
70.0369 19.0256
70.0125 19.0714
70.0241 19.1172
70.0683 19.0636
70.0819 19.3164
70.0408 19.2889
69.9889 19.3942
70.0478 19.4869
70.048 19.5617
69.9941 19.5717
70.0202 19.6519
69.9947 19.6919
69.9758 19.6814
69.8628 19.43
69.8278 19.395
69.8011 19.0844
180.0 180.0
70.0436 20.5939
70.0989 20.5939
70.0591 20.4675
70.0791 20.3983
70.1464 20.4011
70.1841 20.43
70.2311 20.5778
70.2342 20.7525
70.2089 20.8236
70.1816 20.8258
70.1161 20.7708
70.0597 20.7947
70.0436 20.5939
180.0 180.0
70.9239 25.5519
70.9822 25.4167
71.0072 25.5608
71.0253 25.4628
71.0066 25.3261
71.0422 25.2944
71.0969 25.5503
71.0478 25.7186
71.0914 25.6875
71.1403 25.5522
71.1547 25.7847
71.1483 25.8067
71.1033 25.7819
71.1183 26.0194
71.0789 26.0322
71.045 25.8875
71.0311 25.9658
71.0044 25.9283
70.9966 26.0561
71.0428 26.1675
71.0386 26.2189
71.0052 26.2003
70.9583 25.8333
70.975 25.7383
70.9477 25.7411
70.9239 25.5519
180.0 180.0
70.4666 22.1753
70.4778 22.1383
70.5775 22.2389
70.6108 22.3303
70.6294 22.0228
70.6408 21.9514
70.6578 21.9606
70.6325 22.2319
70.6644 22.2403
70.6244 22.4122
70.6908 22.3731
70.7116 22.3992
70.6725 22.4811
70.7119 22.5208
70.6836 22.6561
70.6444 22.5928
70.6405 22.8053
70.7061 22.7622
70.7364 22.7178
70.7602 22.8055
70.6589 22.9636
70.7283 23.1744
70.8039 23.0703
70.8227 23.1631
70.7719 23.2828
70.7891 23.348
70.8539 23.3142
70.8311 23.4317
70.7919 23.4819
70.7811 23.3903
70.7647 23.4544
70.6911 23.2528
70.625 23.0603
70.603 23.1167
70.578 23.0772
70.5994 22.9922
70.573 23.0097
70.5197 22.7842
70.5639 22.6564
70.4983 22.5728
70.5289 22.5053
70.4902 22.3405
70.4992 22.2908
70.53 22.3108
70.5291 22.2694
70.4666 22.1753
180.0 180.0
70.2744 23.1564
70.2889 23.0828
70.3089 23.0703
70.3841 23.1364
70.3936 23.1155
70.3408 23.0539
70.3941 22.8786
70.4161 22.9617
70.4422 22.8925
70.5155 23.0964
70.5155 23.223
70.5447 23.1786
70.5358 23.2539
70.4725 23.2628
70.5239 23.3242
70.5553 23.4067
70.538 23.53
70.6103 23.3878
70.6216 23.4683
70.583 23.5919
70.5202 23.5792
70.4664 23.6569
70.4383 23.6439
70.2744 23.1564
180.0 180.0
63.4383 8.3075
63.4467 8.28278
63.4894 8.2875
63.5567 8.43194
63.5608 8.71694
63.5978 8.54722
63.6391 8.80139
63.6536 8.97111
63.5905 8.975
63.5678 9.16778
63.5508 9.14389
63.4769 8.78694
63.4383 8.3075
180.0 180.0
70.5222 23.7494
70.5936 23.6458
70.6625 23.6914
70.6905 23.6328
70.7447 23.6981
70.7441 23.8264
70.6983 23.8233
70.6861 24.0308
70.6152 24.1258
70.5872 24.1056
70.5225 23.9528
70.5222 23.7494
180.0 180.0
63.3272 8.09305
63.3378 7.97028
63.4058 7.77833
63.4669 7.98806
63.4666 8.09167
63.3861 8.18361
63.3272 8.09305
180.0 180.0
65.21 12.0631
65.3575 12.1217
65.3472 12.1867
65.38 12.1861
65.3978 12.1689
65.4853 12.3217
65.4833 12.2139
65.5669 12.2447
65.5739 12.2825
65.3919 12.5028
65.3655 12.4467
65.3255 12.2125
65.2925 12.2294
65.2455 12.1881
65.21 12.0631
180.0 180.0
68.1669 14.2106
68.2003 14.2019
68.2608 14.3303
68.2811 14.295
68.3153 14.3172
68.2958 14.4831
68.328 14.4836
68.3672 14.3839
68.4255 14.6397
68.375 14.6958
68.4225 14.7064
68.4247 14.7853
68.4003 14.828
68.3516 14.7522
68.373 14.8786
68.4289 14.8958
68.4525 15.1586
68.4111 15.1142
68.2602 14.7819
68.2519 14.7214
68.3316 14.7386
68.3164 14.6969
68.2816 14.6928
68.2586 14.6247
68.2464 14.6697
68.1797 14.3836
68.1669 14.2106
180.0 180.0
68.263 14.985
68.303 15
68.4497 15.2294
68.4853 15.3358
68.5222 15.1817
68.5605 15.2228
68.5525 15.4519
68.6158 15.4381
68.6058 15.6319
68.6569 15.4583
68.7039 15.4356
68.73 15.4517
68.6986 15.7136
68.7392 15.6455
68.7364 15.5092
68.7569 15.4547
68.8083 15.4594
68.818 15.6386
68.843 15.5536
68.878 15.5692
68.9466 15.6361
68.9636 15.8869
68.9519 15.9117
68.7922 15.8758
68.7328 15.7633
68.7855 15.9397
68.745 15.9844
68.6469 15.8639
68.6264 15.7736
68.5261 15.7394
68.5544 15.8086
68.6066 15.8125
68.6658 15.9764
68.6336 16.0733
68.6775 16.083
68.6964 16.0378
68.7278 16.0672
68.73 16.2036
68.755 16.2064
68.7928 16.0964
68.8139 16.0872
68.8516 16.1789
68.8375 16.2928
68.8986 16.243
68.8216 16.5533
68.7878 16.4925
68.7739 16.5558
68.7211 16.5286
68.7022 16.5736
68.5575 16.5075
68.5341 16.0994
68.3808 15.9603
68.3622 15.8833
68.3994 15.8697
68.4622 15.8644
68.4319 15.8555
68.4344 15.7786
68.3075 15.5997
68.3336 15.4261
68.3261 15.335
68.3439 15.3408
68.4733 15.6114
68.5075 15.5422
68.4722 15.5592
68.263 14.985
180.0 180.0
60.4314 5.55
60.4386 5.49055
60.5375 5.33167
60.6744 5.68917
60.4728 5.68167
60.4314 5.55
180.0 180.0
69.53 18.1905
69.5833 17.9994
69.6278 18.0319
69.6191 18.2686
69.6092 18.32
69.6361 18.3997
69.6328 18.2919
69.7014 18.1878
69.6897 18.6322
69.7233 18.3517
69.7828 18.3425
69.7769 18.4769
69.7444 18.4844
69.7969 18.5464
69.7994 18.65
69.7264 18.6464
69.6841 18.7097
69.7736 18.7844
69.8611 18.6619
69.8844 18.6931
69.825 18.9958
69.7872 19.0578
69.7594 19.0597
69.6719 18.7942
69.6294 18.7897
69.6039 18.8464
69.5628 18.7622
69.53 18.1905
180.0 180.0
68.5725 15.0592
68.6169 14.8106
68.6614 14.9656
68.695 15.1578
68.7492 15.15
68.7619 14.9967
68.7439 15.0661
68.6983 14.9964
68.7075 14.6783
68.6228 14.6203
68.6041 14.4486
68.6352 14.4086
68.6836 14.3711
68.7319 14.5392
68.7539 14.4386
68.8014 14.52
68.7986 14.5514
68.7486 14.5628
68.785 14.6428
68.8 14.6078
68.8233 14.6217
68.8253 14.6767
68.7586 14.6736
68.7544 14.9022
68.8061 14.9506
68.8419 14.9053
68.8605 14.9517
68.7964 15.0014
68.8475 15.0397
68.8122 15.1486
68.8553 15.1192
68.9414 15.0117
68.9708 15.0117
69.008 15.0878
69.0083 15.1444
68.9083 15.2386
68.9122 15.293
68.8239 15.2378
68.8494 15.3753
68.8039 15.3564
68.758 15.2739
68.7402 15.3686
68.7189 15.4014
68.6767 15.3958
68.5725 15.0592
180.0 180.0
70.0694 28.0152
70.0825 28.1336
70.1655 28.2322
70.26 28.1972
70.4122 28.2461
70.4364 28.3225
70.4741 28.3319
70.4889 28.4544
70.4539 28.4661
70.4441 28.5092
70.505 28.5567
70.5475 28.395
70.6753 28.5092
70.6775 28.6261
70.7208 28.5222
70.815 28.6744
70.8805 28.8539
70.8733 29.1006
70.775 29.4006
70.7405 29.2967
70.7075 29.33
70.6944 29.4522
70.743 29.6772
70.7316 29.7817
70.6741 29.7767
70.6475 29.7389
70.6136 29.6894
70.6355 29.8356
70.7064 29.9672
70.7091 30.1019
70.67 30.2028
70.6405 30.0994
70.6055 30.3383
70.5914 30.3417
70.5286 30.1528
70.5564 30.4494
70.5378 30.5972
70.4094 30.8053
70.4497 30.9439
70.3616 31.0642
70.333 31.0156
70.3111 31.0456
70.2803 31.0633
70.2405 30.5231
70.168 30.35
70.1475 30.3847
70.1216 30.3436
70.0855 30.1436
70.0664 30.1575
70.0669 29.7806
70.1775 28.7319
70.1639 28.5947
70.1564 28.7539
70.1078 28.6125
70.0977 28.7439
69.9669 29.6842
69.868 29.4053
69.8528 29.4228
69.9094 29.5364
69.9097 29.7322
69.833 29.7675
69.7022 29.5239
69.6822 29.5225
69.6572 29.4997
69.7316 29.6647
69.768 30.0642
69.7116 29.9589
69.6867 29.9417
69.7392 30.0722
69.7 30.1211
69.6925 30.1889
69.755 30.1144
69.7661 30.2069
69.7858 30.2064
69.8053 30.1581
69.8772 30.178
69.8786 30.3086
69.8225 30.4028
69.7005 30.4183
69.6791 30.3967
69.6655 30.4114
69.6886 30.4522
69.773 30.4506
69.8144 30.4683
69.81 30.6497
69.768 30.7244
69.7914 30.7845
69.7897 30.859
69.6814 30.9547
69.6036 30.9503
69.5489 30.91
69.5303 30.7969
69.5491 30.5114
69.6669 30.1883
69.6564 30.0839
69.6311 30.0728
69.6283 30.1428
69.5661 30.1764
69.4766 30.0292
69.3152 29.31
69.2994 29.3099
69.2354 29.3097
69.2272 29.3097
69.1019 29.2306
69.0339 29.0875
69.0344 29.0111
69.0519 28.9648
69.1191 28.7869
69.1497 28.7817
69.238 28.8269
69.4636 29.2855
69.4952 29.2947
69.708 29.0989
69.8275 28.3797
69.9386 28.0942
70.0694 28.0152
180.0 180.0
63.8942 10.9042
63.8755 11.0267
63.8375 11.0772
63.7539 10.9558
63.4961 10.0478
63.5064 9.91972
63.6686 9.79222
63.7372 10.0467
63.7639 10.0861
63.6628 9.53944
63.7236 9.55805
63.7703 9.77889
63.7636 9.54389
63.7875 9.5825
63.9394 10.1511
63.9255 9.99444
63.9269 9.95222
63.9567 10.0844
63.9853 10.12
63.9561 9.93444
64.0136 9.99444
64.1016 9.99583
64.1116 10.03
64.0861 10.1031
64.1164 10.2203
64.1211 10.1086
64.1641 10.1753
64.1972 10.1806
64.1917 10.3767
64.2416 10.2511
64.2933 10.4917
64.3241 10.4472
64.3675 10.5053
64.3403 10.6036
64.358 10.6519
64.403 10.4606
64.4283 10.5122
64.393 10.6311
64.4455 10.62
64.38 10.7622
64.3725 10.8531
64.438 10.7914
64.4347 10.6828
64.4522 10.6683
64.4655 10.8394
64.5078 10.8144
64.47 10.8972
64.503 10.9664
64.5786 10.9156
64.6014 10.9722
64.473 11.1864
64.443 11.1631
64.4525 11.2575
64.4297 11.3378
64.3983 11.328
64.3305 11.2355
64.4461 11.4086
64.4733 11.6556
64.465 11.4386
64.5111 11.4705
64.5333 11.5678
64.5941 11.7683
64.5825 11.635
64.6211 11.6147
64.5989 11.5544
64.5839 11.595
64.563 11.5464
64.5755 11.5017
64.6733 11.3925
64.7075 11.4031
64.7342 11.6181
64.7616 11.5517
64.773 11.6319
64.7969 11.8386
64.8347 11.6711
64.845 11.658
64.9583 12.0953
64.9339 12.1905
64.9497 12.2058
64.9727 12.0739
64.9397 11.8936
64.7458 11.3758
64.7342 11.2355
64.7644 11.3539
64.8114 11.4222
64.8128 11.2578
64.8322 11.2572
64.8886 11.6492
64.9086 11.6917
64.8558 11.2464
64.8866 11.3064
64.9 11.5628
64.9822 11.8336
65.0114 11.8103
65.0658 11.975
65.0352 12.1558
64.9925 12.1742
65.003 12.2075
65.0472 12.1928
65.123 12.6261
65.2791 12.8756
65.1986 12.6881
65.1333 12.4658
65.1533 12.3667
65.1933 12.4969
65.23 12.4086
65.2525 12.7044
65.2722 12.4236
65.2272 12.2717
65.2439 12.2622
65.3172 12.4611
65.33 12.4156
65.3658 12.5086
65.3203 12.6589
65.3325 12.6867
65.3558 12.6453
65.3583 12.5625
65.4433 12.4811
65.4439 12.565
65.4144 12.5678
65.4072 12.6589
65.4441 12.6489
65.4583 12.7747
65.4825 12.5892
65.5155 12.5658
65.5253 12.6181
65.5864 12.5681
65.5169 12.5311
65.5269 12.4256
65.5519 12.3892
65.5908 12.4164
65.5903 12.3555
65.6566 12.3742
65.728 12.525
65.7041 12.5856
65.6466 12.6153
65.6361 12.7161
65.6428 12.7894
65.6619 12.6614
65.7555 12.5536
65.7986 12.6236
65.7866 12.7158
65.8383 12.6911
65.8216 12.6203
65.8428 12.6092
65.933 12.6992
65.9661 12.8414
65.8658 13.1339
65.8558 13.1778
65.9403 13.1219
65.975 12.9319
65.9892 12.9269
66.078 13.0403
66.0386 12.7283
66.0669 12.6739
66.1078 12.7786
66.1355 12.9903
66.2208 13.3119
66.2305 13.5739
66.18 13.5806
66.1389 13.5378
66.1005 13.5497
66.1547 13.6428
66.1558 13.7811
66.1819 13.635
66.2319 13.6797
66.243 13.9944
66.3275 14.1458
66.3355 14.1075
66.2669 13.9008
66.2914 13.7481
66.2522 13.7194
66.2405 13.6003
66.2641 13.5944
66.2819 13.5778
66.1764 13.0494
66.1964 13.0294
66.275 13.2161
66.2958 13.5053
66.3086 13.533
66.3719 13.3003
66.318 13.3269
66.2933 13.1922
66.3222 13.0233
66.3514 13.0003
66.4061 13.1714
66.4397 13.1464
66.5183 12.97
66.5366 13.0872
66.5072 13.2136
66.45 13.2272
66.4614 13.2667
66.5175 13.2614
66.5369 13.3464
66.5116 13.6683
66.5539 13.4811
66.5989 13.5806
66.54 13.2775
66.5594 13.203
66.6094 13.2478
66.6194 13.4047
66.6405 13.1972
66.663 13.1958
66.6478 13.4761
66.7003 13.2655
66.7211 13.2792
66.7091 13.4611
66.7105 13.758
66.7333 13.8878
66.715 13.5621
66.7369 13.5397
66.7555 13.5653
66.7561 13.7544
66.7714 13.5683
66.7869 13.9908
66.8094 13.7933
66.8564 13.6931
66.8941 13.5422
66.9303 13.5558
66.9928 13.9481
66.9822 13.97
66.9508 13.8903
66.9203 13.9569
66.9833 14.0472
67.0216 14.0178
67.0539 14.0661
66.9803 14.1225
66.9483 14.1314
66.978 14.2269
67.0575 14.2575
67.0428 14.5392
67.0111 14.5531
67.0358 14.5967
67.0536 14.5744
67.0619 14.4567
67.0914 14.3033
67.1419 14.3211
67.1644 14.4483
67.1378 14.4289
67.1058 14.4283
67.1508 14.4817
67.1386 14.753
67.163 14.7125
67.1744 14.5556
67.1947 14.5742
67.2094 14.98
67.1461 14.8914
67.1053 14.96
67.1019 15.0086
67.1555 14.9447
67.2103 15.0761
67.1508 15.3931
67.0928 15.3817
67.0653 15.4956
67.0939 15.44
67.1608 15.4719
67.1914 15.3844
67.2055 15.39
67.205 15.4728
67.248 15.0639
67.2666 15.1347
67.3089 15.1519
67.265 14.7828
67.2452 14.815
67.2119 14.6183
67.2378 14.6939
67.2755 14.6939
67.2555 14.6228
67.2405 14.3286
67.383 14.6164
67.3952 14.5731
67.4239 14.6703
67.3997 14.8153
67.375 14.8286
67.4408 15.0483
67.4403 14.8347
67.4933 14.7275
67.5561 14.9225
67.5708 15.0506
67.5522 15.133
67.5272 15.1405
67.5494 14.9869
67.5197 15.0308
67.4866 15.0069
67.4725 14.8322
67.4647 14.9908
67.5189 15.1858
67.4791 15.195
67.483 15.3103
67.4655 15.4603
67.2664 15.64
67.305 15.7017
67.4255 15.5167
67.4603 15.5581
67.5014 15.5903
67.5633 15.8944
67.5583 15.7228
67.505 15.5319
67.53 15.2336
67.5641 15.2286
67.5811 15.4594
67.6283 15.3917
67.6058 15.2114
67.6214 15.1806
67.6675 15.2683
67.6783 15.6553
67.7055 15.4536
67.74 15.4144
67.7466 15.6156
67.6736 15.8297
67.7305 15.7697
67.7666 15.5892
67.7961 15.4103
67.8327 15.4533
67.8525 15.4356
67.8491 15.3578
67.7972 15.3792
67.7561 15.2822
67.6478 14.9053
67.6483 14.7367
67.6622 14.7397
67.7428 15.1092
67.7716 14.8394
67.7825 14.7856
67.8 14.7556
67.8239 14.8022
67.8397 15.0325
67.8544 15.0992
67.8444 14.8494
67.893 14.9922
67.8728 15.2253
67.8622 15.2161
67.8286 15.1989
67.8983 15.335
67.9161 15.5489
67.8775 15.5211
67.9041 15.5669
67.9475 15.7817
67.8989 15.8617
67.9897 15.9653
68.0525 15.8478
68.0328 15.5994
68.0753 15.5264
68.008 15.4108
67.9892 15.4139
67.9986 15.3217
68.0355 15.283
68.0805 15.3589
68.1316 15.5019
68.0897 15.5303
68.123 15.5989
68.1408 15.7267
68.0891 15.7344
68.088 15.6175
68.0447 15.6544
68.1308 15.9225
68.1827 15.8739
68.1886 15.9542
68.2386 15.9533
68.2444 16.0058
68.2261 16.0506
68.1658 16.0322
68.1661 16.1036
68.068 16.0925
68.0286 16.0408
67.9697 16.2047
67.888 16.2172
67.8147 16.4144
67.8022 16.5097
67.8966 16.2517
67.9491 16.2772
68.0016 16.2075
68.0064 16.2739
67.903 16.4175
67.9039 16.4667
67.9958 16.3278
68.0066 16.3489
67.9586 16.4603
67.9811 16.458
68.0108 16.4992
68.0253 16.3725
68.0416 16.3686
68.0688 16.4622
68.05 16.685
68.0733 16.6758
68.0833 16.2944
68.1294 16.2508
68.1341 16.4136
68.1841 16.4194
68.1972 16.1628
68.2203 16.1719
68.2241 16.3403
68.2522 16.3317
68.2478 16.2517
68.2769 16.1033
68.3164 16.19
68.2397 16.5439
68.193 16.5661
68.1272 16.7978
68.1528 16.7505
68.2655 16.5781
68.3303 16.2453
68.3905 16.4794
68.3753 16.8381
68.318 16.8344
68.3639 17.1514
68.2505 17.3294
68.1644 17.315
68.1847 17.3669
68.2266 17.3547
68.2305 17.4008
68.2589 17.3992
68.3077 17.2678
68.3669 17.2008
68.4019 17.2586
68.3728 17.4489
68.3625 17.5781
68.4061 17.37
68.4155 17.3758
68.4233 17.5944
68.4044 17.6964
68.3939 17.7639
68.4508 17.465
68.5239 17.5528
68.5253 17.5192
68.445 17.2256
68.4372 17.0106
68.4569 17.08
68.4766 17.0958
68.5042 16.9917
68.4486 16.8436
68.4375 16.4989
68.485 16.4844
68.5222 16.4814
68.543 16.6372
68.5719 16.5642
68.6047 16.5661
68.643 16.6406
68.7003 16.9992
68.6292 17.1544
68.6444 17.185
68.6797 17.095
68.6953 17.1122
68.7205 17.2575
68.6608 17.6283
68.6639 17.6706
68.6903 17.4684
68.7358 17.4239
68.7328 17.2903
68.7597 17.243
68.8089 17.4758
68.7547 17.7678
68.8303 17.47
68.89 17.7153
68.863 17.8283
68.8753 17.8483
68.9291 17.6858
68.9003 17.4658
68.9108 17.4317
68.9625 17.5389
68.99 17.4878
69.09 17.6803
69.108 17.6486
69.1522 18.1522
69.1714 18.0681
69.2303 18.0978
69.2316 17.9894
69.3039 18.0164
69.3864 18.1722
69.4558 18.1517
69.4889 18.285
69.4589 18.3564
69.4155 18.3864
69.3889 18.3581
69.3933 18.4311
69.3683 18.4997
69.2569 18.5061
69.3222 18.5417
69.3558 18.5711
69.2578 18.6897
69.2794 18.7072
69.305 18.6672
69.3172 18.6878
69.3175 18.8858
69.4491 18.4539
69.5144 18.4717
69.5527 18.8419
69.53 18.8678
69.5014 18.8472
69.3553 19.1172
69.3347 19.3489
69.3077 19.3811
69.2836 19.3453
69.273 19.1878
69.2639 19.2667
69.2369 19.2511
69.2214 19.3117
69.2239 19.5069
69.2558 19.4447
69.3219 19.4497
69.3747 19.3525
69.3814 19.1244
69.4672 18.9958
69.5136 19.0294
69.5266 19.2614
69.5664 19.2136
69.5344 19.0003
69.5739 18.9461
69.6244 18.9567
69.6997 19.1033
69.7397 19.1064
69.8011 19.5797
69.8033 19.7803
69.7805 19.7728
69.6683 19.6764
69.6555 19.7236
69.6033 19.7142
69.3936 19.5314
69.4344 19.6869
69.6078 19.7419
69.6133 19.7969
69.5811 20.1155
69.6308 19.8511
69.6975 19.8211
69.8397 19.9975
69.7847 19.9728
69.7755 20.025
69.9358 20.1667
69.8855 20.1658
69.8525 20.2175
69.9214 20.2006
69.9739 20.2819
69.9597 20.3183
69.8694 20.425
69.6636 20.3214
69.6211 20.3875
69.5847 20.3728
69.5591 20.2711
69.5375 20.303
69.4022 20.1905
69.3355 19.9819
69.2602 19.9183
69.2625 19.9681
69.3153 20.0406
69.3883 20.2886
69.5769 20.4844
69.5239 20.6394
69.4947 20.8536
69.5278 20.7094
69.6389 20.4814
69.6825 20.5389
69.7211 20.5414
69.7591 20.4797
69.8036 20.8039
69.8355 20.8261
69.873 20.7914
69.9114 20.9225
69.9403 21.0917
69.8494 20.8936
69.7841 21
69.7919 21.0517
69.8194 20.9944
69.8675 21.1069
69.8564 21.1889
69.8094 21.1264
69.8105 21.1625
69.8491 21.2261
69.9005 21.2117
69.9058 21.3281
69.938 21.2061
70.003 21.2533
70.0222 21.3194
70.0175 21.4428
69.7314 22.0686
69.7516 22.1008
69.8333 21.9144
69.8333 21.9972
69.8533 22.0172
69.8808 21.9269
69.9497 21.9153
69.9822 22.015
69.9403 22.0675
70.0108 22.0508
70.0289 22.1155
70.0189 21.8364
70.0428 21.8117
70.0641 22.0317
70.1133 22.0967
70.0794 21.9322
70.0955 21.4814
70.1416 21.4333
70.1728 21.4878
70.1614 21.3097
70.2074 21.209
70.268 21.4383
70.2311 21.4461
70.21 21.4992
70.3039 21.5164
70.3186 21.5739
70.2655 21.6136
70.2375 21.73
70.1422 21.8708
70.1741 21.8822
70.2411 21.805
70.2639 21.8211
70.3208 22.0036
70.2989 22.0092
70.278 21.9967
70.3047 22.0842
70.2911 22.1122
70.2408 22.1069
70.2402 22.1464
70.283 22.1539
70.2805 22.3103
70.2522 22.2992
70.1958 22.2772
70.1341 22.2378
70.1272 22.5536
70.1655 22.3275
70.2497 22.3772
70.2227 22.6994
70.1941 22.9775
70.1719 22.9503
70.0597 22.3675
70.1416 23.0167
70.0883 22.9917
70.0244 23.0303
70.0403 23.1211
69.9691 23.1481
69.9464 23.1011
69.9922 23.3211
69.9439 23.3233
70.0216 23.5328
70.0527 23.2486
70.0933 23.1819
70.1066 23.3658
70.1391 23.4036
70.1689 23.3053
70.1883 23.4197
70.1986 23.2831
70.2183 23.2533
70.2369 23.5136
70.2452 23.4069
70.2986 23.6125
70.3114 23.465
70.3636 23.5186
70.4952 23.8542
70.5072 24.0303
70.4539 24.3558
70.4889 24.3033
70.5319 24.118
70.5461 24.1067
70.5791 24.2036
70.6625 24.2878
70.6886 24.3631
70.6544 24.53
70.6172 24.7197
70.6425 24.7378
70.6739 24.6992
70.7772 24.2456
70.8361 24.2656
70.8655 24.4019
70.7758 24.6347
70.7928 24.6458
70.8564 24.6081
70.8678 24.7219
70.92 24.5833
70.963 24.5919
70.9736 24.7075
70.9441 24.813
70.9111 24.9853
70.9744 24.9881
70.9541 25.0633
70.9339 25.07
70.8633 24.9244
70.8522 25.0672
70.8919 25.0883
70.9158 25.1611
70.8447 25.2533
70.7861 25.2528
70.8091 25.3464
70.8928 25.3928
70.9386 25.3436
70.9658 25.3472
70.9675 25.3936
70.9144 25.5344
70.8928 25.5325
70.8625 25.4456
70.8361 25.4669
70.8883 25.6917
70.8939 25.8556
70.8866 25.9078
70.8525 25.9133
70.7575 25.6292
70.7297 25.6553
70.713 25.6303
70.53 25.143
70.4964 25.085
70.5205 25.2589
70.4925 25.2697
70.4794 25.0581
70.4594 25.2839
70.3878 25.2567
70.3972 25.1672
70.3505 25.0914
70.3266 25.2039
70.2947 25.1997
70.2289 24.9881
70.1883 24.9625
70.0833 24.9486
70.0597 25.0347
70.08 25.0475
70.1105 25.005
70.1316 25.0164
70.1472 25.0925
70.1041 25.0833
70.0764 25.1436
70.1022 25.265
70.1361 25.2775
70.2641 25.5136
70.3036 25.535
70.3225 25.4239
70.3544 25.4606
70.6086 26.0078
70.7105 26.0725
70.933 26.5456
70.9525 26.6939
70.9214 26.7264
70.8225 26.6697
70.8227 26.7433
70.7014 26.6278
70.6655 26.4203
70.6361 26.3514
70.6586 26.5447
70.6344 26.6536
70.363 26.505
70.3491 26.5611
70.4483 26.8019
70.4772 26.7983
70.4672 27.1003
70.5314 26.9628
70.6105 27.0583
70.583 27.2686
70.6419 27.0933
70.665 27.1364
70.6919 27.0975
70.7422 27.1397
70.753 27.3422
70.7686 27.2806
70.8244 27.3192
70.7994 27.6264
70.8244 27.4758
70.8397 27.5364
70.8644 27.4975
70.883 27.2583
70.9153 27.1289
70.9675 27.1561
70.9433 27.3492
71.013 27.2183
71.0303 27.2731
71.0039 27.4756
70.9486 27.5447
70.9683 27.5736
71.035 27.525
71.0819 27.5311
71.0916 27.6475
71.1225 27.6522
71.0933 27.7358
71.0594 27.6961
71.0322 27.8861
71.0753 28.1653
71.0733 28.2355
71.0453 28.2614
71.0169 28.1981
70.9911 28.4869
70.9683 28.5508
70.8603 28.4436
70.813 28.2711
70.7875 28.2522
70.7803 28.1378
70.8117 27.993
70.7794 27.765
70.7378 28.1136
70.703 28.075
70.6719 27.8755
70.6025 27.6639
70.6152 27.8369
70.7005 28.2125
70.708 28.2978
70.6547 28.2889
70.6189 28.2419
70.4789 27.8517
70.4255 27.8814
70.4914 27.9708
70.4978 28.1822
70.4477 28.0411
70.4355 28.0655
70.5058 28.2319
70.5055 28.3356
70.3694 28.1539
70.2441 28.1561
70.1594 28.1858
70.1189 28.1492
70.0694 28.0152
70.0794 27.8067
70.0028 27.3772
69.9505 27.2925
69.9083 27.0386
69.9519 26.8078
69.9319 26.4606
69.85 26.3697
69.7066 25.9889
69.6675 25.9422
69.6302 25.9758
69.5664 25.9344
69.5469 25.8531
69.3783 25.8305
69.3361 25.7511
69.2066 25.7086
69.0114 25.8092
68.8813 25.6122
68.8805 25.3847
68.7858 25.1667
68.6291 25.0958
68.5939 24.9356
68.5619 24.9183
68.5586 24.8814
68.6408 24.7978
68.6764 24.6903
68.78 24.1314
68.8239 24.0447
68.8325 23.8564
68.7153 23.7036
68.6286 23.2042
68.6955 23.0639
68.7111 22.3983
68.8425 22.3486
69.2847 21.6819
69.3261 21.3208
69.2286 21.055
69.1825 21.0397
69.1264 21.0661
69.108 21.1131
69.0391 21.0675
69.0964 20.7383
69.0631 20.5861
69.0422 20.0969
68.9283 20.3147
68.7866 20.3503
68.6622 20.2025
68.5439 19.9564
68.4822 20.2111
68.448 20.1758
68.3375 19.9378
68.4877 18.9522
68.4753 18.6119
68.5391 18.358
68.5078 18.0908
68.4094 18.0458
68.1661 18.1553
67.9455 17.8842
68.0905 17.2736
68.0303 17.1883
67.8991 16.7269
67.6569 16.5703
67.5155 16.3825
67.5 16.1922
67.4116 16.0858
67.1777 16.3992
67.0178 16.3539
66.8908 16.01
66.6058 15.6258
66.48 15.3628
66.2839 15.4681
66.15 15.0253
66.1325 14.505
65.8269 14.6347
65.5933 14.5039
65.3136 14.493
65.2466 14.3689
65.13 14.3194
64.6294 13.6969
64.5711 13.6822
64.4705 14.1164
64.1858 14.1547
64.0802 14.0489
64.0717 14.0405
64.013 13.9817
64.093 13.23
64.023 12.8367
63.9655 12.675
63.7094 12.3247
63.5841 12.1394
63.4853 12.195
63.2722 11.9364
63.0158 12.1686
62.8925 12.0289
62.7494 12.0894
62.6014 12.0119
62.39 12.21
62.2617 12.2958
61.7286 12.1244
61.5733 12.4067
61.5661 12.53
61.3625 12.8561
61.0625 12.655
61.0294 12.2942
60.9853 12.2292
60.5266 12.5875
60.4686 12.6081
60.3992 12.5897
60.3014 12.4911
60.0764 12.4769
59.8969 12.163
59.8969 11.9569
59.8458 11.8153
59.7947 11.8911
59.7078 11.9028
59.5958 11.6661
59.3119 11.7872
59.3033 11.7908
59.2453 11.7983
59.2237 11.7875
59.1286 11.7397
59.0903 11.7511
58.9091 11.6267
58.8836 11.463
58.893 11.4278
58.996 11.4203
59.1072 11.3561
59.125 11.1714
59.1933 11.1736
59.1533 11.1503
59.1325 11.0978
59.1166 11.0642
59.1864 10.9419
59.1344 10.9389
59.1386 10.9061
59.1955 10.9036
59.1494 10.825
59.2089 10.7825
59.2355 10.7292
59.31 10.7808
59.3191 10.6675
59.3594 10.6636
59.4278 10.5858
59.4958 10.6536
59.4369 10.6764
59.4839 10.6917
59.7286 10.5578
59.79 10.5844
59.8567 10.6403
59.8397 10.6719
59.7358 10.7161
59.8419 10.7594
59.8966 10.7258
59.8864 10.5714
59.8433 10.4717
59.7219 10.4969
59.6297 10.6044
59.5825 10.6069
59.543 10.5581
59.5131 10.4583
59.5286 10.4194
59.5964 10.4283
59.7028 10.3747
59.7314 10.2286
59.7186 10.2314
59.6625 10.375
59.6314 10.3897
59.5669 10.39
59.523 10.3583
59.5528 10.2639
59.5378 10.2469
59.4097 10.485
59.3447 10.4497
59.2986 10.5136
59.2397 10.4472
59.2653 10.3639
59.1592 10.3211
59.1067 10.2636
59.0339 10.2622
59.1128 10.2272
59.0169 10.2208
58.9975 10.1308
59.0161 10.1308
59.0466 10.1631
59.0286 10.0192
58.9717 10.0258
58.9594 9.99639
58.9619 9.81333
59.0005 9.84278
59.0314 9.75528
59.0903 9.69194
59.0456 9.68694
59.0522 9.65472
59.1286 9.63389
59.105 9.54417
59.0186 9.71222
58.8575 9.35111
58.8753 9.29972
58.8305 9.28055
58.8414 9.40944
58.8214 9.44833
58.7508 9.34
58.7364 9.06722
58.7142 9.22416
58.6825 9.16778
58.6622 9.19722
58.5792 8.95139
58.5472 8.93111
58.3061 8.545
58.2019 8.24806
58.1156 8.21111
58.1422 8.16306
58.0953 8.11806
58.1292 8.03194
58.155 8.0775
58.2211 8.02611
58.1747 8.02833
58.0794 7.93472
58.07 7.82917
58.0403 7.65472
58.0128 7.36278
58.055 7.24194
57.9961 7.04917
58.0033 6.99805
58.0803 7.10194
58.0608 6.96056
58.1069 6.98694
58.0511 6.90361
58.0928 6.89278
58.1355 6.99028
58.1742 6.77444
58.1172 6.81361
58.1169 6.7525
58.1197 6.69139
58.0897 6.74944
58.0586 6.77722
58.0703 6.59778
58.1142 6.53083
58.2708 6.84917
58.2256 6.66528
58.2885 6.64563
58.3144 6.705
58.3189 6.64778
58.2378 6.60778
58.2744 6.32667
58.3989 5.98333
58.4717 5.95694
58.4867 5.75722
58.5597 5.62083
58.7506 5.45628
58.8928 5.57528
58.9139 5.55028
58.9525 5.54806
58.9044 5.61083
58.9303 5.62611
58.9853 5.52528
59.0311 5.56333
58.9708 5.71472
58.8658 5.71278
58.9336 5.81972
58.9569 5.875
58.8339 6.13028
58.8383 6.23028
58.8658 6.08806
58.9025 6.05944
58.96 6.12361
59.0158 6.38139
58.9911 6.14639
58.9019 6.0275
58.9622 5.97417
58.9919 6.02361
59.0155 6.01528
59.0155 5.92833
59.0722 5.86639
59.0964 5.88722
59.1455 6.12778
59.143 6.00944
59.1644 6.00722
59.2286 6.11139
59.325 6.45528
59.2608 6.11583
59.3041 6.09028
59.3086 6.185
59.3205 6.17944
59.3297 5.99555
59.3816 6.045
59.4283 6.18583
59.505 6.23556
59.5553 6.46889
59.5205 6.24667
59.5405 6.24722
59.4508 6.1475
59.3983 6.01139
59.4258 5.98528
59.3747 5.98889
59.3528 5.92611
59.4089 5.87694
59.4472 5.89667
59.4661 6.08
59.4847 6.14
59.4783 5.88444
59.5325 5.80528
59.3994 5.65056
59.4289 5.78944
59.3769 5.86194
59.3455 5.85667
59.2872 5.6225
59.3 5.61
59.3272 5.64861
59.3947 5.5825
59.32 5.5725
59.275 5.51111
59.2936 5.43861
59.3989 5.43944
59.3939 5.415
59.3211 5.40694
59.2961 5.37944
59.4175 5.33806
59.368 5.32667
59.3397 5.30028
59.4364 5.19472
59.5144 5.17972
59.5919 5.27333
59.6464 5.38333
59.5908 5.40778
59.6233 5.43472
59.6633 5.39278
59.7308 5.49194
59.5686 5.49583
59.5383 5.41472
59.5033 5.41083
59.5305 5.5025
59.5805 5.54167
59.6175 5.52417
59.6719 5.55555
59.6753 5.59389
59.6064 5.76111
59.6466 5.77139
59.6511 5.87806
59.6642 5.75528
59.6825 5.74583
59.7314 5.84028
59.7439 6.06667
59.8528 6.31306
59.753 5.97333
59.7869 5.9325
59.813 5.96389
59.8553 5.9525
59.7886 5.91917
59.7703 5.81889
59.85 5.66972
59.9117 5.74361
59.9516 5.96
59.9744 5.98417
60.0028 5.95361
60.0669 6.03417
60.1114 6.24305
60.1586 6.25889
60.1022 6.11361
60.1631 6.07805
60.1953 6.07972
60.2197 6.15555
60.2956 6.20472
60.4297 6.53667
60.4103 6.64055
60.3416 6.57972
60.1136 6.50444
60.0819 6.52444
60.2714 6.5775
60.4003 6.70222
60.4736 6.83389
60.4747 7.02167
60.4991 7.10444
60.5061 6.89944
60.5875 7.01361
60.5708 6.9525
60.4897 6.85
60.4294 6.62055
60.4544 6.59111
60.4761 6.63139
60.5172 6.68667
60.4444 6.47555
60.3719 6.23611
60.368 6.11861
60.3478 6.18778
60.3061 6.14333
60.2808 6.16028
60.2369 6.12111
60.268 6.00333
60.2064 5.9575
60.1536 5.85278
60.0417 5.87861
59.9858 5.75667
60.0069 5.70472
60.0664 5.69056
60.0597 5.76861
60.0889 5.79472
60.0886 5.7075
60.14 5.72444
60.2075 5.78972
60.1403 5.57917
60.1561 5.54444
60.2347 5.7075
60.258 5.6025
60.2464 5.56833
60.3455 5.66972
60.3664 5.66583
60.2883 5.58139
60.1319 5.40167
60.1969 5.31639
60.2178 5.33861
60.2039 5.22278
60.2631 5.31
60.2772 5.16806
60.3111 5.16639
60.3183 5.22528
60.3361 5.14861
60.3664 5.145
60.3922 5.20389
60.3891 5.29694
60.4281 5.2525
60.4908 5.23583
60.525 5.29278
60.5192 5.32056
60.4194 5.49444
60.4153 5.63361
60.47 5.71361
60.5536 5.70278
60.6528 5.74222
60.7033 5.66194
60.7558 5.68194
60.6958 5.5925
60.6914 5.53028
60.62 5.51611
60.5531 5.26139
60.5775 5.19861
60.6605 5.09333
60.6228 5.22278
60.783 4.9675
60.8047 4.99722
60.7117 5.29806
60.6686 5.31472
60.6344 5.37389
60.6744 5.36555
60.7019 5.40583
60.758 5.24361
60.7819 5.24833
60.8722 5.52083
60.9072 5.48389
60.8078 5.14556
60.8517 5.03555
60.9603 4.99278
60.9444 5.08417
60.8853 5.07722
60.8747 5.09778
60.9242 5.10389
60.9666 5.08139
60.9975 5.0025
61.05 5.02417
61.0728 5.11555
61.0222 5.41194
61.0567 5.48306
61.1241 5.89389
61.0619 6.37222
61.0322 6.35194
61.0083 6.37222
61.073 6.42194
61.0947 6.54694
61.1708 6.60861
61.128 6.855
61.0878 6.86722
61.083 6.95361
61.0497 6.98222
60.9933 6.99917
60.9339 6.87083
60.9742 7.025
60.9275 7.12833
60.8603 7.11389
60.8994 7.16278
60.9441 7.1675
60.9747 7.07194
61.0853 6.99667
61.1006 7.02
61.1117 7.38278
61.1533 7.35861
61.1969 7.61417
61.2275 7.69333
61.2053 7.58083
61.2028 7.36278
61.2944 7.30389
61.365 7.36417
61.4503 7.51944
61.3883 7.34305
61.3514 7.31333
61.2908 7.24028
61.2155 7.30722
61.1864 7.36056
61.158 7.29222
61.1811 7.22389
61.1428 7.14861
61.1169 6.92667
61.145 6.91861
61.1775 7.00444
61.183 6.69444
61.2294 6.55972
61.3458 6.69667
61.4014 6.70361
61.3378 6.66417
61.2603 6.49305
61.2039 6.53805
61.2072 6.46111
61.1514 6.51055
61.1275 6.47667
61.1333 6.24861
61.1791 6.17639
61.1575 5.88555
61.0689 5.38306
61.1569 5.06139
61.1889 5.08472
61.1689 5.22361
61.208 5.18917
61.2194 4.98806
61.2558 4.98611
61.2791 4.99639
61.3347 5.23556
61.3075 5.29389
61.2556 5.31139
61.26 5.33889
61.3181 5.32028
61.3419 5.25472
61.3497 5.33139
61.3741 5.38361
61.3178 5.04056
61.3528 4.99972
61.3825 5.00583
61.3992 5.04306
61.4128 4.94889
61.4705 5.18917
61.4286 5.5275
61.4455 5.55056
61.4528 5.805
61.4942 5.66722
61.4572 5.54444
61.5044 5.17139
61.5361 5.1375
61.5544 5.35583
61.5691 5.22361
61.5942 5.16028
61.5756 5.34278
61.5836 5.42444
61.6272 5.21917
61.6381 4.96333
61.7192 4.96556
61.7461 5.06055
61.7069 5.13194
61.7317 5.15417
61.7556 5.07278
61.7778 5.105
61.8636 5.29361
61.9114 5.41
61.8953 5.59583
61.8422 5.74472
61.8372 5.68305
61.8086 5.62639
61.8483 5.88555
61.8353 5.94722
61.7619 5.92111
61.8305 5.97305
61.8225 6.01611
61.7675 6.10222
61.7714 6.18139
61.8305 6.06194
61.8067 6.37639
61.8086 6.51833
61.8496 6.58616
61.8697 6.65833
61.8461 6.75806
61.8728 6.81556
61.8947 6.67472
61.8256 6.47639
61.8666 6.01611
61.8647 5.82417
61.91 5.96028
61.9272 5.51944
61.9067 5.27778
61.9064 5.12556
61.9742 5.14944
62.0216 5.40111
62.0858 5.22806
62.1289 5.125
62.153 5.07361
62.1866 5.08639
62.2016 5.19389
62.125 5.28111
62.0839 5.40028
62.008 5.47333
62.0739 5.52889
62.0725 5.56556
62.1047 5.4225
62.128 5.38444
62.1758 5.415
62.1842 5.48361
62.1372 5.67278
62.1703 5.67278
62.1983 5.85861
62.1722 5.92111
62.1136 5.92
62.0414 5.84972
62.0353 5.87861
62.1383 5.965
62.095 6.04639
62.0586 6.365
62.1014 6.09861
62.1989 5.92528
62.2205 5.92306
62.2175 5.99083
62.2564 5.95167
62.3067 6.05167
62.3658 6.32389
62.1294 6.58833
62.1672 6.57222
62.305 6.41806
62.3636 6.38611
62.3872 6.41111
62.395 6.50889
62.3542 6.56778
62.4097 6.55361
62.4415 6.69658
62.4114 6.88306
62.2542 7.00056
62.177 6.98943
62.1405 6.9425
62.0883 6.97833
62.1025 7.17667
62.0983 7.01083
62.1197 6.96778
62.2722 7.03722
62.2725 7.32639
62.31 6.97528
62.3617 6.92357
62.3858 6.95417
62.4572 6.79972
62.4189 6.38056
62.4522 6.29333
62.4914 6.67556
62.515 6.62167
62.5211 6.26361
62.5747 6.24694
62.6072 6.32555
62.6083 6.56556
62.5608 6.61222
62.6172 6.62222
62.6511 6.76917
62.5778 6.92444
62.6472 6.91278
62.6433 7.09555
62.6105 7.03694
62.6086 7.09972
62.5278 7.12889
62.6275 7.16083
62.54 7.51528
62.4991 7.53917
62.5778 7.76555
62.5661 7.47444
62.5955 7.41889
62.6275 7.41472
62.6328 7.48889
62.6058 7.50306
62.6603 7.50667
62.6992 7.63028
62.7319 7.90528
62.6975 8.115
62.7069 8.13917
62.7475 8.04667
62.7747 8.06333
62.6836 7.44556
62.7139 7.40805
62.7261 7.36778
62.783 7.64055
62.7953 7.62583
62.7514 7.385
62.7256 6.95028
62.7994 6.97528
62.8242 7.09972
62.8386 7.00333
62.9158 6.88194
62.9869 7.09833
63.0019 7.29806
62.9128 7.44861
62.9175 7.52083
62.9692 7.64889
62.9758 7.76083
62.9605 7.78417
62.9394 7.73972
62.9083 7.67694
62.9733 7.97778
62.9425 8.08194
62.8022 8.17555
62.6725 8.57
62.7166 8.5525
62.845 8.17861
62.8908 8.17167
62.9075 8.20805
63.0267 7.97028
62.9947 7.90083
63.0105 7.87917
63.1083 8.06361
63.0919 8.11722
63.0358 8.13805
62.9614 8.33917
62.8747 8.3325
62.8414 8.53083
62.8567 8.54139
62.8728 8.50056
62.82 8.69944
62.8506 8.66306
62.8972 8.48222
62.9561 8.42333
62.9664 8.65667
62.9844 8.65389
62.9711 8.37444
62.9953 8.32111
63.0058 8.37167
63.0236 8.465
63.0278 8.22639
63.1203 8.15917
63.13 8.22805
63.0742 8.28361
63.0883 8.32444
63.1455 8.24
63.1375 8.36555
63.1391 8.57083
63.1825 8.63139
63.2091 8.94194
63.2003 8.615
63.2936 8.47778
63.3453 8.76361
63.3903 8.63667
63.4092 8.65278
63.4275 8.83111
63.395 8.88028
63.4347 8.96111
63.465 9.01528
63.3741 9.14611
63.3458 9.1
63.2922 9.09167
63.3642 9.29694
63.403 9.47861
63.3678 9.21417
63.3914 9.16222
63.4319 9.18944
63.4441 9.305
63.4617 9.33222
63.4961 9.2575
63.4578 9.29111
63.4528 9.21556
63.4792 9.15
63.4994 9.16361
63.5603 9.38528
63.5214 9.375
63.5086 9.40944
63.5378 9.42361
63.5694 9.535
63.5389 9.57166
63.6061 9.53889
63.6364 9.72055
63.4303 9.96167
63.393 9.94333
63.348 9.88472
63.3203 9.84555
63.3214 10.255
63.2775 10.2747
63.3372 10.2575
63.3528 10.1019
63.3875 10.0411
63.4197 10.0644
63.4455 10.1578
63.4525 10.4714
63.4167 10.8044
63.4611 10.9147
63.4803 10.7817
63.5319 10.7769
63.5611 10.9144
63.5539 10.6661
63.7039 10.9842
63.6989 11.0844
63.7678 11.2536
63.7872 11.4558
63.8044 11.4625
63.8461 11.4153
63.8436 11.115
63.8891 11.0967
63.9608 11.2647
63.9783 11.4358
64.0194 11.4928
64.0289 11.2544
64.0602 11.2458
64.1064 11.3569
64.1164 11.3058
64.008 11.1803
63.8253 10.6219
63.8028 10.5892
63.8942 10.9042
180.0 180.0
9.13038e-315 8.06315e-321
