CIC_MPM_VERS = 1.0
COMMENT Generated by Spacebel CCSDS library
CREATION_DATE = 2017-02-24T16:25:04.391718
ORIGINATOR = SVG² Control

META_START

USER_DEFINED_PROTOCOL = NONE
USER_DEFINED_CONTENT = REGION OF INTEREST
USER_DEFINED_SIZE = 2
USER_DEFINED_TYPE = REAL
USER_DEFINED_UNIT = [deg]

META_STOP

20.1683 58.655
20.235 58.6347
20.3456 58.6394
20.4336 58.7111
20.4305 58.7505
20.6925 58.9019
20.5169 58.9522
20.3708 58.8061
20.2181 58.728
20.1683 58.655
180.0 180.0
22.2886 55.694
23.7962 55.694
24.2061 56.0246
25.0392 56.0246
24.9644 56.3758
24.5183 56.5947
24.1406 56.9075
23.9703 57.1172
23.8869 57.3242
23.7181 57.8872
23.7172 58.1003
23.6167 58.3339
23.6225 58.4558
23.6569 58.5008
23.6331 58.6094
23.5783 58.6355
23.5278 58.7733
23.4244 58.7997
23.37 58.8608
23.1186 59.0328
22.93 59.2425
22.7956 59.2953
22.5942 59.5078
22.5667 59.5244
22.56 59.6655
22.5005 59.7228
22.4942 59.7639
22.5353 59.7467
22.5358 59.805
22.4792 59.8361
22.355 59.835
22.1883 59.7839
22.0169 59.6755
21.8889 59.5955
21.4417 59.3461
21.3519 59.16
21.1153 58.8983
20.9275 58.7928
20.8244 58.6769
20.7586 58.67
20.7606 58.7083
20.65 58.5944
20.4603 58.5308
20.3911 58.4764
20.3664 58.2744
20.415 58.1978
20.4586 58.2128
20.4292 58.2383
20.6011 58.258
20.6103 58.2058
20.4078 57.9608
20.3222 57.9636
20.2594 57.8555
20.1822 57.8211
20.1383 57.845
20.0027 57.8148
19.7055 57.6878
19.3906 57.7739
19.2764 57.7444
19.0194 57.8416
18.9819 57.8133
18.9142 57.2472
18.7883 56.8844
18.5739 56.6419
18.128 56.555
18.0803 56.4614
17.9342 56.3533
17.9539 56.1983
17.8869 55.6278
17.8217 55.4303
17.6831 55.3653
17.61 55.2628
17.4753 55.2289
17.4428 55.2853
17.3758 55.3031
17.1736 55.2042
17.0367 55.0653
16.9456 54.7958
17.025 54.6511
17.0114 54.0855
16.9033 53.9714
16.8847 53.8222
16.7753 53.6547
16.7486 53.5533
16.6769 53.1714
16.6439 53.0783
17.0803 52.7103
17.3369 52.7464
17.5322 52.6117
18.5453 51.9041
18.9989 51.9991
20.1262 53.9911
21.2306 56.0114
22.2886 56.0114
22.2886 55.694
180.0 180.0
9.13038e-315 8.3003e-321
