CIC_MPM_VERS = 1.0
COMMENT Generated by Spacebel CCSDS library
CREATION_DATE = 2017-02-24T16:25:04.475719
ORIGINATOR = SVG² Control

META_START

USER_DEFINED_PROTOCOL = NONE
USER_DEFINED_CONTENT = REGION OF INTEREST
USER_DEFINED_SIZE = 2
USER_DEFINED_TYPE = REAL
USER_DEFINED_UNIT = [deg]

META_STOP

37.0265 74.5677
37.0628 74.6908
37.0111 74.8389
36.9117 74.8952
36.9661 74.9277
37.0014 75.1313
36.9175 75.3925
36.7478 75.4311
36.7255 75.4727
36.7708 75.5541
36.7428 75.7239
36.6286 75.8989
36.4586 76.005
36.1775 76.0044
36.1191 75.92
36.0314 75.9514
36.0017 76.0078
36.0005 76.0905
35.9728 76.1275
35.828 76.1578
35.8133 76.2222
35.8736 76.5258
35.9128 76.5641
35.8919 76.5847
35.7608 76.5883
35.5955 76.92
35.4841 77.5211
35.4611 77.7011
35.4808 77.8314
35.4048 77.7555
35.3122 77.5276
35.2173 77.2381
35.0939 77.0411
35.04 77.0652
34.9825 77.0239
34.9405 76.9641
34.6814 76.9169
34.6589 76.87
34.6722 76.8014
34.7386 76.7386
34.77 76.4703
34.7003 76.2936
34.6094 76.2291
34.5853 76.1605
34.6294 76.0466
34.608 75.9375
34.5072 75.8055
34.553 75.4
34.6241 75.2005
34.6964 74.6794
34.7819 74.3891
34.7547 74.2475
34.6614 73.9577
34.5936 73.9461
34.3986 73.7991
34.3533 73.8061
34.3158 73.8547
34.3061 73.9683
34.2083 74.0211
34.1755 74.0141
34.1322 73.9264
34.09 73.9078
34.0211 73.9558
34.0191 74.2444
33.9644 74.2947
33.9011 74.2575
33.8483 74.17
33.8344 74.0558
33.7556 73.9947
33.6878 73.985
33.6389 74.0147
33.5539 74.1625
33.5105 74.1825
33.3433 74.1258
33.2764 74.0241
33.2105 74.0119
33.1644 74.0383
33.0005 74.3341
32.8694 74.3639
32.8153 74.333
32.7758 74.3597
32.7589 74.5986
32.7805 74.6464
32.8361 74.6669
32.8389 74.7133
32.5933 74.6536
32.5011 74.6875
32.465 74.7444
32.4803 75.0375
32.305 75.3575
32.2756 75.3822
32.1725 75.3278
32.0708 75.108
32.0989 75.0375
32.0319 74.9628
32.0197 74.8141
31.9439 74.7847
31.8719 74.6202
31.8167 74.538
31.7247 74.5161
31.598 74.5884
31.4817 74.6391
31.1944 74.5308
31.1422 74.5375
31.0992 74.6725
31.0589 74.663
31.0253 74.6289
31.0642 74.5686
30.7011 74.2166
30.3986 73.9066
30.3647 73.8561
30.3142 73.9344
30.195 73.9719
30.0706 73.7989
30.0203 73.5886
29.9428 73.3975
29.5617 73.2697
29.0358 72.9483
28.785 72.3897
28.68 72.2922
28.4025 72.2066
28.2158 71.9922
28.1175 71.918
27.9619 71.8969
27.8761 71.6269
27.8486 71.2397
27.7122 70.8944
27.7097 70.7944
27.7314 70.7377
27.99 70.5986
28.0392 70.5144
28.0233 70.3758
27.8289 70.128
27.7361 70.0839
27.6 70.0375
27.2389 69.6566
27.1783 69.5833
26.8755 69.4966
26.8117 69.485
26.7503 69.5089
26.5942 69.8008
26.5947 70.085
26.5564 70.1683
26.5108 70.1894
26.2444 70.1739
25.9933 70.0861
25.8347 70.1825
25.7128 70.2722
25.6756 70.3791
25.715 70.6183
25.7019 70.6628
25.5111 70.6797
25.4169 70.6744
25.2381 70.7914
25.1725 70.8686
24.7222 71.0605
24.6863 71.0871
24.6444 70.9997
24.5964 70.9769
24.458 71.0061
24.4333 71.1058
24.4089 71.0986
24.3692 70.9416
24.3103 70.8627
24.2744 70.8858
24.2383 70.785
24.2436 70.6441
24.2872 70.5797
24.4222 70.5933
24.4319 70.5455
24.3678 70.3811
24.3085 70.1209
24.1972 70.0711
24.1728 70.0278
24.1944 69.6965
24.2814 69.5986
24.2883 69.4222
24.2699 69.2286
24.2581 69.1894
24.2972 69.0803
24.2578 68.9944
24.3256 68.9269
24.2894 68.8866
24.2419 68.8705
24.2703 68.838
24.3328 68.8247
24.3236 68.7578
24.3164 68.7452
23.97 68.7472
23.9739 68.3619
23.9147 68.3305
23.9444 68.2905
23.7733 68.1961
23.7569 68.1822
23.688 68.1508
23.723 68.0503
23.7672 68.0758
23.8789 68.05
23.9169 68.0658
23.9361 68.0103
23.8233 68.05
23.7653 68.018
23.8333 67.923
23.8522 67.8652
23.91 67.8572
23.8106 67.838
23.8006 67.7452
23.7894 67.7091
23.8111 67.6253
23.9278 67.6475
23.8464 67.6205
23.8819 67.4847
23.9244 67.5014
23.975 67.5005
23.9786 67.4586
23.9978 67.4575
24.0625 67.5319
24.0625 67.378
24.0897 67.338
24.3569 67.2789
24.4136 67.2572
24.5853 67.1814
24.5892 67.2516
24.6155 67.1505
24.6653 67.1594
24.7303 67.2528
24.7608 67.2397
24.855 66.8528
24.8292 66.6455
24.9339 66.6741
25.1669 66.7397
25.2286 66.7164
25.35 66.5566
25.3783 66.5475
25.3825 66.5869
25.4214 66.588
25.5089 66.5102
25.5933 66.438
25.6067 66.2608
25.495 66.1133
25.4692 66.113
25.5547 66.3333
25.4803 66.49
25.4517 66.4597
25.435 66.49
25.3981 66.4966
25.4686 66.3022
25.4461 66.0847
25.3425 65.6614
25.3864 65.3372
25.2894 65.1516
25.3122 65.0536
25.3139 64.7286
25.2778 64.678
25.2183 64.6608
25.1775 64.7058
25.173 64.6022
25.2086 64.6311
25.2456 64.6144
25.2708 64.5286
25.2311 64.435
25.2772 64.3669
25.3286 64.0916
25.4014 64.0814
25.4292 64.0914
25.4286 64.1205
25.4517 64.1505
25.4508 64.0347
25.4119 63.9767
25.4094 64.0536
25.3639 64.0755
25.3372 64.0555
25.3736 63.8041
25.3789 63.6564
25.2803 63.47
25.2083 63.5211
25.2186 63.3067
25.2583 62.6861
25.2042 62.4169
25.1553 62.3436
25.1278 62.3364
25.0986 62.3872
25.0919 62.333
25.1097 62.2794
25.1664 62.3189
25.2019 62.2905
25.2206 62.2108
25.1903 62.0839
25.1581 62.07
25.1017 62.1044
25.12 61.9589
25.1067 61.8966
25.0697 61.8672
25.0325 61.7578
25.0581 61.7242
25.1114 61.7594
25.1925 61.7764
25.1933 61.611
25.3061 61.6469
25.795 61.6864
25.8097 61.7694
26.1794 61.8328
26.2347 61.858
26.3183 62.1236
26.3808 62.1358
26.3541 62.2767
26.4294 62.2733
26.5425 62.3714
26.58 62.6136
26.6497 62.7725
26.6353 63.1403
26.6339 63.1811
26.8422 63.2064
26.8811 63.2869
27.0186 63.2542
27.1219 63.2786
27.1225 63.3419
27.1694 63.3178
27.2678 63.198
27.215 62.9197
27.2719 62.7647
27.4744 62.8397
27.7603 62.8219
28.0003 62.7578
28.2669 62.7814
28.2336 62.5925
28.4217 62.3947
28.5005 62.0397
28.7853 61.6514
28.9849 61.5476
29.0886 61.5111
29.1644 61.42
29.3883 61.3553
29.8624 60.8669
29.8261 60.9939
29.6158 61.7436
29.4061 62.4844
29.4339 62.7869
29.5039 63.5872
29.3942 64.1313
29.4875 64.193
29.5239 64.2739
29.5864 64.6955
29.5411 65.0341
29.6406 65.4175
29.8519 66.2566
29.9661 66.3614
30.0714 66.2383
30.1142 66.2597
30.4506 66.3503
30.5753 66.2819
30.9461 66.405
30.9778 66.5664
31.0861 66.6841
31.2122 66.723
31.2961 66.8916
31.3186 67.0369
31.2978 67.0516
31.2544 67.0347
31.2392 67.0697
31.2225 67.2564
31.2136 67.288
31.3411 67.7919
31.3825 67.7997
31.4111 67.7669
31.41 67.6464
31.5336 67.5811
31.5308 67.738
31.64 67.8875
31.6358 67.9805
31.833 68.1661
31.8156 68.2216
31.7267 68.5378
31.7653 68.5716
31.7728 68.4477
31.7947 68.4441
31.8292 68.5475
31.7789 68.7125
31.6994 68.7319
31.6039 68.833
31.6455 69.0297
31.9439 69.3339
32.0691 69.2875
32.2178 69.283
32.4439 69.248
32.5264 69.2875
32.5878 69.3978
32.6822 69.4569
32.7739 69.395
32.8739 69.5153
33.0086 69.4925
33.0819 69.5611
33.1269 69.7914
33.09 69.8811
33.1394 70.0336
33.205 70.0677
33.2025 70.145
33.3319 70.3269
33.3961 70.3061
33.4858 70.1977
33.6408 70.1966
33.7355 70.1327
33.753 69.9855
33.8819 69.9075
34.0311 69.9028
33.943 70.4913
33.9736 70.9005
34.0133 70.9055
34.0089 70.9811
34.1661 71.1355
34.3614 71.1533
34.3941 71.073
34.5108 70.978
34.5586 70.9958
34.5681 71.095
34.6767 71.0958
34.7444 71.2255
34.8869 71.3139
34.9594 71.4961
35.0947 71.5433
35.1314 71.618
35.2075 71.6591
35.2892 71.5536
35.3283 71.5491
35.4369 71.6472
35.4819 71.6069
35.5619 71.6139
35.6267 71.5086
35.7111 71.5452
35.9461 71.3805
35.9686 71.2911
36.0472 71.188
36.133 71.2486
36.3358 71.5827
36.3725 71.563
36.468 71.6466
36.4075 71.753
36.4167 71.8177
36.4919 71.7958
36.5894 72.0747
36.6289 72.0733
36.6572 72.1916
36.7147 72.1816
36.7719 72.4925
36.8739 73.113
36.9011 73.7797
36.8378 73.963
36.8217 74.0622
36.9067 74.1589
36.8994 74.2519
36.9589 74.3369
37.0111 74.4822
36.9653 74.558
37.0265 74.5677
