CIC_MPM_VERS = 1.0
COMMENT Generated by Spacebel CCSDS library
CREATION_DATE = 2017-02-24T16:25:04.495718
ORIGINATOR = SVG² Control

META_START

USER_DEFINED_PROTOCOL = NONE
USER_DEFINED_CONTENT = REGION OF INTEREST
USER_DEFINED_SIZE = 2
USER_DEFINED_TYPE = REAL
USER_DEFINED_UNIT = [deg]

META_STOP

7.31778 -81.6306
7.41694 -81.8278
7.51111 -81.8842
7.63995 -81.7385
7.52667 -81.6703
7.41555 -81.6925
7.38389 -81.6361
7.33444 -81.5897
7.31778 -81.6306
180.0 180.0
9.49819 -82.8332
9.55633 -82.8753
9.60833 -82.8433
9.55889 -82.7275
9.48972 -82.6155
9.56979 -82.5652
9.41111 -82.377
9.42389 -82.34
9.33944 -82.3822
9.2975 -82.3417
9.26889 -82.3925
9.19722 -82.3397
9.19194 -82.2808
9.17861 -82.2495
9.19444 -82.1728
9.14889 -82.1708
9.17028 -82.2453
9.10611 -82.2753
9.08305 -82.2397
9.01055 -82.2586
8.93139 -82.0575
8.95417 -81.8497
8.92583 -81.7881
8.96 -81.7672
8.99444 -81.7731
9.12166 -81.9325
9.13389 -81.862
9.12 -81.82
9.05389 -81.82
9.02083 -81.7156
8.83722 -81.567
8.78528 -81.4283
8.78778 -81.1564
8.86194 -80.9053
8.90389 -80.8053
9.03639 -80.645
9.13278 -80.4083
9.19694 -80.1484
9.27464 -80.0384
9.35305 -79.9681
9.3575 -79.9433
9.30305 -79.9406
9.32803 -79.9093
9.335 -79.9006
9.37415 -79.828
9.4825 -79.6986
9.59778 -79.6053
9.62028 -79.5333
9.56778 -79.4711
9.54944 -79.2772
9.53833 -79.1236
9.53361 -78.9794
9.49833 -79.0633
9.43166 -79.0592
9.42222 -78.8397
9.41139 -78.6139
9.40694 -78.4789
9.29611 -78.2686
9.22083 -78.0272
9.05972 -77.8656
9.105 -77.8658
8.92778 -77.7347
8.82333 -77.625
8.76027 -77.532
8.70333 -77.5314
8.66083 -77.4458
8.67617 -77.3661
8.47972 -77.4786
8.47055 -77.4203
8.39639 -77.3739
8.28694 -77.3639
8.10222 -77.2217
7.94583 -77.1467
7.90778 -77.2919
7.78611 -77.3719
7.72083 -77.325
7.62278 -77.4386
7.52528 -77.5739
7.54944 -77.6064
7.67777 -77.6622
7.72416 -77.7353
7.71 -77.755
7.62555 -77.7586
7.54805 -77.7206
7.4875 -77.745
7.48 -77.8111
7.22772 -77.8891
7.33111 -78.0089
7.43472 -78.0783
7.51 -78.1722
7.64611 -78.235
7.68361 -78.2872
7.73528 -78.275
7.94417 -78.4008
8.05194 -78.4331
8.09778 -78.4131
8.05861 -78.3319
8.10028 -78.2592
8.15583 -78.235
8.2775 -78.2714
8.26444 -78.2125
8.40166 -78.1439
8.23222 -77.985
8.20972 -77.8617
8.16589 -77.8294
8.12893 -77.7384
8.17727 -77.8209
8.22944 -77.8628
8.31333 -78.0331
8.51722 -78.0917
8.48305 -78.1106
8.41444 -78.0897
8.47 -78.1522
8.37972 -78.2189
8.39222 -78.2536
8.48444 -78.2045
8.53805 -78.2228
8.45055 -78.2592
8.44777 -78.3275
8.43472 -78.37
8.43583 -78.39
8.39778 -78.3597
8.34389 -78.4089
8.52194 -78.4953
8.56944 -78.5292
8.62361 -78.5036
8.66416 -78.6086
8.77028 -78.6145
8.69944 -78.6517
8.85278 -78.7972
8.80389 -78.8172
8.82639 -78.8514
8.90694 -78.8975
8.9775 -79.0736
9.07848 -79.1002
9.08389 -79.1117
9.02446 -79.1031
8.99194 -79.1128
9.01388 -79.3739
8.96333 -79.5192
8.93065 -79.5352
8.885 -79.6036
8.84027 -79.7272
8.7925 -79.7592
8.68555 -79.7489
8.6325 -79.83
8.59222 -79.745
8.46139 -79.9464
8.33278 -80.1542
8.28889 -80.3633
8.21833 -80.4689
8.08167 -80.4817
8.00007 -80.3804
7.95528 -80.3289
7.87305 -80.2892
7.70694 -80.1181
7.52167 -79.9911
7.46861 -80.0003
7.41222 -80.1622
7.40694 -80.305
7.38194 -80.3581
7.28528 -80.3961
7.25111 -80.4703
7.21611 -80.7378
7.20583 -80.8736
7.28694 -80.9172
7.33861 -80.885
7.5475 -80.9456
7.66389 -81.0453
7.68389 -81.002
7.765 -81.0845
7.80361 -81.0736
7.89111 -81.0514
7.84 -81.0936
7.86889 -81.2047
7.79805 -81.1711
7.74611 -81.1772
7.71555 -81.2414
7.65722 -81.1933
7.61194 -81.2125
7.6775 -81.432
7.7075 -81.5286
7.74416 -81.4906
7.75583 -81.5381
7.79222 -81.5878
7.88111 -81.5939
7.95944 -81.6444
8.06666 -81.6861
8.18861 -81.7431
8.12389 -81.7706
8.18055 -81.9431
8.21277 -82.0758
8.20222 -82.1236
8.2125 -82.2122
8.32638 -82.2103
8.29222 -82.2497
8.32972 -82.3378
8.28472 -82.4061
8.35055 -82.4325
8.27972 -82.4542
8.295 -82.5795
8.31722 -82.7147
8.24444 -82.86
8.11222 -82.8686
8.02278 -82.8642
8.02671 -82.8967
8.25472 -82.9308
8.27472 -82.9667
8.33694 -83.0317
8.47388 -82.8306
8.57583 -82.827
8.74527 -82.9153
8.78472 -82.885
8.88722 -82.7486
8.94027 -82.7192
9.04583 -82.8558
9.06207 -82.9295
9.39833 -82.9342
9.47166 -82.9347
9.49819 -82.8332
180.0 180.0
9.13038e-315 8.28054e-321
