CIC_MPM_VERS = 1.0
COMMENT Generated by Spacebel CCSDS library
CREATION_DATE = 2017-02-24T16:25:04.646219
ORIGINATOR = SVG² Control

META_START

USER_DEFINED_PROTOCOL = NONE
USER_DEFINED_CONTENT = REGION OF INTEREST
USER_DEFINED_SIZE = 2
USER_DEFINED_TYPE = REAL
USER_DEFINED_UNIT = [deg]

META_STOP

-9.52667 150.334
-9.50167 150.249
-9.45917 150.244
-9.40028 150.144
-9.33694 150.103
-9.26306 150.123
-9.21389 150.238
-9.29695 150.336
-9.38945 150.377
-9.46723 150.334
-9.4875 150.363
-9.52667 150.334
180.0 180.0
-9.71806 150.847
-9.6625 150.854
-9.63889 150.439
-9.61472 150.429
-9.56667 150.515
-9.52417 150.51
-9.445 150.43
-9.36389 150.434
-9.34167 150.501
-9.44028 150.671
-9.40445 150.76
-9.52083 150.886
-9.61333 150.9
-9.64778 150.932
-9.71806 150.847
180.0 180.0
-10.2011 151.229
-10.1183 151.041
-10.1081 150.954
-10.0292 150.945
-10.0042 150.991
-9.955 150.946
-10.0003 150.925
-9.9625 150.882
-9.85306 150.854
-9.8025 150.759
-9.71195 150.772
-9.94472 151.054
-9.98 151.029
-10.0447 151.111
-10.0325 151.147
-9.99084 151.135
-9.93139 151.228
-9.92334 151.281
-10.0225 151.285
-10.2011 151.229
180.0 180.0
-2.23667 146.568
-2.15472 146.52
-2.11556 146.539
-2.11556 146.611
-2.09833 146.62
-2.01972 146.576
-2.01278 146.606
-1.97167 146.707
-1.98695 146.772
-1.95056 146.845
-2.03139 147.322
-2.05056 147.418
-2.00583 147.419
-1.96083 147.392
-2.00944 147.446
-2.06556 147.438
-2.06778 147.286
-2.15667 147.249
-2.19167 147.202
-2.16889 146.798
-2.11417 146.71
-2.17639 146.726
-2.23667 146.568
180.0 180.0
-2.68667 150.368
-2.67972 150.219
-2.63056 150.118
-2.52306 150.056
-2.46556 149.954
-2.43528 150.053
-2.37583 150.195
-2.47583 150.443
-2.64833 150.46
-2.68667 150.368
180.0 180.0
-6.32361 150.018
-6.27472 149.984
-6.29583 149.825
-6.30806 149.635
-6.07722 149.391
-6.05722 149.312
-6.14861 149.071
-6.09278 149.072
-6.01222 148.977
-5.99444 148.863
-5.92722 148.851
-5.81472 148.627
-5.84 148.551
-5.75528 148.364
-5.675 148.322
-5.54 148.342
-5.48806 148.36
-5.45111 148.429
-5.54806 148.563
-5.49222 148.721
-5.54667 148.842
-5.47361 148.962
-5.57195 149.21
-5.60611 149.221
-5.51528 149.671
-5.57111 149.722
-5.52 149.835
-5.53639 149.875
-5.4375 149.979
-5.35222 149.918
-5.12778 150.024
-5.0575 150.016
-5.00778 150.089
-5.03889 150.182
-5.07056 150.205
-5.15167 150.072
-5.36389 150.062
-5.51722 150.123
-5.5575 150.179
-5.57056 150.291
-5.45861 150.412
-5.475 150.569
-5.55611 150.624
-5.51111 150.746
-5.45306 150.789
-5.49278 150.902
-5.42445 151
-5.17695 151.071
-4.97139 151.306
-4.90806 151.371
-4.9475 151.482
-4.93806 151.579
-4.97084 151.609
-4.92028 151.668
-4.82667 151.697
-4.78306 151.666
-4.50639 151.631
-4.23917 151.501
-4.18861 151.53
-4.22472 151.842
-4.31222 151.891
-4.33695 151.975
-4.27695 152.029
-4.20861 151.997
-4.14639 152.181
-4.20722 152.235
-4.24667 152.241
-4.21528 152.182
-4.28222 152.171
-4.31445 152.191
-4.33361 152.417
-4.51334 152.352
-4.61083 152.402
-4.78306 152.389
-4.98445 152.241
-4.98917 152.061
-4.97361 151.985
-5.13528 151.969
-5.30778 152.13
-5.36389 152.148
-5.45722 152.096
-5.59722 151.842
-5.58556 151.779
-5.54111 151.749
-5.535 151.664
-5.58083 151.614
-5.52972 151.497
-5.53583 151.459
-5.59167 151.444
-5.63806 151.525
-5.67611 151.523
-5.73889 151.411
-5.84 151.356
-5.90944 151.222
-5.96528 151.192
-5.98722 151.087
-6.04306 151.034
-6.02583 150.972
-6.01444 150.821
-6.135 150.778
-6.22833 150.521
-6.29306 150.406
-6.2625 150.051
-6.32361 150.018
180.0 180.0
-11.6203 153.629
-11.5936 153.482
-11.5531 153.471
-11.5672 153.376
-11.5008 153.388
-11.4606 153.272
-11.3233 153.204
-11.515 153.652
-11.5975 153.776
-11.6203 153.629
180.0 180.0
-5.45056 147.129
-5.355 147.01
-5.25278 147.009
-5.19389 147.131
-5.355 147.239
-5.42944 147.225
-5.45056 147.129
180.0 180.0
-5.85556 147.997
-5.77583 147.896
-5.62222 147.77
-5.52222 147.762
-5.49222 147.848
-5.59861 148.041
-5.65445 148.079
-5.82083 148.037
-5.85556 147.997
180.0 180.0
-4.84111 152.909
-4.67306 152.744
-4.46334 152.664
-4.315 152.702
-4.05611 152.629
-3.74694 152.397
-3.53833 152.23
-3.47611 152.077
-3.42639 151.911
-3.24028 151.674
-3.1375 151.52
-2.87417 151.13
-2.77083 150.935
-2.77222 150.76
-2.74056 150.73
-2.71528 150.752
-2.71111 150.887
-2.64056 150.881
-2.61667 150.793
-2.56389 150.821
-2.77695 151.131
-2.79806 151.188
-2.86306 151.201
-2.89806 151.419
-3.16556 151.787
-3.20806 151.895
-3.24778 152.056
-3.33611 152.116
-3.45444 152.204
-3.62528 152.407
-3.6725 152.435
-3.64861 152.493
-3.75111 152.555
-3.82167 152.574
-3.90028 152.77
-3.86945 152.82
-3.98361 152.867
-4.07584 152.99
-4.25556 153.129
-4.39083 153.131
-4.48528 153.04
-4.58917 153.079
-4.84111 152.909
180.0 180.0
-9.23473 152.84
-9.16639 152.747
-9.21972 152.742
-9.17723 152.691
-9.14667 152.719
-9.025 152.581
-9.025 152.5
-8.97695 152.56
-8.96945 152.805
-9.11778 153.018
-9.17306 152.997
-9.14806 152.95
-9.19084 152.956
-9.23473 152.84
180.0 180.0
-6.33309 141.006
-5.955 141.006
-5.28667 141.006
-4.6175 141.006
-3.94778 141.006
-3.27778 141.006
-2.60778 141.007
-2.60917 141.131
-2.79667 141.572
-2.97195 141.895
-2.955 141.998
-3.01778 142.077
-3.05556 142.062
-3.20861 142.52
-3.35861 143.023
-3.41195 143.443
-3.51111 143.596
-3.57611 143.683
-3.555 143.713
-3.60139 143.727
-3.73333 143.949
-3.80722 144.011
-3.83945 144.209
-3.87278 144.243
-3.80583 144.279
-3.82083 144.512
-3.88111 144.552
-3.95361 144.544
-4.00611 144.591
-4.07722 144.818
-4.11361 144.876
-4.14417 144.851
-4.39583 145.185
-4.37667 145.299
-4.49417 145.451
-4.77695 145.694
-4.83556 145.797
-5.2225 145.797
-5.30528 145.739
-5.42528 145.724
-5.4825 145.762
-5.53583 146.163
-5.58889 146.289
-5.58695 146.368
-5.79639 146.78
-5.84611 146.817
-5.82556 146.875
-5.96611 147.103
-5.97083 147.467
-6.18139 147.674
-6.26917 147.716
-6.33722 147.826
-6.58028 147.859
-6.66611 147.868
-6.71583 147.815
-6.74778 147.288
-6.71445 147.089
-6.74718 146.961
-6.95389 146.945
-7.04445 147.037
-7.08389 147.07
-7.14167 147.063
-7.19528 147.125
-7.48556 147.209
-7.52583 147.352
-7.75195 147.588
-7.80083 147.645
-7.82583 147.693
-7.92167 147.71
-7.93722 147.787
-7.98528 147.958
-8.05861 147.992
-8.0425 148.136
-8.52778 148.222
-8.60639 148.293
-8.67222 148.439
-8.86667 148.494
-9.05472 148.577
-9.10083 148.69
-9.07583 148.874
-9.0425 148.95
-9.04111 149.067
-8.9775 149.136
-9.01139 149.176
-9.01695 149.31
-9.10222 149.323
-9.16778 149.316
-9.22111 149.242
-9.31667 149.224
-9.34917 149.182
-9.4525 149.208
-9.51 149.267
-9.55305 149.405
-9.60306 149.52
-9.63139 150.009
-9.71 150.057
-9.76945 149.927
-9.79028 149.77
-9.82667 149.717
-9.90167 149.762
-9.9875 149.857
-10.0489 149.914
-10.0833 150.071
-10.1364 150.249
-10.1978 150.348
-10.2511 150.597
-10.2808 150.635
-10.2228 150.863
-10.2464 150.852
-10.3495 150.642
-10.3003 150.416
-10.3314 150.358
-10.3875 150.347
-10.4756 150.649
-10.555 150.692
-10.6197 150.573
-10.6589 150.444
-10.6872 150.37
-10.6575 150.349
-10.7006 150.21
-10.6486 150.184
-10.6225 150.019
-10.5894 150.028
-10.5503 149.853
-10.5033 149.932
-10.51 150.023
-10.4628 150.079
-10.4297 149.957
-10.4878 149.926
-10.405 149.879
-10.3442 149.753
-10.3281 149.42
-10.2828 149.372
-10.3106 149.327
-10.2411 149.062
-10.2889 148.961
-10.2425 148.877
-10.2047 148.73
-10.1528 148.764
-10.1081 148.682
-10.1831 148.646
-10.2011 148.397
-10.075 148.161
-10.1297 148.103
-10.1661 147.973
-10.0514 147.801
-10.1008 147.717
-10.0231 147.702
-9.87861 147.51
-9.73973 147.467
-9.51 147.258
-9.51861 147.178
-9.44972 147.1
-9.49111 147.099
-9.39834 147.008
-9.29278 146.978
-9.24611 146.9
-9.13722 146.889
-9.07445 146.977
-9.02917 146.972
-9.11222 146.896
-9.00195 146.591
-8.9025 146.546
-8.8075 146.567
-8.56778 146.362
-8.36679 146.266
-8.21945 146.151
-8.17611 146.099
-8.09111 146.105
-8.0125 145.807
-7.94667 145.777
-7.92306 145.744
-7.96778 145.718
-7.94806 145.433
-7.86111 145.309
-7.86722 145.239
-7.81417 145.185
-7.84611 145.155
-7.7825 144.88
-7.72333 144.86
-7.59833 144.864
-7.68806 144.824
-7.64056 144.719
-7.5725 144.66
-7.60861 144.649
-7.65278 144.654
-7.6575 144.588
-7.50389 144.525
-7.55083 144.514
-7.66278 144.535
-7.67389 144.509
-7.52583 144.419
-7.59639 144.423
-7.79472 144.479
-7.72056 144.418
-7.75583 144.396
-7.745 144.359
-7.62083 144.319
-7.63778 144.307
-7.68611 144.334
-7.68333 144.301
-7.63972 144.277
-7.66028 144.23
-7.68056 144.264
-7.77361 144.272
-7.77889 144.142
-7.6575 143.856
-7.44334 143.645
-7.4775 143.652
-7.61389 143.772
-7.96167 143.954
-7.98945 143.955
-7.97167 143.899
-7.93528 143.814
-7.99972 143.907
-8.03695 143.894
-8.04111 143.755
-7.98889 143.643
-7.99611 143.502
-7.91056 143.44
-7.89972 143.363
-7.91694 143.361
-7.93056 143.429
-8.00028 143.461
-8.03361 143.548
-8.19833 143.63
-8.23695 143.626
-8.31083 143.07
-8.34417 142.98
-8.26833 142.716
-8.29667 142.575
-8.33667 142.506
-8.32722 142.428
-8.18972 142.384
-8.17334 142.222
-8.23028 142.135
-8.21611 142.191
-8.18696 142.314
-8.2025 142.359
-8.31917 142.382
-8.37139 142.439
-8.37806 142.493
-8.31167 142.63
-8.33195 142.772
-8.42362 142.906
-8.46361 143.097
-8.68778 143.328
-8.77028 143.393
-8.96195 143.407
-9.02833 143.332
-9.04473 143.184
-9.27334 142.748
-9.33195 142.65
-9.32806 142.572
-9.21028 142.369
-9.19 141.99
-9.22389 141.886
-9.21972 141.673
-9.22194 141.529
-9.14417 141.388
-9.15278 141.312
-9.23389 141.176
-9.23 141.117
-9.12834 141.008
-8.88889 141.007
-8.22472 141.007
-7.55944 141.006
-6.89342 141.006
-6.85111 140.9
-6.61694 140.85
-6.59667 140.898
-6.43583 140.949
-6.3725 140.951
-6.33309 141.006
180.0 180.0
9.13038e-315 8.22619e-321
