CIC_MPM_VERS = 1.0
COMMENT Generated by Spacebel CCSDS library
CREATION_DATE = 2017-02-24T16:25:04.676719
ORIGINATOR = SVG² Control

META_START

USER_DEFINED_PROTOCOL = NONE
USER_DEFINED_CONTENT = REGION OF INTEREST
USER_DEFINED_SIZE = 2
USER_DEFINED_TYPE = REAL
USER_DEFINED_UNIT = [deg]

META_STOP

-19.645 -61.7428
-19.4592 -60.6136
-19.2967 -59.9908
-19.3481 -59.1019
-19.7825 -58.2325
-19.8281 -58.1517
-20.1689 -58.1582
-20.2011 -58.1197
-20.2367 -58.1619
-20.2803 -58.1428
-20.265 -58.1056
-20.3711 -58.0856
-20.4408 -57.9908
-20.6122 -57.9969
-20.7111 -57.9789
-20.667 -57.9264
-20.7344 -57.8597
-20.7942 -57.9433
-20.8292 -57.8614
-20.8592 -57.8644
-20.9022 -57.9211
-20.9561 -57.8195
-21.2006 -57.8383
-21.2811 -57.9067
-21.3305 -57.8514
-21.5108 -57.9542
-21.6894 -57.8919
-21.8475 -57.9567
-21.8953 -57.9228
-22.0892 -57.9828
-22.1306 -57.8794
-22.0992 -57.6455
-22.1731 -57.6147
-22.1847 -57.5169
-22.2017 -57.3208
-22.2158 -57.1772
-22.2331 -57.0009
-22.2458 -56.8739
-22.285 -56.8758
-22.2983 -56.8342
-22.2531 -56.7808
-22.2145 -56.7011
-22.2628 -56.6378
-22.0827 -56.4863
-22.0669 -56.3964
-22.1011 -56.3839
-22.2758 -56.2003
-22.3006 -55.9217
-22.2833 -55.8597
-22.3953 -55.7455
-22.5394 -55.7308
-22.7086 -55.61
-22.9869 -55.63
-23.22 -55.5272
-23.3192 -55.5505
-23.3789 -55.5028
-23.597 -55.5225
-23.7008 -55.4419
-23.9392 -55.4189
-23.9711 -55.3967
-24.0183 -55.2044
-23.9686 -54.9325
-23.8075 -54.6381
-23.9008 -54.4289
-24.0522 -54.2431
-24.1217 -54.3294
-24.2372 -54.3195
-24.3314 -54.2531
-24.4114 -54.2744
-24.4928 -54.3317
-24.6092 -54.3119
-24.8236 -54.4019
-25.0497 -54.4578
-25.1369 -54.4222
-25.4381 -54.6172
-25.5749 -54.5961
-25.6367 -54.5839
-25.6569 -54.6442
-25.9528 -54.6017
-25.9772 -54.6631
-26.2003 -54.6336
-26.6595 -54.8036
-26.6561 -54.8833
-26.6883 -54.9306
-26.7706 -54.9506
-26.8578 -55.1178
-26.945 -55.1261
-26.9628 -55.1864
-26.9361 -55.2511
-26.9717 -55.3961
-27.0239 -55.4458
-27.0914 -55.4519
-27.1644 -55.5989
-27.302 -55.5817
-27.3464 -55.6036
-27.4345 -55.7854
-27.3339 -55.8881
-27.3036 -56.0425
-27.3122 -56.1486
-27.3961 -56.2747
-27.4614 -56.2711
-27.5842 -56.3611
-27.5861 -56.3922
-27.5508 -56.4528
-27.4642 -56.515
-27.4481 -56.5858
-27.4614 -56.6733
-27.5036 -56.7261
-27.4997 -56.7693
-27.4923 -56.7842
-27.4211 -56.8742
-27.4231 -56.9325
-27.4889 -57.0594
-27.4242 -57.4044
-27.3053 -57.7356
-27.2703 -58.0111
-27.2942 -58.6026
-27.1814 -58.6589
-27.1372 -58.6361
-27.1169 -58.5636
-27.0458 -58.5461
-27.0586 -58.5097
-26.9361 -58.4736
-26.8783 -58.3178
-26.8139 -58.3422
-26.7647 -58.2461
-26.6497 -58.2397
-26.6586 -58.1853
-26.597 -58.1683
-26.5406 -58.2181
-26.4942 -58.2072
-26.4258 -58.2114
-26.3422 -58.1694
-26.2728 -58.1722
-26.2403 -58.1047
-26.2189 -58.1219
-25.9964 -57.8539
-25.9525 -57.9008
-25.7167 -57.75
-25.67 -57.7511
-25.5731 -57.5756
-25.4333 -57.5578
-25.3789 -57.6403
-25.33 -57.6503
-25.0878 -57.8705
-25.0775 -57.9808
-24.9383 -58.2286
-24.9975 -58.3381
-24.8525 -58.4608
-24.8161 -58.6867
-24.7264 -58.8856
-24.5989 -59.1314
-24.3983 -59.4264
-24.2864 -59.6158
-24.2475 -59.6382
-24.0097 -60.0381
-24.0417 -60.1703
-24.0203 -60.3131
-23.8956 -60.6408
-23.8061 -61.015
-23.5978 -61.1242
-23.5553 -61.2247
-23.2858 -61.62
-22.9947 -61.9992
-22.9422 -62.0056
-22.6003 -62.2608
-22.5669 -62.2375
-22.5189 -62.2586
-22.3033 -62.6281
-22.2492 -62.6239
-22.2366 -62.6387
-21.0569 -62.2592
-20.5622 -62.2695
-20.08 -61.9131
-19.645 -61.7428
