CIC_MPM_VERS = 1.0
COMMENT Generated by Spacebel CCSDS library
CREATION_DATE = 2017-02-24T16:25:04.733719
ORIGINATOR = SVG² Control

META_START

USER_DEFINED_PROTOCOL = NONE
USER_DEFINED_CONTENT = REGION OF INTEREST
USER_DEFINED_SIZE = 2
USER_DEFINED_TYPE = REAL
USER_DEFINED_UNIT = [deg]

META_STOP

-15.5122 -69.3686
-15.6181 -69.4222
-16.1564 -69.2147
-16.2186 -69.1506
-16.2155 -69.1008
-16.2075 -68.9703
-16.2155 -68.9588
-16.243 -68.9192
-16.2707 -68.8793
-16.3025 -68.8336
-16.3514 -68.8261
-16.4197 -68.9908
-16.5409 -69.0281
-16.5714 -69.0375
-16.6031 -69.0378
-16.6447 -69.0025
-16.7072 -69.0945
-16.7206 -69.1664
-16.9825 -69.3436
-17.0206 -69.4111
-17.0508 -69.3858
-17.1867 -69.6181
-17.2858 -69.6525
-17.2953 -69.5909
-17.3789 -69.5011
-17.5053 -69.4997
-17.6636 -69.6842
-17.6522 -69.815
-17.7167 -69.8483
-17.947 -69.7692
-18.1286 -69.8417
-18.2561 -69.9658
-18.3289 -70.1783
-18.348 -70.4033
-18.0828 -70.7731
-17.9433 -70.9222
-17.8792 -71.0586
-17.7672 -71.2011
-17.6956 -71.3856
-17.6281 -71.3561
-17.3992 -71.3989
-17.2736 -71.5439
-17.1894 -71.8292
-17.0456 -72.007
-16.9581 -72.1547
-16.7583 -72.3647
-16.6836 -72.5189
-16.6508 -72.7294
-16.4083 -73.1806
-16.4106 -73.2531
-16.335 -73.3203
-16.2531 -73.5514
-16.2314 -73.7042
-16.1211 -73.8811
-15.9531 -74.0575
-15.8275 -74.3986
-15.7208 -74.4836
-15.5928 -74.7611
-15.3694 -75.2025
-15.3203 -75.1572
-15.2606 -75.2614
-15.2311 -75.225
-15.1578 -75.2928
-15.1469 -75.3717
-15.0633 -75.4106
-14.9636 -75.5078
-14.9258 -75.5053
-14.6581 -75.9333
-14.4675 -75.9878
-14.3306 -76.1522
-14.3014 -76.1158
-14.1739 -76.2042
-14.1736 -76.2914
-14.1031 -76.3022
-14.0628 -76.2792
-13.8945 -76.3017
-13.9106 -76.3706
-13.8794 -76.3953
-13.8069 -76.3683
-13.7983 -76.302
-13.8548 -76.2729
-13.632 -76.2011
-13.4275 -76.1925
-13.0461 -76.4925
-12.8486 -76.5264
-12.7806 -76.6128
-12.7111 -76.6453
-12.4942 -76.807
-12.3878 -76.8011
-12.2594 -76.9325
-12.2258 -77.0192
-12.1031 -77.0711
-12.0708 -77.1761
-11.9494 -77.1444
-11.7967 -77.187
-11.5436 -77.2856
-11.2964 -77.6503
-11.2461 -77.6664
-11.2164 -77.64
-11.18 -77.6106
-10.9297 -77.6825
-10.5264 -77.9364
-10.11 -78.1961
-10.0647 -78.1778
-9.95334 -78.245
-9.7925 -78.2461
-9.61361 -78.3789
-9.43417 -78.3981
-9.26056 -78.5395
-9.22695 -78.5097
-9.17472 -78.5156
-9.17389 -78.5556
-9.23306 -78.5878
-9.16111 -78.6261
-9.13945 -78.572
-9.09694 -78.5822
-9.06334 -78.6481
-8.9175 -78.6639
-8.75917 -78.7744
-8.69084 -78.7511
-8.58639 -78.772
-8.42778 -78.9467
-8.37973 -78.9164
-8.25695 -78.9789
-8.09056 -79.1361
-7.99889 -79.2272
-7.84389 -79.3778
-7.2575 -79.6381
-7.17806 -79.7114
-7.11667 -79.715
-6.87556 -79.9445
-6.76445 -79.9828
-6.63917 -80.1239
-6.48917 -80.4247
-6.09917 -81.1822
-5.94834 -81.1908
-5.80222 -81.0897
-5.87028 -80.9772
-5.85222 -80.9264
-5.79056 -80.8889
-5.6425 -80.8728
-5.5025 -80.9231
-5.19278 -81.21
-5.06389 -81.1714
-5.06333 -81.0992
-4.96833 -81.1097
-4.68195 -81.3564
-4.55222 -81.3033
-4.47111 -81.3275
-4.25528 -81.2611
-4.2025 -81.1895
-3.9525 -80.9825
-3.8825 -80.8717
-3.74361 -80.8136
-3.61667 -80.5986
-3.50556 -80.5297
-3.47222 -80.3756
-3.38227 -80.3404
-3.42083 -80.2539
-3.47083 -80.2711
-3.59583 -80.2128
-3.68833 -80.22
-3.88778 -80.1564
-4.01306 -80.3164
-3.97833 -80.4233
-4.00722 -80.4747
-4.17917 -80.4808
-4.22195 -80.4478
-4.19944 -80.3356
-4.39972 -80.4828
-4.43889 -80.4678
-4.47695 -80.3942
-4.28127 -80.1307
-4.38389 -79.9808
-4.39333 -79.8992
-4.4475 -79.8572
-4.48306 -79.7894
-4.43278 -79.65
-4.53306 -79.495
-4.56861 -79.5031
-4.71334 -79.4808
-4.89111 -79.3567
-5.00333 -79.0494
-4.84417 -78.8914
-4.73917 -78.9183
-4.66639 -78.8658
-4.55917 -78.6683
-4.43667 -78.6247
-4.37917 -78.6703
-4.30222 -78.6606
-3.91278 -78.5317
-3.75361 -78.4025
-3.42278 -78.3378
-3.40806 -78.2847
-3.42556 -78.2606
-3.51694 -78.2561
-3.50861 -78.2211
-3.43139 -78.1703
-3.37389 -78.2158
-3.02695 -77.9033
-2.8075 -77.3422
-2.57278 -76.6614
-2.18389 -76.1442
-1.55333 -75.5903
-0.922778 -75.4022
-0.976111 -75.3439
-0.977222 -75.2186
-0.718333 -75.2914
-0.619722 -75.245
-0.523056 -75.2628
-0.466667 -75.3639
-0.226667 -75.4855
-0.176809 -75.6247
-0.108333 -75.6281
-0.153333 -75.36
-0.119124 -75.2852
-0.119722 -75.245
-0.0375 -75.2122
-0.0388889 -75.1508
-0.227222 -74.8761
-0.200556 -74.7867
-0.266389 -74.7308
-0.367778 -74.7067
-0.346667 -74.6639
-0.410278 -74.6383
-0.383611 -74.6078
-0.568056 -74.3761
-0.813334 -74.3092
-0.859167 -74.2389
-0.89 -74.2425
-0.902222 -74.2936
-1.01889 -74.2369
-1.07361 -74.0778
-1.03528 -74.0206
-1.16889 -73.9383
-1.17083 -73.8503
-1.26056 -73.8442
-1.29417 -73.7556
-1.23861 -73.7389
-1.37083 -73.5564
-1.50389 -73.5172
-1.59639 -73.4464
-1.74833 -73.5075
-1.87222 -73.3094
-1.80306 -73.1992
-1.91806 -73.0933
-2.14083 -73.0575
-2.22445 -73.0883
-2.24333 -73.1339
-2.36333 -73.0831
-2.36528 -73.0361
-2.42222 -73.0228
-2.39556 -72.9444
-2.50306 -72.892
-2.48778 -72.8058
-2.43444 -72.7447
-2.475 -72.7167
-2.44056 -72.6925
-2.49417 -72.6461
-2.40778 -72.5958
-2.43444 -72.3544
-2.47972 -72.3367
-2.50639 -72.2089
-2.45833 -72.2089
-2.44056 -72.13
-2.47639 -72.1039
-2.38722 -72.048
-2.35722 -72.0086
-2.38444 -71.8986
-2.1675 -71.7314
-2.14972 -71.6886
-2.22167 -71.6794
-2.23583 -71.515
-2.3525 -71.4606
-2.27695 -71.4303
-2.35306 -71.3578
-2.39139 -71.3556
-2.35306 -71.1139
-2.30306 -71.0939
-2.30028 -70.9883
-2.22361 -70.9714
-2.29611 -70.7586
-2.42083 -70.5997
-2.48111 -70.5878
-2.49472 -70.5408
-2.4325 -70.5522
-2.42639 -70.5272
-2.51111 -70.4205
-2.49555 -70.3075
-2.53167 -70.3
-2.55556 -70.3383
-2.57833 -70.327
-2.55222 -70.2369
-2.69945 -70.1255
-2.66111 -70.0717
-2.7275 -70.0497
-3.77972 -70.7244
-3.8259 -70.6208
-3.86111 -70.5161
-3.78833 -70.3719
-3.86111 -70.2489
-4.22423 -69.9466
-4.30306 -69.9722
-4.33611 -70.0353
-4.25389 -70.1078
-4.27333 -70.1561
-4.32472 -70.1725
-4.32528 -70.2086
-4.13722 -70.3239
-4.13167 -70.4333
-4.18083 -70.5119
-4.13944 -70.5453
-4.19611 -70.5853
-4.11583 -70.62
-4.11861 -70.6522
-4.17417 -70.6844
-4.14694 -70.7658
-4.18778 -70.835
-4.29333 -70.8817
-4.37945 -70.9728
-4.34139 -70.9889
-4.39889 -71.1294
-4.35778 -71.1697
-4.41139 -71.2006
-4.37611 -71.2333
-4.38361 -71.2908
-4.43833 -71.3056
-4.435 -71.4067
-4.50917 -71.6564
-4.47389 -71.6906
-4.50778 -71.8264
-4.75889 -72.2439
-4.76084 -72.3256
-4.88639 -72.4128
-4.95306 -72.532
-5.05917 -72.635
-5.05139 -72.7414
-5.15195 -72.9178
-5.2075 -72.892
-5.3225 -72.9183
-5.56417 -72.9506
-6.04583 -73.2189
-6.15528 -73.2161
-6.20778 -73.1642
-6.44778 -73.1239
-6.55361 -73.1919
-6.56806 -73.2458
-6.63306 -73.4344
-6.895 -73.7547
-7.11724 -73.8015
-7.285 -73.7042
-7.31917 -73.7114
-7.375 -73.8925
-7.34584 -73.9728
-7.50167 -73.9489
-7.535 -74.0095
-7.72556 -73.8333
-7.77139 -73.7106
-7.80917 -73.6928
-7.8725 -73.7142
-7.87111 -73.7822
-7.95722 -73.7672
-8.01611 -73.6511
-8.35556 -73.5333
-8.46833 -73.3519
-8.65111 -73.2975
-8.71028 -73.17
-8.98333 -72.9644
-9.08389 -72.9486
-9.15472 -72.9756
-9.40722 -73.2053
-9.45361 -72.5861
-9.48306 -72.4286
-9.53 -72.3056
-9.74667 -72.2711
-9.80139 -72.1803
-9.88889 -72.1503
-10.0039 -72.1858
-10.0036 -71.5014
-9.99639 -71.2992
-9.71472 -70.907
-9.54333 -70.7089
-9.43806 -70.5844
-9.45389 -70.5339
-9.56972 -70.5695
-9.60611 -70.5967
-9.69111 -70.5372
-9.77611 -70.5575
-9.83361 -70.6281
-10.5117 -70.63
-11.0031 -70.6319
-10.9322 -70.5331
-11.0511 -70.3942
-11.0586 -70.2694
-10.9681 -70.0275
-10.9144 -69.9292
-10.9505 -69.5674
-11.6322 -69.1503
-12.3086 -68.7708
-12.5195 -68.6875
-12.6178 -68.7811
-12.6697 -68.7314
-12.7303 -68.8042
-12.7589 -68.8819
-12.9264 -68.9747
-13.4833 -68.9642
-13.6342 -69.0117
-13.6436 -69.08
-13.6744 -69.0856
-13.8617 -68.9822
-13.9617 -68.9775
-14.11 -68.8678
-14.1992 -68.8533
-14.2303 -68.9844
-14.3336 -69.007
-14.3675 -68.9792
-14.5723 -69.1537
-14.5703 -69.2208
-14.6164 -69.245
-14.7253 -69.2397
-14.7936 -69.3617
-14.9589 -69.3842
-15.1111 -69.2781
-15.2253 -69.1381
-15.2547 -69.1406
-15.3572 -69.2856
-15.4042 -69.2758
-15.4306 -69.3272
-15.5122 -69.3686
