CIC_MPM_VERS = 1.0
COMMENT Generated by Spacebel CCSDS library
CREATION_DATE = 2017-02-24T16:25:04.828718
ORIGINATOR = SVG² Control

META_START

USER_DEFINED_PROTOCOL = NONE
USER_DEFINED_CONTENT = REGION OF INTEREST
USER_DEFINED_SIZE = 2
USER_DEFINED_TYPE = REAL
USER_DEFINED_UNIT = [deg]

META_STOP

5.05139 119.846
5.13167 119.816
5.34833 120.205
5.26083 120.257
5.12722 120.227
5.14417 120.17
5.22972 120.119
5.15305 120.081
5.15055 120.003
5.08694 119.979
5.05139 119.846
180.0 180.0
9.04611 123.053
9.07611 122.936
9.32722 122.864
9.37444 122.69
9.71028 122.382
9.97639 122.455
9.97333 122.666
10.0572 122.825
10.3711 122.866
10.5289 122.798
10.5581 122.867
10.6355 122.926
10.87 122.952
10.9805 123.155
10.9553 123.342
10.9328 123.457
10.8744 123.525
10.5414 123.474
10.4522 123.373
10.2389 123.325
9.93833 123.179
9.63778 123.16
9.65361 123.119
9.62583 123.108
9.59972 123.159
9.56222 123.149
9.33305 123.313
9.28333 123.309
9.09833 123.206
9.04611 123.053
180.0 180.0
9.41305 123.307
9.60916 123.319
10.0386 123.405
10.3025 123.584
10.4042 123.645
10.5492 123.712
10.9689 123.932
11.0931 123.933
11.2775 124.028
11.2539 124.072
11.0869 123.994
11.0097 124.046
10.458 124.022
10.3306 123.97
10.1686 123.717
10.0789 123.674
10.0833 123.646
9.53389 123.449
9.41666 123.355
9.41305 123.307
180.0 180.0
9.81194 125.615
9.82472 125.575
9.90805 125.624
10.0356 125.576
10.0694 125.56
10.0653 125.504
10.165 125.501
10.2064 125.502
10.4683 125.642
10.3531 125.673
10.2489 125.654
9.96028 125.682
9.84583 125.69
9.81194 125.615
180.0 180.0
9.63139 123.866
9.84722 123.786
9.96778 124.028
10.1447 124.146
10.1569 124.32
10.0917 124.347
10.1472 124.375
10.0628 124.459
10.0555 124.529
9.98222 124.562
9.92444 124.546
9.91278 124.579
9.8425 124.524
9.80416 124.601
9.73639 124.583
9.71083 124.419
9.62694 124.366
9.58389 124.065
9.63139 123.866
180.0 180.0
10.4044 122.547
10.4133 122.517
10.585 122.519
10.7483 122.659
10.7342 122.688
10.6911 122.723
10.5456 122.7
10.435 122.617
10.4044 122.547
180.0 180.0
7.99778 122.276
8.08083 122.583
8.15833 122.666
8.11944 122.689
8.11166 122.755
8.15083 122.923
8.22278 122.997
8.30972 122.938
8.49139 123.028
8.52305 123.305
8.66278 123.427
8.70277 123.384
8.71639 123.436
8.59611 123.56
8.64305 123.593
8.64361 123.687
8.47694 123.818
8.15666 123.864
8.02444 123.663
7.9825 123.66
8.17111 123.962
8.18805 124.174
8.23833 124.238
8.52694 124.306
8.62444 124.464
8.47639 124.682
8.51388 124.75
8.69527 124.738
8.71861 124.777
8.97861 124.779
9.01639 124.882
8.95527 124.972
8.82833 125.073
8.83027 125.119
8.88694 125.184
9.06 125.185
9.08805 125.216
8.98861 125.29
9.00166 125.529
9.08805 125.537
9.64972 125.391
9.82389 125.444
9.76777 125.564
9.63055 125.611
9.55694 125.798
9.44 125.957
9.42333 125.898
9.38583 125.921
9.40194 125.991
9.30666 125.993
9.23472 126.065
9.30694 126.176
9.3 126.212
9.09694 126.168
9.08055 126.205
9.01361 126.222
8.94222 126.311
8.82055 126.324
8.69444 126.186
8.62472 126.095
8.57972 126.123
8.52639 126.153
8.53944 126.366
8.45889 126.394
8.47111 126.342
8.42444 126.382
8.36916 126.339
8.28722 126.384
8.21139 126.309
8.23444 126.464
8.08861 126.457
7.905 126.363
7.86889 126.375
7.72305 126.55
7.48056 126.598
7.40778 126.544
7.25694 126.592
7.09111 126.476
6.9875 126.452
6.99639 126.326
6.91583 126.282
6.85305 126.346
6.79722 126.346
6.80666 126.298
6.92555 126.262
6.94472 126.197
6.895 126.177
6.75083 126.259
6.40028 126.204
6.2775 126.198
6.56694 126.088
6.84361 126.077
6.90583 125.988
7.105 125.901
7.34972 125.855
7.36194 125.811
7.23666 125.652
7.11694 125.659
7.04361 125.604
7.04417 125.543
6.97444 125.487
6.81917 125.413
6.7275 125.378
6.59916 125.389
6.57805 125.444
6.55278 125.516
6.31444 125.658
6.10861 125.711
5.86916 125.629
5.69167 125.484
5.56583 125.409
5.56555 125.319
5.58055 125.287
5.63305 125.305
5.76416 125.213
5.79444 125.171
5.90694 125.235
5.97555 125.285
6.08444 125.271
6.095 125.233
6.10139 125.155
5.87278 125.087
5.85139 124.963
5.96055 124.665
6.21055 124.186
6.51861 124.02
6.62111 124.053
6.76861 124.034
6.77361 123.992
6.81778 123.945
7.10861 124.04
7.25 124.214
7.35361 124.202
7.34778 124.257
7.40805 124.251
7.45166 124.134
7.53389 124.104
7.6875 123.919
7.7225 123.741
7.81194 123.69
7.84805 123.54
7.81194 123.432
7.75 123.451
7.73278 123.481
7.65361 123.474
7.55778 123.335
7.37722 123.457
7.35639 123.403
7.5 123.291
7.53583 123.234
7.46278 123.176
7.53139 123.106
7.57305 123.132
7.58472 123.194
7.72833 123.118
7.56167 123.028
7.53944 123.022
7.47667 122.963
7.53805 122.911
7.49861 122.859
7.46611 122.879
7.43667 122.814
7.525 122.808
7.57861 122.81
7.69472 122.792
7.71111 122.823
7.76639 122.786
7.74528 122.568
7.58083 122.434
7.58417 122.506
7.53611 122.462
7.4425 122.346
7.40139 122.345
7.39 122.394
7.30889 122.332
7.33555 122.307
7.01305 122.199
6.90528 122.154
6.91222 122.044
6.96 121.947
7.10667 121.897
7.24805 121.974
7.29028 122.058
7.44361 122.049
7.63805 122.131
7.79639 122.12
7.99778 122.276
180.0 180.0
11.0186 125.73
11.1336 125.665
11.1058 125.577
11.1453 125.572
11.1414 125.521
11.0778 125.51
11.1028 125.447
11.0989 125.375
11.133 125.279
11.0797 125.239
11.1919 125.183
11.27 125.159
11.2808 124.982
11.4422 124.974
11.4942 124.829
11.5394 124.857
11.6111 124.99
11.7197 125.019
11.7472 125.043
11.7755 125.009
11.7469 124.895
11.9075 124.809
11.9294 124.737
11.96 124.695
12.0122 124.707
12.13 124.455
12.3233 124.337
12.5318 124.265
12.5753 124.271
12.5092 124.621
12.5308 124.868
12.5597 124.89
12.5803 125.083
12.525 125.232
12.3892 125.317
12.3008 125.294
12.2956 125.323
12.2678 125.334
12.2689 125.442
12.1797 125.512
12.1289 125.447
12.1022 125.449
12.0581 125.524
11.9278 125.431
11.7922 125.48
11.7411 125.44
11.7147 125.482
11.5603 125.474
11.3894 125.596
11.3244 125.636
11.1961 125.534
11.1861 125.61
11.2292 125.598
11.1494 125.69
11.0344 125.763
11.0186 125.73
180.0 180.0
10.0281 125.007
10.1517 124.76
10.3272 124.789
10.3961 124.727
10.6344 124.78
10.7239 124.799
10.9303 124.689
11.0097 124.598
10.985 124.542
10.8892 124.536
10.8625 124.49
10.9267 124.379
11.008 124.407
11.3794 124.339
11.5242 124.288
11.5669 124.316
11.3883 124.473
11.453 124.476
11.4358 124.531
11.34 124.552
11.2933 124.639
11.3564 124.782
11.4386 124.884
11.3901 124.969
11.2569 124.973
11.2058 125.033
11.1383 125.016
10.9956 125.044
10.7506 125.01
10.7039 125.094
10.4472 125.191
10.3978 125.207
10.3322 125.271
10.2636 125.26
10.2467 125.213
10.2775 125.144
10.2419 125.131
10.1697 125.138
10.2125 125.087
10.3797 125.009
10.3792 124.98
10.1078 125.017
10.0436 125.032
10.0281 125.007
180.0 180.0
11.7161 124.065
11.8631 123.923
11.9269 123.726
12.2125 123.531
11.9153 123.181
11.9364 123.144
12.0358 123.192
12.1206 123.249
12.2072 123.289
12.2319 123.218
12.4211 123.29
12.47 123.252
12.6081 123.244
12.5681 123.332
12.485 123.349
12.4361 123.337
12.5092 123.378
12.5139 123.467
12.4108 123.575
12.3772 123.635
12.2272 123.789
12.2355 123.826
12.1061 123.969
11.735 124.08
11.7161 124.065
180.0 180.0
11.0364 119.333
11.1008 119.329
11.0372 119.379
11.0372 119.422
11.1805 119.381
11.423 119.479
11.3269 119.516
11.3319 119.555
11.2578 119.563
11.1292 119.499
11.0172 119.565
11.0147 119.51
10.8994 119.491
10.8269 119.514
10.8389 119.579
10.8158 119.601
10.6647 119.589
10.6508 119.632
10.5372 119.701
10.4936 119.693
10.3672 119.568
10.3708 119.449
10.2825 119.305
10.0508 119.204
9.97222 118.915
9.97805 118.869
9.92639 118.754
9.81666 118.757
9.73305 118.774
9.72666 118.741
9.77833 118.72
9.71694 118.694
9.68305 118.761
9.29861 118.487
9.28166 118.432
9.1775 118.329
9.15 118.129
8.86916 117.985
8.74277 117.797
8.67805 117.716
8.66944 117.559
8.50027 117.499
8.47416 117.359
8.32528 117.2
8.36889 117.174
8.71389 117.346
9.00055 117.62
9.07638 117.658
9.07055 117.745
9.20389 117.836
9.28055 117.976
9.24694 118.015
9.57833 118.319
9.72083 118.44
9.82694 118.56
9.97027 118.658
10.0225 118.683
10.0714 118.739
10.0244 118.794
10.1014 118.828
10.1661 118.799
10.2675 118.953
10.3417 119.018
10.3508 118.987
10.4086 118.983
10.4403 119.007
10.4197 119.071
10.4844 119.092
10.3833 119.126
10.4789 119.245
10.5086 119.261
10.7106 119.342
10.7697 119.31
10.7667 119.271
10.9453 119.212
10.8994 119.29
10.8169 119.328
10.7242 119.446
10.7283 119.459
10.8711 119.415
10.8964 119.334
10.94 119.356
10.9642 119.307
11.0094 119.303
11.0033 119.37
11.0364 119.333
180.0 180.0
6.40861 121.966
6.5375 121.864
6.58333 121.851
6.59361 121.795
6.67278 121.82
6.70305 121.972
6.74028 122.002
6.75333 122.074
6.66555 122.174
6.65 122.311
6.62778 122.331
6.52222 122.196
6.465 122.19
6.40861 121.966
180.0 180.0
5.86861 121.278
5.95417 121.194
5.87667 121.078
5.9225 121.024
5.91694 120.882
5.95389 120.869
6.02333 120.924
6.07611 121.153
5.99694 121.204
6.01028 121.388
5.97778 121.428
5.90472 121.389
5.89861 121.333
5.86861 121.278
180.0 180.0
12.0942 122.018
12.16 121.961
12.2342 121.965
12.1869 121.987
12.2292 122.017
12.2878 121.923
12.395 121.941
12.4442 122.003
12.5986 121.997
12.6847 122.115
12.6672 122.161
12.6375 122.161
12.575 122.134
12.2172 122.056
12.1819 122.071
12.0942 122.018
180.0 180.0
11.9805 120.302
12.0292 120.165
11.9928 120.117
12.0194 120.054
11.9861 120.016
12.0808 119.949
12.2061 119.886
12.1678 119.862
12.2764 119.874
12.3336 119.888
12.3214 119.931
12.2728 119.936
12.2619 120.003
12.1678 120.095
12.115 120.192
12.1708 120.246
12.0892 120.335
12.0178 120.308
12.0067 120.34
11.9805 120.302
180.0 180.0
13.2008 122.031
13.2272 121.966
13.3539 121.822
13.543 121.872
13.5308 122.036
13.3839 122.146
13.2008 122.031
180.0 180.0
12.2644 122.64
12.2865 122.603
12.3047 122.58
12.3378 122.529
12.4133 122.434
12.4611 122.433
12.4961 122.489
12.49 122.653
12.3975 122.708
12.2644 122.64
180.0 180.0
14.6292 121.952
14.6375 121.916
14.7164 121.907
14.7106 121.938
14.9428 121.831
14.9814 121.816
15.0292 121.874
15.0369 121.906
15.045 121.995
14.9694 122.046
14.9892 122.025
14.8675 121.969
14.8111 122.022
14.7133 122.033
14.6292 121.952
180.0 180.0
11.4744 124.457
11.6808 124.339
11.708 124.433
11.6797 124.531
11.5247 124.619
11.4861 124.602
11.4744 124.457
180.0 180.0
13.5153 124.208
13.5772 124.132
13.5989 124.05
13.6642 124.026
13.7239 124.103
14.0489 124.13
14.0933 124.215
13.945 124.289
13.9333 124.349
13.8497 124.417
13.7731 124.393
13.665 124.414
13.6478 124.351
13.5869 124.346
13.5939 124.294
13.578 124.233
13.5153 124.208
180.0 180.0
13.4603 120.315
13.525 120.415
13.4619 120.763
13.5108 120.917
13.4689 120.982
13.4075 121.218
13.3161 121.325
13.2308 121.436
13.1444 121.448
13.1375 121.536
13.088 121.561
13.0131 121.49
12.7575 121.482
12.698 121.538
12.5994 121.557
12.5058 121.438
12.3975 121.418
12.3542 121.384
12.2839 121.395
12.3214 121.343
12.2086 121.247
12.2519 121.114
12.3455 121.112
12.333 121.077
12.5011 120.933
12.5736 120.941
12.6805 120.881
12.7219 120.802
12.7761 120.787
12.8894 120.787
13.0197 120.757
13.1931 120.644
13.2233 120.527
13.4156 120.462
13.4211 120.429
13.3739 120.382
13.4194 120.312
13.4603 120.315
180.0 180.0
10.4139 121.971
10.4436 121.91
10.6464 121.975
10.7264 121.958
10.7589 121.922
11.1197 122.039
11.4705 122.049
11.4933 122.084
11.7 122.099
11.7383 122.031
11.7569 121.851
11.9386 121.956
11.8517 122.056
11.7394 122.378
11.5667 122.492
11.5722 122.559
11.5094 122.578
11.5353 122.643
11.5992 122.726
11.6086 122.831
11.4778 122.893
11.4317 122.878
11.4519 122.921
11.6008 123.149
11.5114 123.137
11.3433 123.134
11.2367 123.095
11.1744 123.129
11.1761 123.069
11.1769 123.028
11.04 122.967
11.0447 122.947
10.9525 122.737
10.9136 122.764
10.7972 122.747
10.7739 122.608
10.6908 122.584
10.6355 122.213
10.4786 122.035
10.4139 121.971
180.0 180.0
16.1905 120.007
16.1467 120.099
16.0717 120.103
16.0361 120.157
16.0683 120.334
16.1725 120.427
16.5042 120.314
16.5994 120.301
16.7505 120.342
16.8292 120.336
16.9686 120.449
17.1664 120.433
17.2967 120.427
17.473 120.44
17.5558 120.347
17.6797 120.356
17.7325 120.44
17.7855 120.409
17.8725 120.451
17.9647 120.475
18.0561 120.485
18.2786 120.571
18.3308 120.601
18.4844 120.569
18.5464 120.626
18.5258 120.734
18.5619 120.791
18.6053 120.779
18.6475 120.845
18.5653 120.917
18.5964 121.01
18.6194 121.085
18.6172 121.175
18.3605 121.618
18.1889 121.636
18.1183 121.68
18.3619 121.64
18.2689 121.95
18.3625 122.1
18.51 122.159
18.5172 122.236
18.4047 122.305
18.2697 122.333
18.1203 122.189
18.0572 122.189
17.8703 122.169
17.5939 122.173
17.3569 122.269
17.3542 122.378
17.2786 122.424
17.1322 122.433
17.1211 122.493
17.0994 122.533
16.9339 122.48
16.6469 122.349
16.2931 122.188
16.2811 122.229
16.0439 122.018
16.0558 122.003
16.1653 122.095
16.2572 122.137
16.2428 122.093
16.0881 121.829
15.9078 121.569
15.8378 121.548
15.7556 121.576
15.7497 121.637
15.5969 121.567
15.4133 121.473
15.3778 121.398
15.315 121.376
15.2086 121.43
15.1719 121.488
14.8706 121.589
14.6881 121.733
14.6606 121.622
14.6203 121.61
14.293 121.738
14.1708 121.734
14.1236 121.77
14.0019 121.925
13.8981 122.236
13.9408 122.244
13.9567 122.192
13.9953 122.192
13.9586 122.302
14.0175 122.322
14.1003 122.192
14.1592 122.186
14.2447 122.272
14.1272 122.268
14.1147 122.347
14.2778 122.385
14.3308 122.502
14.3133 122.605
14.2819 122.692
14.3364 122.673
14.3072 122.791
14.1014 123.043
14.0056 123.049
13.9725 123.094
13.7794 123.049
13.7161 123.128
13.7769 123.304
13.8136 123.327
13.9056 123.291
13.9542 123.27
13.9983 123.231
14.0736 123.266
14.0664 123.339
14.0178 123.369
13.9822 123.418
13.9247 123.432
13.96 123.467
13.8792 123.674
13.9222 123.717
13.8264 123.822
13.753 123.969
13.7072 123.972
13.7344 123.875
13.6894 123.821
13.7236 123.601
13.71 123.572
13.5756 123.532
13.4481 123.698
13.2511 123.82
13.1889 123.76
13.0653 123.761
13.0483 123.8
13.1372 123.87
13.0953 123.996
13.008 124.082
13.0705 124.124
13.0722 124.18
13.0208 124.194
12.9058 124.124
12.81 124.159
12.5436 124.086
12.5375 124.013
12.5944 123.941
12.6928 123.86
12.8669 123.86
12.8714 123.987
12.878 124.024
12.9228 124.047
12.963 124.029
12.9728 123.895
12.8656 123.812
12.8703 123.72
12.8669 123.69
12.9161 123.687
12.8694 123.654
13.0364 123.389
13.0086 123.322
13.1081 123.291
13.1944 123.33
13.4672 123.138
13.6139 122.85
13.6461 122.801
13.6861 122.865
13.7705 122.778
13.7767 122.749
13.7947 122.752
13.9306 122.473
13.9419 122.428
13.7408 122.524
13.7253 122.489
13.6461 122.503
13.4464 122.65
13.2319 122.702
13.1639 122.607
13.2414 122.508
13.3883 122.497
13.5811 122.334
13.6019 122.208
13.7803 122.102
13.805 121.984
13.8489 121.932
13.9617 121.762
13.9592 121.702
13.9206 121.704
13.8506 121.504
13.79 121.444
13.6989 121.445
13.6617 121.439
13.6258 121.217
13.6306 121.04
13.755 121.047
13.7822 120.998
13.725 120.884
13.7658 120.928
13.8711 120.916
13.9294 120.764
13.9253 120.717
13.895 120.699
13.8475 120.725
13.8619 120.66
13.7822 120.677
13.7953 120.638
14.175 120.609
14.2258 120.606
14.2811 120.654
14.3294 120.768
14.4714 120.902
14.4536 120.918
14.4839 120.98
14.5492 120.991
14.7597 120.839
14.7686 120.652
14.8269 120.552
14.5019 120.612
14.44 120.584
14.4086 120.483
14.4969 120.384
14.6294 120.348
14.6694 120.27
14.7317 120.254
14.7956 120.265
14.8728 120.234
14.7403 120.162
14.7853 120.086
15.2639 120.012
15.4686 119.902
15.5103 119.963
15.6206 119.906
15.6761 119.935
15.8089 119.891
15.838 119.913
15.9586 119.863
15.9517 119.812
15.9167 119.775
16.0069 119.762
16.3139 119.784
16.365 119.824
16.385 119.929
16.2439 119.905
16.1905 120.007
180.0 180.0
9.13038e-315 8.16196e-321
