CIC_MPM_VERS = 1.0
COMMENT Generated by Spacebel CCSDS library
CREATION_DATE = 2017-02-24T16:25:04.852719
ORIGINATOR = SVG² Control

META_START

USER_DEFINED_PROTOCOL = NONE
USER_DEFINED_CONTENT = REGION OF INTEREST
USER_DEFINED_SIZE = 2
USER_DEFINED_TYPE = REAL
USER_DEFINED_UNIT = [deg]

META_STOP

54.4669 19.6656
54.446 19.8119
54.4205 19.9908
54.3666 20.6417
54.3283 21.3533
54.335 22.0747
54.36 22.77
54.3667 22.7828
54.4086 22.8633
54.383 23
54.308 23.0661
54.2433 23.3419
54.1383 23.4844
54.0303 23.5178
53.9953 23.475
53.9472 23.5037
53.8786 23.5211
53.5297 23.6581
53.2108 23.8542
52.8905 23.935
52.7122 23.9339
52.678 23.8839
52.585 23.5636
52.5042 23.3842
52.2822 23.1689
52.2239 23.2114
52.2258 23.2939
52.1469 23.4858
52.1094 23.5983
52.0417 23.6564
51.9142 23.6117
51.7969 23.6264
51.7458 23.5539
51.5928 23.5392
51.5283 23.5921
51.4317 23.6714
51.3078 23.6322
51.2075 23.7494
50.9441 23.973
50.858 24.1447
50.835 24.1306
50.8311 23.9958
50.7872 23.9547
50.63 24.1083
50.5444 24.1328
50.4072 23.9917
50.3805 23.7078
50.3089 23.6308
50.0814 23.2833
49.835 22.9747
49.5725 22.6808
49.5197 22.6561
49.2819 22.76
49.22 22.7255
49.1655 22.7003
49.1161 22.8217
49.0064 22.8826
49.0258 22.8283
49.0442 22.6742
49.0911 22.598
49.0794 22.558
49.0908 22.475
49.215 22.0303
49.3116 21.9803
49.4369 21.6128
49.4164 21.5131
49.4566 21.2789
49.4039 21.1975
49.4317 21.1258
49.4053 21.0494
49.3664 21.0975
49.2961 20.9108
49.4175 20.695
49.3778 20.5672
49.4091 20.4408
49.3244 20.1817
49.228 20.0994
49.1764 20.0689
49.2138 20.0026
49.2311 19.9364
49.1964 19.7944
49.213 19.7661
49.3197 19.8089
49.4044 19.7917
49.4019 19.6411
49.4505 19.6519
49.4536 19.5853
49.6053 19.4755
49.5697 19.3903
49.5294 19.3386
49.5305 19.2764
49.4339 19.1969
49.4022 19.1389
49.3961 18.9806
49.5 18.9794
49.5147 18.8542
49.5178 18.8533
49.6722 18.8117
49.7225 18.6328
49.9133 18.5467
49.9197 18.4472
49.9928 18.1603
50.0297 18.0911
50.0586 18.0472
50.0105 18.0072
49.9767 17.8878
50.0136 17.7989
50.1022 17.75
50.1353 17.6255
50.1583 17.5978
50.2055 17.7625
50.3125 17.7333
50.3219 17.6961
50.2747 17.6656
50.2764 17.3528
50.3225 17.3539
50.3367 17.2469
50.4242 17.0042
50.4394 16.8903
50.4105 16.8675
50.2347 17.028
50.1869 16.8214
50.0997 16.7253
50.1383 16.5905
50.3036 16.4586
50.4197 16.2106
50.5042 16.3108
50.5189 16.3967
50.5758 16.4492
50.6578 16.3478
50.6705 16.2375
50.6367 16.2214
50.6191 16.0625
50.6025 16.0097
50.6797 15.9972
50.6833 15.9208
50.67 15.8706
50.7478 15.8183
50.7858 15.493
50.8583 15.3106
50.9214 15.2708
50.97 15.2775
51.0189 15.1728
51.0083 15.0511
51.0069 14.9908
50.9536 15.0192
50.8672 15.0053
50.866 14.8288
51.1064 14.9753
51.268 15.038
51.483 14.9108
51.5528 14.7175
51.6594 14.7575
51.8136 14.6019
51.8539 14.6161
51.9411 14.7164
52.0564 14.7472
52.0708 14.7635
52.1047 14.6931
52.2392 14.7133
52.328 14.5669
52.3947 14.5344
52.5667 14.6411
52.6286 14.5511
52.7905 14.2575
52.8333 14.1333
52.9689 14.1647
53.045 14.3422
53.1417 14.3908
53.2158 14.4086
53.2726 14.4453
53.423 14.3756
53.6692 14.2864
53.6939 14.2778
53.668 14.5008
53.5925 14.5955
53.6508 14.6117
53.7105 14.5444
53.7644 14.6194
53.8489 14.6292
53.8033 14.5878
53.8572 14.5583
53.8675 14.4247
53.8997 14.4311
53.8761 14.3625
53.8594 14.4164
53.8328 14.3889
53.8687 14.2174
53.9094 14.2033
53.9282 14.226
53.9175 14.4086
53.9767 14.5594
54.0633 14.9539
54.1544 15.3411
54.2172 15.7642
54.2689 16.1131
54.2519 16.0922
54.2716 16.1733
54.3181 16.235
54.3494 16.3328
54.3983 16.3297
54.5291 16.5064
54.6 16.923
54.6761 17.0753
54.7528 17.4342
54.8164 17.8597
54.8367 18.335
54.7881 18.458
54.64 18.8119
54.6773 18.7031
54.7864 18.4331
54.7344 18.4061
54.6289 18.4836
54.6419 18.5208
54.4333 18.5853
54.3764 18.7219
54.3426 19.004
54.3958 19.4392
54.4615 19.6245
54.4711 19.6365
54.4669 19.6656
