CIC_MPM_VERS = 1.0
COMMENT Generated by Spacebel CCSDS library
CREATION_DATE = 2017-02-24T16:25:04.956218
ORIGINATOR = SVG² Control

META_START

USER_DEFINED_PROTOCOL = NONE
USER_DEFINED_CONTENT = REGION OF INTEREST
USER_DEFINED_SIZE = 2
USER_DEFINED_TYPE = REAL
USER_DEFINED_UNIT = [deg]

META_STOP

37.7122 -25.385
37.7533 -25.7269
37.8506 -25.865
37.9022 -25.8425
37.8953 -25.7289
37.8416 -25.6808
37.8272 -25.5775
37.8639 -25.3233
37.8428 -25.1422
37.8053 -25.132
37.7464 -25.1606
37.7122 -25.385
180.0 180.0
38.3942 -28.0564
38.4105 -28.4195
38.4458 -28.5264
38.5272 -28.5494
38.5547 -28.4947
38.5492 -28.38
38.4186 -28.0372
38.3942 -28.0564
180.0 180.0
38.6314 -27.0872
38.658 -27.3072
38.7228 -27.38
38.7878 -27.3639
38.8031 -27.2772
38.7641 -27.0658
38.6911 -27.0211
38.6314 -27.0872
180.0 180.0
32.6375 -16.9439
32.7375 -17.2067
32.8142 -17.255
32.8719 -17.1845
32.8233 -17.1028
32.8225 -16.997
32.8369 -16.8997
32.7919 -16.8467
32.7589 -16.6742
32.6444 -16.8217
32.6375 -16.9439
180.0 180.0
41.9045 -8.8124
42.0536 -8.62111
42.1522 -8.20139
42.0647 -8.18583
42.0689 -8.09
42.0253 -8.08278
41.9136 -8.21889
41.8092 -8.14083
41.8664 -7.98194
41.8897 -7.91222
41.9233 -7.88611
41.8528 -7.88
41.9044 -7.70611
41.8797 -7.59167
41.835 -7.61194
41.8405 -7.52445
41.8644 -7.45694
41.8125 -7.42722
41.8836 -7.20056
41.9886 -7.15222
41.9472 -6.83778
41.9903 -6.80944
41.9411 -6.62806
41.9675 -6.58167
41.9372 -6.545
41.8872 -6.56861
41.8739 -6.50861
41.7453 -6.56278
41.6794 -6.53944
41.6575 -6.49778
41.6778 -6.35583
41.593 -6.19444
41.5294 -6.21778
41.4153 -6.32944
41.3872 -6.31861
41.3225 -6.43389
41.2441 -6.59833
41.2155 -6.68139
41.0405 -6.80861
41.0314 -6.92444
40.9747 -6.89167
40.8561 -6.79972
40.7553 -6.82944
40.6578 -6.79778
40.575 -6.83917
40.518 -6.79111
40.4433 -6.84833
40.3416 -6.7875
40.2403 -6.96083
40.2308 -7.00611
40.1466 -7.01444
40.0155 -6.86389
39.675 -7.01722
39.6483 -7.40778
39.6689 -7.53333
39.5511 -7.4425
39.4678 -7.29361
39.3447 -7.31361
39.2764 -7.235
39.213 -7.24305
39.1733 -7.14
39.1228 -7.15417
39.1042 -7.11583
39.1228 -7.04056
39.0566 -6.96111
39.0269 -6.95389
38.7903 -7.15583
38.7083 -7.26556
38.5707 -7.29225
38.525 -7.30111
38.4472 -7.32972
38.4256 -7.30707
38.2703 -7.14417
38.1744 -7.08778
38.2183 -6.94805
38.1628 -6.94417
38.028 -7.00695
38.0053 -7.14611
37.9875 -7.25472
37.848 -7.2975
37.5733 -7.51417
37.1734 -7.41817
37.1791 -7.45083
37.0836 -7.6725
37.0389 -7.79224
37.0083 -7.97306
37.0858 -8.24084
37.103 -8.51111
37.1239 -8.62389
36.9955 -8.95028
37.083 -8.96334
37.1667 -8.90361
37.3506 -8.84778
37.5242 -8.78722
37.7016 -8.79278
37.9128 -8.7975
37.9564 -8.8825
38.2122 -8.77528
38.39 -8.81139
38.4428 -8.81778
38.4461 -8.73306
38.5486 -8.74695
38.4769 -8.77278
38.4825 -8.955
38.4097 -9.20056
38.4155 -9.22028
38.5066 -9.17945
38.6172 -9.21889
38.6686 -9.27889
38.6578 -9.12333
38.6586 -9.005
38.6989 -8.96722
38.6908 -9.04528
38.7142 -9.05111
38.7653 -8.91945
38.9286 -8.99167
38.8355 -9.07667
38.7175 -9.11389
38.6767 -9.32222
38.703 -9.47417
38.7853 -9.495
38.9441 -9.41445
39.1228 -9.3975
39.2344 -9.33722
39.3483 -9.36195
39.378 -9.34167
39.4069 -9.18445
39.4403 -9.23
39.645 -9.07472
40.1497 -8.85917
40.19 -8.90972
40.6394 -8.75306
40.6522 -8.73583
40.7125 -8.73056
40.9972 -8.64611
41.1819 -8.69889
41.4164 -8.79333
41.5667 -8.79972
41.6875 -8.83778
41.8289 -8.87917
41.9045 -8.8124
180.0 180.0
9.13038e-315 8.23113e-321
