CIC_MPM_VERS = 1.0
COMMENT Generated by Spacebel CCSDS library
CREATION_DATE = 2017-02-24T16:25:04.991219
ORIGINATOR = SVG² Control

META_START

USER_DEFINED_PROTOCOL = NONE
USER_DEFINED_CONTENT = REGION OF INTEREST
USER_DEFINED_SIZE = 2
USER_DEFINED_TYPE = REAL
USER_DEFINED_UNIT = [deg]

META_STOP

24.619 51.216
24.5556 51.1086
24.5778 50.9694
24.7539 50.8276
24.8761 50.8575
24.9903 50.7961
25.4383 50.7525
25.5239 50.7847
25.4903 50.8078
25.4642 50.8447
25.5764 50.8308
25.6167 50.7986
25.6325 50.875
25.5692 50.8625
25.5267 50.8978
25.6408 50.9756
25.64 50.9047
25.7186 50.8891
25.7983 50.9419
25.8025 50.9753
25.8564 50.9483
26.0494 51.0425
26.1528 51.2544
26.1028 51.3439
26.0408 51.3439
25.9461 51.4206
25.9439 51.5147
25.893 51.573
25.7405 51.5878
25.7597 51.5578
25.7253 51.5439
25.7272 51.5822
25.6892 51.5847
25.6717 51.5314
25.6175 51.5383
25.615 51.4892
25.2947 51.5131
25.2692 51.6064
25.0103 51.6117
24.9014 51.5475
24.6592 51.4339
24.5725 51.3317
24.6361 51.3467
24.6461 51.2917
24.619 51.216
