CIC_MPM_VERS = 1.0
COMMENT Generated by Spacebel CCSDS library
CREATION_DATE = 2017-02-24T16:25:05.063718
ORIGINATOR = SVG² Control

META_START

USER_DEFINED_PROTOCOL = NONE
USER_DEFINED_CONTENT = REGION OF INTEREST
USER_DEFINED_SIZE = 2
USER_DEFINED_TYPE = REAL
USER_DEFINED_UNIT = [deg]

META_STOP

48.1864 26.3164
48.2409 26.635
48.2533 26.7078
48.2047 26.8944
48.1555 27.0005
47.9678 27.1644
47.7853 27.2383
47.7236 27.2894
47.6417 27.3219
47.5239 27.4664
47.4886 27.4697
47.4547 27.5794
47.3711 27.5722
47.1636 27.8069
47.0286 27.9925
46.9911 28.0711
46.6844 28.2139
46.6083 28.2472
46.5025 28.2094
46.4394 28.2519
46.1692 28.1355
46.0117 28.0844
45.8675 28.1297
45.8358 28.1075
45.6394 28.1614
45.59 28.0619
45.5336 28.165
45.4482 28.212
45.4333 28.2761
45.3375 28.3167
45.2461 28.5586
45.225 28.7486
45.2378 28.7997
45.2655 28.7569
45.3208 28.7844
45.3211 29.0044
45.4378 29.3142
45.3953 29.5619
45.3503 29.6369
45.2875 29.6708
45.2102 29.6618
45.213 29.6239
45.1633 29.65
45.1589 29.7011
45.1128 29.6603
44.8483 29.6108
44.7778 29.1419
44.69 28.9964
44.7458 28.9775
44.7911 29.1336
44.8297 29.1419
44.8353 29.0997
44.8455 29.05
44.9244 29.0408
44.9717 29.1097
45.0036 29.0417
44.9669 28.9022
44.9158 28.8625
44.8247 28.9497
44.7972 28.9397
44.7194 28.7983
44.6694 28.7797
44.64 28.7928
44.6486 28.8517
44.71 28.9042
44.6769 28.9939
44.6278 28.9469
44.6238 28.834
44.5728 28.7378
44.4642 28.7497
44.485 28.8342
44.3314 28.6453
44.2539 28.6311
44.1661 28.6689
44.1647 28.6375
43.9353 28.643
43.7478 28.5838
43.773 28.225
43.8591 27.9972
43.9789 27.9517
44.0056 27.9189
43.9658 27.8203
43.9647 27.7217
44.0425 27.6561
44.0219 27.4
44.088 27.2906
44.133 27.2756
44.1367 26.9233
44.0494 26.4786
43.9683 26.1117
43.7664 25.8628
43.6483 25.5729
43.6247 25.3631
43.6875 25.2247
43.6911 25.0805
43.7236 25.0014
43.7614 24.5017
43.6944 24.3372
43.7564 23.8906
43.8558 23.413
43.8022 23.0636
43.8533 22.8575
43.905 22.8433
43.9989 22.9069
44.0141 22.9958
44.0566 23.0428
44.0844 23.0372
44.1289 22.8828
44.2431 22.6919
44.3364 22.5369
44.4822 22.46
44.5522 22.6094
44.5225 22.6994
44.5475 22.7636
44.5691 22.7536
44.7144 22.4364
44.6642 22.3136
44.525 22.2067
44.4791 22.1464
44.503 22.0844
44.6369 21.9889
44.6722 21.6228
44.7536 21.6003
44.7716 21.5655
44.7808 21.4003
44.8226 21.361
44.8644 21.3661
44.8908 21.5528
44.928 21.5514
44.995 21.3774
45.1233 21.5128
45.1808 21.4853
45.3083 21.095
45.3458 20.9867
45.4847 20.7831
45.5372 20.8239
45.6058 20.7672
45.7441 20.8047
45.7691 20.7958
45.7405 20.7217
45.8941 20.5917
45.978 20.378
46.1153 20.2611
46.158 20.3356
46.1844 20.7217
46.1992 20.7631
46.2389 20.7533
46.2772 20.8297
46.2389 21.0536
46.33 21.1872
46.3914 21.1972
46.4144 21.2875
46.4475 21.2961
46.4869 21.2617
46.62 21.3267
46.6486 21.4383
46.895 21.6092
47.0008 21.6958
47.0255 21.6517
47.2622 21.8689
47.3544 21.9225
47.375 22.0047
47.5086 22.0103
47.7458 22.3189
47.7439 22.4214
47.7911 22.4417
47.7686 22.6122
47.8364 22.7744
47.8794 22.7708
47.9533 22.8949
47.965 22.9372
48.0089 22.9342
47.99 23.0342
48.0158 23.0911
48.0883 23.1239
48.1086 23.1742
47.9775 23.4806
48.0084 23.545
47.9928 23.6414
47.9286 23.8742
47.9605 23.9755
47.9108 24.1311
47.9233 24.1686
47.9033 24.2381
47.9528 24.5311
47.9064 24.6603
47.8603 24.6761
47.813 24.8164
47.7161 24.8975
47.7289 25.0297
47.7639 25.1239
47.8814 25.2303
47.9297 25.4683
47.9794 26.0111
47.985 26.1592
48.0761 26.2722
48.1864 26.3164
