CIC_MPM_VERS = 1.0
COMMENT Generated by Spacebel CCSDS library
CREATION_DATE = 2017-02-24T16:25:05.125719
ORIGINATOR = SVG² Control

META_START

USER_DEFINED_PROTOCOL = NONE
USER_DEFINED_CONTENT = REGION OF INTEREST
USER_DEFINED_SIZE = 2
USER_DEFINED_TYPE = REAL
USER_DEFINED_UNIT = [deg]

META_STOP

-1.06162 30.4823
-1.2275 30.5228
-1.37306 30.6317
-1.43694 30.7392
-1.67056 30.8403
-1.92945 30.8083
-2.04695 30.8764
-2.35778 30.8292
-2.38075 30.782
-2.3994 30.5737
-2.29944 30.3811
-2.33568 30.3561
-2.33576 30.3526
-2.33702 30.296
-2.33861 30.225
-2.43056 30.1536
-2.42516 30.1324
-2.38056 30.0936
-2.35033 30.035
-2.3387 30.0125
-2.33961 30.0074
-2.3425 29.9911
-2.32111 29.9469
-2.475 29.9547
-2.70556 29.8994
-2.77278 29.8219
-2.8004 29.5713
-2.82667 29.5275
-2.79583 29.4439
-2.82611 29.3794
-2.80806 29.3497
-2.65361 29.3289
-2.58917 29.1406
-2.60472 29.0589
-2.74445 29.0242
-2.65389 28.8892
-2.51361 28.8533
-2.47861 28.8839
-2.4412 28.8728
-2.41028 28.8636
-2.36722 28.8892
-2.36222 28.9578
-2.28556 28.9933
-2.27306 29.0919
-2.22917 29.1236
-2.08639 29.1705
-1.90445 29.1239
-1.81972 29.1411
-1.69274 29.2328
-1.6877 29.2363
-1.51028 29.3611
-1.38525 29.5975
-1.31917 29.8292
-1.36778 29.8833
-1.45583 29.9019
-1.46444 29.975
-1.33972 30.1705
-1.275 30.1847
-1.21444 30.2797
-1.065 30.3561
-1.06162 30.4823
