CIC_MPM_VERS = 1.0
COMMENT Generated by Spacebel CCSDS library
CREATION_DATE = 2017-02-24T16:25:05.157219
ORIGINATOR = SVG² Control

META_START

USER_DEFINED_PROTOCOL = NONE
USER_DEFINED_CONTENT = REGION OF INTEREST
USER_DEFINED_SIZE = 2
USER_DEFINED_TYPE = REAL
USER_DEFINED_UNIT = [deg]

META_STOP

43.9138 12.4077
43.9194 12.4058
43.9231 12.4047
43.9267 12.4039
43.9308 12.4036
43.9356 12.4039
43.9394 12.405
43.9436 12.4047
43.9483 12.405
43.9519 12.4067
43.955 12.4089
43.9567 12.4128
43.9583 12.4167
43.9594 12.4214
43.9606 12.4258
43.9617 12.4306
43.9633 12.4344
43.9656 12.4378
43.9678 12.4411
43.9703 12.4439
43.9739 12.4456
43.9769 12.4478
43.9797 12.4506
43.9817 12.4539
43.9833 12.4581
43.9847 12.4625
43.9858 12.4669
43.9869 12.4717
43.9875 12.4767
43.9883 12.4819
43.9889 12.4872
43.9892 12.4928
43.9889 12.4992
43.9886 12.5056
43.9869 12.51
43.9828 12.5103
43.9792 12.5086
43.9753 12.5075
43.9706 12.5072
43.9661 12.5067
43.9619 12.5069
43.9581 12.5078
43.9544 12.5089
43.9508 12.5097
43.9469 12.5108
43.9433 12.5117
43.9392 12.5106
43.9372 12.5072
43.9356 12.5033
43.9339 12.4994
43.9311 12.4967
43.9272 12.4956
43.9233 12.4964
43.9189 12.4961
43.9147 12.495
43.9117 12.4928
43.9086 12.4906
43.9058 12.4878
43.9039 12.4844
43.9017 12.4811
43.8994 12.4778
43.8972 12.4744
43.8961 12.4697
43.8956 12.4647
43.8961 12.4592
43.8975 12.4542
43.8994 12.4503
43.9019 12.4475
43.9047 12.4453
43.9075 12.4428
43.9094 12.4392
43.9097 12.4342
43.9081 12.4303
43.9069 12.4256
43.9053 12.4217
43.9047 12.4164
43.9061 12.4122
43.9092 12.41
43.9122 12.4083
43.9138 12.4077
