CIC_MPM_VERS = 1.0
COMMENT Generated by Spacebel CCSDS library
CREATION_DATE = 2017-02-24T16:25:05.169718
ORIGINATOR = SVG² Control

META_START

USER_DEFINED_PROTOCOL = NONE
USER_DEFINED_CONTENT = REGION OF INTEREST
USER_DEFINED_SIZE = 2
USER_DEFINED_TYPE = REAL
USER_DEFINED_UNIT = [deg]

META_STOP

0.02 6.52944
0.221944 6.465
0.305 6.49055
0.403611 6.61778
0.404167 6.68305
0.295278 6.76444
0.183611 6.70917
0.07 6.60083
0.02 6.52944
180.0 180.0
1.5306 7.3992
1.5333 7.3969
1.5394 7.3964
1.5436 7.3936
1.5431 7.3889
1.5394 7.3853
1.5369 7.3814
1.5408 7.3786
1.5464 7.3772
1.5497 7.3736
1.5511 7.3683
1.5525 7.3628
1.5553 7.3586
1.56 7.3567
1.5636 7.3531
1.565 7.3478
1.5608 7.345
1.5561 7.3428
1.5567 7.3381
1.5608 7.3353
1.5664 7.3353
1.5717 7.3367
1.5772 7.3381
1.5819 7.3361
1.5875 7.3347
1.5936 7.3339
1.5983 7.3319
1.6025 7.3292
1.6072 7.3272
1.6128 7.3286
1.615 7.3333
1.6142 7.3394
1.6128 7.3422
1.6169 7.345
1.615 7.3497
1.6114 7.3531
1.6094 7.3581
1.6108 7.3622
1.615 7.3647
1.6197 7.3669
1.6267 7.3669
1.6319 7.3656
1.6375 7.3656
1.6431 7.3669
1.6464 7.3703
1.6511 7.3725
1.6539 7.3683
1.6575 7.3647
1.6628 7.3661
1.6675 7.3683
1.6739 7.3675
1.6772 7.3711
1.6828 7.3711
1.6875 7.3731
1.6889 7.3786
1.6869 7.3833
1.6842 7.3875
1.6847 7.3922
1.6903 7.3922
1.695 7.3942
1.6964 7.3997
1.7006 7.4025
1.7019 7.4067
1.6978 7.4094
1.6936 7.4122
1.6903 7.4239
1.6897 7.4286
1.6875 7.4333
1.6869 7.4394
1.6903 7.4431
1.6931 7.4469
1.6931 7.4511
1.6881 7.4533
1.6842 7.4561
1.6828 7.4614
1.6786 7.4642
1.6717 7.4642
1.6711 7.4594
1.6744 7.4561
1.6725 7.4525
1.6664 7.4533
1.665 7.4478
1.665 7.4408
1.6622 7.4367
1.6567 7.4353
1.6533 7.4319
1.6506 7.4278
1.6472 7.43
1.6478 7.4347
1.6478 7.4403
1.645 7.4444
1.6436 7.4497
1.6394 7.4525
1.6356 7.4525
1.6381 7.4567
1.6389 7.4628
1.6347 7.4628
1.6314 7.4594
1.6272 7.4561
1.6231 7.4533
1.6211 7.4483
1.6225 7.4431
1.6197 7.4389
1.6169 7.4347
1.6136 7.4314
1.6108 7.4272
1.6061 7.4264
1.6011 7.4286
1.5972 7.4314
1.5917 7.4328
1.5856 7.4319
1.5806 7.43
1.5753 7.4286
1.5689 7.4278
1.5628 7.4286
1.5567 7.4292
1.5561 7.4231
1.5581 7.4183
1.5586 7.4122
1.5561 7.4081
1.5533 7.4039
1.5492 7.4011
1.5444 7.4033
1.5394 7.4053
1.5356 7.4081
1.5319 7.4044
1.5306 7.3992
180.0 180.0
9.13038e-315 8.20643e-321
