CIC_MPM_VERS = 1.0
COMMENT Generated by Spacebel CCSDS library
CREATION_DATE = 2017-02-24T16:25:05.190718
ORIGINATOR = SVG² Control

META_START

USER_DEFINED_PROTOCOL = NONE
USER_DEFINED_CONTENT = REGION OF INTEREST
USER_DEFINED_SIZE = 2
USER_DEFINED_TYPE = REAL
USER_DEFINED_UNIT = [deg]

META_STOP

25.6349 56.2719
25.6153 56.2147
25.6761 56.1436
26.0147 56.1855
26.0836 56.1589
26.0664 56.0812
26.1003 56.0933
26.2656 56.21
26.2181 56.2344
26.1936 56.2969
26.2208 56.4058
26.2269 56.3072
26.3825 56.3666
26.3436 56.4083
26.3511 56.5033
26.3169 56.5131
26.32 56.4664
26.28 56.4036
26.2392 56.4819
26.1419 56.4633
26.206 56.3722
26.1642 56.3211
26.143 56.3664
26.105 56.3894
26.0828 56.4669
26.0467 56.3855
26.0178 56.4258
25.9761 56.3992
25.9456 56.4486
25.8405 56.3719
25.7472 56.3017
25.6349 56.2719
180.0 180.0
32.2373 39.3031
32.0611 40.0025
31.4711 41.2222
30.9633 42.4239
30.7278 42.9775
30.4147 43.0625
30.3794 43.6583
30.1028 43.6128
29.6078 43.5908
29.46 43.9999
29.2054 44.7149
29.1905 44.7419
28.7747 45.5089
28.8569 45.765
29.1042 46.5416
29.0864 46.698
28.9989 47.4608
28.8561 47.5392
28.7 47.5753
28.5619 47.6842
28.5444 48.4197
28.4075 48.5367
28.2986 48.5317
28.2086 48.6244
28.1261 48.6014
28.0331 48.6564
28.0172 48.7508
27.9792 48.7725
27.9603 48.7428
27.878 48.8261
27.7658 48.8769
27.7656 48.8472
27.7903 48.8142
27.7144 48.7747
27.6861 48.8164
27.7 48.8464
27.6328 48.8581
27.5664 48.903
27.6247 48.9619
27.5678 49.0461
27.5369 49.2497
27.4422 49.3078
27.4428 49.1408
27.3981 49.2239
27.4042 49.2622
27.3272 49.2194
27.3444 49.3072
27.1958 49.3305
27.2194 49.3789
27.2022 49.4144
27.155 49.3903
27.1322 49.5208
27.1772 49.4944
27.1805 49.5294
27.1053 49.5689
26.9658 49.6808
26.845 49.9622
26.6694 50.1508
26.6803 50.1105
26.6817 50.0375
26.7192 50.0141
26.6994 49.9831
26.565 50.0005
26.4628 50.0514
26.4122 50.1839
26.295 50.2189
26.1567 50.1892
26.1783 50.1658
26.1358 50.1603
26.0378 50.1292
26.1778 50.0644
26.1961 50.0228
26.1378 49.9794
25.9967 49.9925
25.9922 50.0114
26.0333 50.03
25.9764 50.1147
25.8586 50.1178
25.7333 50.2133
25.6269 50.2542
25.7006 50.1839
25.4561 50.3672
25.5133 50.38
25.4089 50.4847
25.2283 50.5158
25.0628 50.583
24.9814 50.6522
24.8272 50.7317
24.7197 50.7769
24.7475 50.8261
24.2524 50.8473
23.6044 51.4953
22.52 52.0904
22.2975 53.7991
22.0572 55.5023
22.2886 55.694
22.2886 56.0114
21.2306 56.0114
20.1262 53.9911
18.9989 51.9991
18.2999 49.7213
17.5742 47.4619
16.342 46.5205
15.1055 45.5908
17.3958 44.4989
17.4139 44.3405
17.4119 44.1733
17.3431 44.1147
17.375 44.0239
17.3081 43.9569
17.3133 43.9097
17.3589 43.9097
17.3461 43.7922
17.395 43.7036
17.5167 43.5264
17.5275 43.4492
17.4256 43.2708
17.3325 43.1805
17.3072 43.2561
17.2636 43.2739
17.2111 43.173
16.8486 43.1536
16.8097 43.228
16.7767 43.2305
16.7522 43.1853
16.6722 43.2061
16.6794 43.1025
16.5494 43.0667
16.3772 42.7903
16.5672 42.7203
16.6692 42.7386
16.7039 42.7083
16.875 42.5392
17.0033 42.548
17.0647 42.4366
17.1575 42.4139
17.1761 42.3581
17.0933 42.3636
17.4081 42.3175
17.4561 42.2769
17.7603 41.9353
17.8322 41.7853
18.0136 41.6489
18.1278 41.5919
18.2217 41.4953
18.27 41.5086
18.2794 41.47
18.3975 41.4441
18.5669 41.3542
18.5725 41.2919
18.7003 41.2055
18.8311 41.2505
18.8483 41.2172
18.9528 41.1336
19.0722 41.1744
19.1433 41.0592
19.2622 41.0336
19.3325 40.9525
19.503 40.9425
19.6086 40.7589
19.605 40.798
19.7128 40.7894
19.7919 40.728
19.7936 40.6547
19.7739 40.6436
19.9697 40.5214
20.0736 40.3355
20.2731 40.0944
20.2725 40.0114
20.3464 39.7647
20.5655 39.5706
20.678 39.5189
20.7603 39.4291
20.8072 39.4258
20.8389 39.39
20.9267 39.3344
21.313 39.0819
21.4042 39.1703
21.5044 39.1597
21.5183 39.11
21.6875 39.0753
21.7408 39.1142
21.7239 39.0625
21.9114 38.945
21.9072 38.9925
21.8678 39.0008
21.8378 39.0339
22.1344 39.0192
22.4036 39.145
22.3736 39.0886
22.5703 39.0786
22.725 38.9789
22.7625 39.0175
22.7894 38.9647
22.7481 38.9686
22.9153 38.8583
22.8769 38.9011
22.8453 38.9486
22.8683 38.9614
22.9625 38.893
22.9786 38.8119
23.0383 38.7811
23.0989 38.8025
23.1756 38.7708
23.5608 38.5989
23.5411 38.5592
23.7936 38.4425
23.8903 38.3064
24.1603 37.9175
24.2203 37.9336
24.2055 37.8903
24.1697 37.8961
24.1742 37.8428
24.2992 37.6689
24.25 37.5989
24.2883 37.5158
24.4972 37.4214
24.7278 37.2294
24.8008 37.2264
24.7894 37.1864
24.8467 37.1514
24.8392 37.2125
24.8655 37.2556
24.9758 37.2786
25.1825 37.2355
25.3022 37.1203
25.4408 37.075
25.7483 36.8233
25.7553 36.7908
25.7169 36.8003
25.7525 36.7189
25.8617 36.6533
25.9447 36.7025
26.0008 36.7061
26.0469 36.6708
26.0611 36.5867
26.1236 36.4994
26.5005 36.3053
26.6831 36.1694
26.9014 36.0286
27.0956 35.8217
27.3106 35.7253
27.365 35.6311
27.5428 35.508
27.6025 35.5075
27.665 35.4536
27.855 35.3358
27.9642 35.2325
28.0025 35.1631
28.0269 35.1958
28.0822 35.1017
28.1089 35.0086
28.0803 34.8633
28.1105 34.8403
28.0997 34.7897
28.1371 34.7059
28.1275 34.6769
28.0658 34.6642
28.0289 34.6139
28.0917 34.603
28.175 34.6314
28.2489 34.6747
28.3814 34.7344
28.5364 34.8078
28.6414 34.7911
28.7608 34.8147
28.9047 34.8328
29.0683 34.8736
29.2328 34.9128
29.36 34.9611
29.3624 34.961
29.3219 35.2189
29.2825 35.4758
29.2425 35.7325
29.2019 35.9889
29.1889 36.07
29.3772 36.328
29.5753 36.5492
29.798 36.6986
29.8647 36.7436
29.9122 37.0028
29.9592 37.2622
30.018 37.5105
30.2403 37.62
30.3364 37.6675
30.4686 37.9308
30.5042 38.0014
30.7322 37.7769
30.9603 37.5519
31.1861 37.3264
31.4133 37.098
31.5056 37.0053
31.5733 37.2694
31.6406 37.5339
31.7072 37.7989
31.7731 38.0625
31.8394 38.3283
31.9053 38.5944
31.9706 38.8608
32.0056 39.005
32.2166 39.2758
32.2373 39.3031
180.0 180.0
9.13038e-315 8.18173e-321
