CIC_MPM_VERS = 1.0
COMMENT Generated by Spacebel CCSDS library
CREATION_DATE = 2017-02-24T16:25:05.245718
ORIGINATOR = SVG² Control

META_START

USER_DEFINED_PROTOCOL = NONE
USER_DEFINED_CONTENT = REGION OF INTEREST
USER_DEFINED_SIZE = 2
USER_DEFINED_TYPE = REAL
USER_DEFINED_UNIT = [deg]

META_STOP

16.078 -16.5273
16.0942 -16.507
16.0522 -16.4922
16.1805 -16.4689
16.22 -16.3881
16.5036 -16.3
16.5519 -16.1461
16.49 -15.9858
16.5125 -15.55
16.5797 -15.4689
16.5589 -15.2392
16.5861 -15.1081
16.6144 -15.0875
16.6483 -15.1169
16.6711 -15.0978
16.6303 -15.0486
16.6931 -14.9811
16.6383 -14.8603
16.64 -14.3778
16.6325 -14.3372
16.5769 -14.3356
16.5478 -14.225
16.278 -13.9669
16.2372 -13.9736
16.198 -13.8753
16.1183 -13.8517
16.185 -13.7111
16.0989 -13.6772
16.1497 -13.4953
16.095 -13.4606
16.0553 -13.3955
15.6386 -13.2428
15.5833 -13.0925
15.5089 -13.1003
15.4792 -13.0603
15.5061 -12.9647
15.368 -12.9325
15.3081 -12.8458
15.2703 -12.8439
15.2617 -12.8936
15.208 -12.8497
15.2086 -12.7883
15.1468 -12.7785
15.0089 -12.4789
14.8878 -12.4308
14.7722 -12.2458
14.6394 -12.1478
14.6075 -12.1786
14.4008 -12.2025
14.3667 -12.0989
14.3044 -12.0983
14.2789 -12.0311
14.1672 -11.9808
14.0125 -12.015
13.9044 -11.9425
13.8083 -11.9528
13.7083 -12.0826
13.6606 -12.0545
13.4575 -11.8681
13.375 -11.8853
13.3128 -11.7983
13.373 -11.7569
13.4128 -11.7197
13.3647 -11.5978
13.1378 -11.5278
13.0761 -11.4347
12.9594 -11.42
12.9881 -11.3781
12.9289 -11.3681
12.9161 -11.4122
12.7267 -11.3833
12.7139 -11.4286
12.6236 -11.4225
12.5506 -11.4519
12.4675 -11.3583
12.4046 -11.3733
12.4367 -11.4864
12.3864 -11.8417
12.4289 -11.9083
12.3914 -11.9689
12.4103 -12.0989
12.3014 -12.3453
12.3828 -12.4364
12.3967 -12.4969
12.3592 -12.5728
12.4375 -12.6333
12.48 -12.8414
12.543 -12.8917
12.5411 -12.9317
12.4764 -12.9553
12.4731 -13.0378
12.525 -13.0689
12.59 -13.0417
12.6397 -13.0614
12.666 -13.7126
12.6767 -13.9283
12.6847 -15.2183
12.5569 -15.4072
12.43 -15.6856
12.4608 -16.2092
12.3611 -16.4639
12.3346 -16.6778
12.323 -16.7206
12.4158 -16.7897
12.4892 -16.7994
12.5328 -16.7667
12.6325 -16.5808
12.5858 -16.5283
12.5955 -16.4953
12.5444 -16.3742
12.6308 -16.015
12.5511 -15.8178
12.5892 -15.7672
12.5311 -15.6272
12.6347 -15.5081
12.6622 -15.5269
12.7836 -15.5281
12.7967 -15.395
12.8319 -15.39
12.8286 -15.4567
12.7686 -15.5556
12.7047 -15.5494
12.6278 -15.5561
12.5561 -15.6564
12.6083 -15.6747
12.5986 -15.9183
12.7278 -16.0247
12.6317 -16.0797
12.5978 -16.3411
12.5756 -16.4197
12.6194 -16.4689
12.6244 -16.5131
12.6881 -16.5708
12.6558 -16.6261
12.7 -16.6392
12.745 -16.5933
12.7917 -16.5981
12.7189 -16.6503
12.6342 -16.6453
12.5789 -16.7228
12.5744 -16.7744
12.7122 -16.7936
12.9339 -16.7572
13.0371 -16.7748
13.1614 -16.7006
13.16 -15.8094
13.3489 -15.8089
13.3611 -15.5675
13.3983 -15.5053
13.3672 -15.36
13.3856 -15.2594
13.4297 -15.2128
13.535 -15.1969
13.5958 -15.1114
13.4725 -14.9544
13.4539 -14.8506
13.3689 -14.7281
13.3444 -14.6478
13.3631 -14.5736
13.245 -14.3783
13.2411 -14.2975
13.3336 -13.8497
13.4003 -13.7986
13.453 -13.8083
13.5085 -13.8691
13.5667 -13.9142
13.5825 -13.9878
13.4539 -14.3378
13.5097 -14.4353
13.6344 -14.5119
13.6703 -14.5992
13.6622 -14.6492
13.6119 -14.7189
13.6533 -14.792
13.7411 -14.8164
13.7842 -14.8639
13.8264 -15.0705
13.7447 -15.2517
13.7953 -15.315
13.7814 -15.3647
13.7044 -15.4586
13.5894 -15.4889
13.59 -16.5693
13.6461 -16.5733
13.6828 -16.5095
13.7158 -16.5264
13.6478 -16.6097
13.7019 -16.6456
13.7753 -16.6272
13.8339 -16.5669
13.7939 -16.4914
13.9356 -16.5031
13.8644 -16.5461
13.77 -16.7081
13.8225 -16.7369
13.9653 -16.7403
13.9928 -16.6967
13.9867 -16.5736
14.0428 -16.585
14.1511 -16.4206
14.1894 -16.4689
14.1455 -16.4639
14.1536 -16.5117
14.0047 -16.6314
14.0172 -16.7211
14.0933 -16.6544
14.0647 -16.7239
13.8358 -16.7767
14.0281 -16.7814
14.1789 -16.8781
14.3756 -16.9481
14.455 -17.0653
14.6544 -17.1758
14.7317 -17.3353
14.7283 -17.4283
14.6989 -17.4231
14.6614 -17.4564
14.7603 -17.52
14.918 -17.1461
15.0975 -16.9811
15.3653 -16.8006
15.7814 -16.5364
16.0604 -16.5277
16.078 -16.5273
