CIC_MPM_VERS = 1.0
COMMENT Generated by Spacebel CCSDS library
CREATION_DATE = 2017-02-24T16:25:05.250219
ORIGINATOR = SVG² Control

META_START

USER_DEFINED_PROTOCOL = NONE
USER_DEFINED_CONTENT = REGION OF INTEREST
USER_DEFINED_SIZE = 2
USER_DEFINED_TYPE = REAL
USER_DEFINED_UNIT = [deg]

META_STOP

-4.3497 55.7703
-4.3483 55.7647
-4.3464 55.76
-4.345 55.7544
-4.3436 55.7489
-4.3431 55.7428
-4.3417 55.7372
-4.3403 55.7319
-4.3367 55.7283
-4.3314 55.7283
-4.3253 55.7292
-4.3225 55.725
-4.3217 55.7189
-4.3211 55.7128
-4.3206 55.7064
-4.3183 55.7017
-4.315 55.6983
-4.3114 55.6947
-4.3067 55.6928
-4.3019 55.6908
-4.2986 55.6872
-4.2931 55.6858
-4.2875 55.6872
-4.2869 55.6936
-4.2842 55.6975
-4.2808 55.7011
-4.28 55.7072
-4.2828 55.7114
-4.2814 55.7128
-4.2847 55.7161
-4.2889 55.7189
-4.2936 55.7208
-4.2978 55.7236
-4.3011 55.7269
-4.3028 55.7325
-4.3019 55.7386
-4.2986 55.7422
-4.2986 55.7475
-4.3006 55.7525
-4.3042 55.7558
-4.3075 55.7592
-4.3108 55.7628
-4.3136 55.7667
-4.3156 55.7717
-4.3164 55.7778
-4.3169 55.7839
-4.3183 55.7894
-4.3217 55.7928
-4.3258 55.7914
-4.3258 55.7847
-4.3244 55.7792
-4.3267 55.7744
-4.3306 55.7717
-4.3367 55.7722
-4.3408 55.775
-4.3444 55.7783
-4.3483 55.7758
-4.3497 55.7703
180.0 180.0
-4.7892 55.5325
-4.7883 55.5264
-4.7856 55.5222
-4.7822 55.5186
-4.7786 55.5153
-4.7761 55.5111
-4.7725 55.5078
-4.7686 55.5044
-4.7644 55.5017
-4.7589 55.5003
-4.7542 55.4981
-4.7514 55.4942
-4.7494 55.4892
-4.7472 55.4844
-4.7439 55.4811
-4.7406 55.4775
-4.7344 55.4769
-4.7303 55.4797
-4.7294 55.4858
-4.7289 55.4906
-4.7242 55.4914
-4.7192 55.4892
-4.7139 55.4878
-4.7083 55.4892
-4.7028 55.4906
-4.6961 55.4906
-4.6933 55.4864
-4.6928 55.4803
-4.69 55.4761
-4.6858 55.4736
-4.6825 55.47
-4.6783 55.4672
-4.675 55.4639
-4.6708 55.4611
-4.6681 55.4569
-4.6647 55.4536
-4.6619 55.4494
-4.6592 55.4453
-4.6564 55.4414
-4.6544 55.4364
-4.6525 55.4317
-4.6511 55.4261
-4.6503 55.42
-4.6497 55.4139
-4.6497 55.4069
-4.6492 55.4008
-4.6456 55.3975
-4.64 55.3975
-4.6347 55.3961
-4.6319 55.3919
-4.6311 55.3858
-4.6297 55.3803
-4.6272 55.3761
-4.6231 55.3747
-4.6203 55.3789
-4.6189 55.3831
-4.6183 55.3892
-4.6156 55.3933
-4.6108 55.3953
-4.6047 55.3961
-4.6011 55.3994
-4.5992 55.4042
-4.5978 55.4097
-4.5978 55.4167
-4.5997 55.4214
-4.6011 55.4269
-4.5992 55.4317
-4.5944 55.4339
-4.5889 55.435
-4.5833 55.4364
-4.5786 55.4386
-4.5725 55.4392
-4.5678 55.4414
-4.5628 55.4433
-4.5581 55.4453
-4.5556 55.4494
-4.5533 55.4544
-4.5514 55.4592
-4.5514 55.4639
-4.5519 55.4686
-4.5556 55.4722
-4.5594 55.475
-4.565 55.475
-4.5697 55.4728
-4.5744 55.4708
-4.58 55.4708
-4.5847 55.4728
-4.5903 55.4728
-4.595 55.4708
-4.6011 55.47
-4.6067 55.4686
-4.6122 55.47
-4.6161 55.4728
-4.6203 55.4756
-4.6236 55.4789
-4.6272 55.4825
-4.6297 55.4864
-4.6328 55.4906
-4.6347 55.4956
-4.6367 55.5003
-4.6394 55.5044
-4.6422 55.5083
-4.645 55.5125
-4.6478 55.5167
-4.6503 55.5208
-4.6517 55.5264
-4.6544 55.5303
-4.6578 55.5339
-4.6614 55.5372
-4.6661 55.5392
-4.6722 55.54
-4.6783 55.5406
-4.6839 55.5406
-4.69 55.54
-4.6956 55.5386
-4.7017 55.5381
-4.7078 55.5372
-4.7139 55.5367
-4.7208 55.5367
-4.7261 55.5353
-4.7322 55.5344
-4.7386 55.5339
-4.7447 55.5331
-4.7514 55.5331
-4.7575 55.5339
-4.7631 55.5353
-4.7672 55.5381
-4.7719 55.54
-4.7761 55.5428
-4.7794 55.5461
-4.7842 55.5483
-4.7878 55.5447
-4.7883 55.5386
-4.7892 55.5325
180.0 180.0
9.13038e-315 8.18667e-321
