CIC_MPM_VERS = 1.0
COMMENT Generated by Spacebel CCSDS library
CREATION_DATE = 2017-02-24T16:25:05.294219
ORIGINATOR = SVG² Control

META_START

USER_DEFINED_PROTOCOL = NONE
USER_DEFINED_CONTENT = REGION OF INTEREST
USER_DEFINED_SIZE = 2
USER_DEFINED_TYPE = REAL
USER_DEFINED_UNIT = [deg]

META_STOP

7.38639 -12.5597
7.44694 -12.575
7.51528 -12.745
7.57444 -12.9083
7.61416 -12.8853
7.635 -12.5975
7.57361 -12.497
7.40139 -12.5214
7.38639 -12.5597
180.0 180.0
9.27047 -12.9009
9.28222 -12.8442
9.32722 -12.7881
9.39916 -12.7047
9.66222 -12.5836
9.71083 -12.5195
9.86222 -12.5033
9.93888 -12.2356
9.875 -12.1319
9.93139 -11.8933
9.99611 -11.895
9.9975 -11.2147
9.65833 -10.9364
9.43333 -10.8286
9.38778 -10.7483
9.295 -10.6567
9.18111 -10.7269
9.08 -10.7339
9.057 -10.5712
8.88944 -10.5953
8.75139 -10.5303
8.68416 -10.4672
8.625 -10.5003
8.57166 -10.5897
8.435 -10.6503
8.27575 -10.7013
8.33805 -10.6522
8.31027 -10.5494
8.355 -10.4858
8.495 -10.3861
8.4887 -10.2665
8.36583 -10.2944
8.19833 -10.2972
8.14639 -10.3555
8.13638 -10.4981
8.03055 -10.6033
7.77316 -10.6004
7.74444 -10.6847
7.50916 -10.9042
7.38722 -11.0989
7.22444 -11.2775
7.14694 -11.3558
7.09278 -11.3378
6.9132 -11.4987
7.09944 -11.755
7.18667 -11.9461
7.36111 -12.4281
7.39722 -12.4981
7.41555 -12.4389
7.38972 -12.3658
7.45222 -12.4944
7.53028 -12.4283
7.52805 -12.2961
7.59861 -12.1856
7.56805 -12.2953
7.55611 -12.4636
7.63361 -12.505
7.65722 -12.5422
7.77 -12.4619
7.70861 -12.5414
7.68278 -12.6064
7.81194 -12.8619
7.90833 -12.9581
7.9375 -12.8819
7.91806 -12.8225
8.03333 -12.9081
8.10166 -12.8781
8.18889 -12.9828
8.25222 -12.9769
8.23694 -13.0222
8.16805 -13.16
8.24472 -13.1622
8.34222 -13.2247
8.49889 -13.2853
8.49361 -13.1981
8.37139 -13.0689
8.38 -13.0353
8.4225 -13.0981
8.45333 -13.1258
8.55639 -13.0147
8.55111 -12.9508
8.56722 -12.8714
8.59166 -12.9467
8.59333 -13.0878
8.64805 -13.0289
8.65528 -13.1622
8.57972 -13.1019
8.51444 -13.1453
8.51861 -13.1656
8.66528 -13.2408
8.82416 -13.2369
8.86028 -13.1986
8.84 -13.1722
8.85639 -13.0692
8.89055 -13.1622
8.92555 -13.1139
8.94111 -13.0842
8.91416 -13.1942
8.95472 -13.2511
9.03845 -13.2984
9.08694 -13.1875
9.04583 -13.0958
9.10361 -13.0075
9.23444 -12.9608
9.28889 -12.9306
9.27047 -12.9009
180.0 180.0
9.13038e-315 8.20149e-321
