CIC_MPM_VERS = 1.0
COMMENT Generated by Spacebel CCSDS library
CREATION_DATE = 2017-02-24T16:25:05.458219
ORIGINATOR = SVG² Control

META_START

USER_DEFINED_PROTOCOL = NONE
USER_DEFINED_CONTENT = REGION OF INTEREST
USER_DEFINED_SIZE = 2
USER_DEFINED_TYPE = REAL
USER_DEFINED_UNIT = [deg]

META_STOP

46.6614 16.0269
46.7372 15.9933
46.8347 15.9936
46.8514 16.1067
46.8725 16.2817
46.8411 16.3505
46.7797 16.3183
46.6878 16.4267
46.6364 16.3917
46.4752 16.6092
46.4694 16.5772
46.5408 16.3978
46.5317 16.3007
46.4983 16.2514
46.4119 16.2689
46.3858 16.3039
46.3744 16.2939
46.3889 16.2631
46.3847 16.1925
46.4061 16.1447
46.3797 16.0783
46.3311 16.0811
46.2981 16.0172
46.2583 15.8217
46.2125 15.7811
46.2267 15.6767
46.2167 15.6519
46.1425 15.5997
46.0869 15.6294
46.0472 15.7183
46.02 15.7
45.9347 15.7236
45.9028 15.6906
45.8619 15.6794
45.8442 15.6978
45.8233 15.6567
45.8486 15.6094
45.8264 15.5383
45.8358 15.4994
45.8022 15.4822
45.8158 15.4447
45.7614 15.3225
45.7311 15.2919
45.6947 15.2833
45.6908 15.3028
45.7194 15.3086
45.6975 15.3358
45.7144 15.3586
45.7028 15.3681
45.675 15.3472
45.6467 15.3919
45.6492 15.3481
45.6081 15.2831
45.5378 15.3039
45.5103 15.3361
45.4822 15.3233
45.4564 15.3353
45.4617 15.2722
45.4311 15.2242
45.4394 15.1881
45.4256 15.1686
45.4861 15.0847
45.4894 15.0211
45.5244 14.9292
45.4764 14.9072
45.4658 14.8178
45.5014 14.7972
45.5328 14.7031
45.5367 14.6869
45.5742 14.6853
45.62 14.6136
45.6753 14.6014
45.665 14.565
45.6311 14.5544
45.5981 14.5097
45.5297 14.4858
45.4861 14.3928
45.4842 14.3206
45.5056 14.2383
45.4744 14.1314
45.5222 13.9894
45.5078 13.9783
45.48 13.9972
45.46 13.9867
45.4533 13.9069
45.4781 13.8586
45.4444 13.6914
45.4644 13.6153
45.5071 13.5697
45.5469 13.7494
45.5977 13.7175
45.5875 13.8594
45.6375 13.9192
45.7269 13.8219
45.8108 13.5981
45.8542 13.5778
45.9222 13.6236
45.9886 13.635
45.9933 13.59
45.9675 13.5425
46.0133 13.4794
46.1425 13.6458
46.183 13.6644
46.218 13.5506
46.2303 13.4433
46.2972 13.383
46.3694 13.4811
46.4503 13.6922
46.5255 13.719
46.4886 14.0847
46.4408 14.1594
46.4464 14.4283
46.3875 14.5744
46.4375 14.5942
46.5128 14.8147
46.6158 14.8706
46.6572 15.1053
46.618 15.5008
46.7097 15.6494
46.6614 16.0269
