CIC_MPM_VERS = 1.0
COMMENT Generated by Spacebel CCSDS library
CREATION_DATE = 2017-02-24T16:25:05.405719
ORIGINATOR = SVG² Control

META_START

USER_DEFINED_PROTOCOL = NONE
USER_DEFINED_CONTENT = REGION OF INTEREST
USER_DEFINED_SIZE = 2
USER_DEFINED_TYPE = REAL
USER_DEFINED_UNIT = [deg]

META_STOP

48.6165 16.9449
48.6281 16.9528
48.6344 16.9703
48.64 16.9758
48.6814 16.9881
48.6878 16.9936
48.6947 17.0036
48.6981 17.0056
48.7089 17.0031
48.7167 17.0047
48.7219 17.0106
48.75 17.0267
48.7581 17.0347
48.765 17.0383
48.7711 17.0439
48.7769 17.0553
48.7864 17.0686
48.7928 17.0922
48.8031 17.1
48.8269 17.1081
48.8331 17.1139
48.8378 17.1264
48.8422 17.1461
48.8492 17.1628
48.8692 17.1889
48.8697 17.2056
48.8731 17.2303
48.8708 17.2528
48.8525 17.3069
48.8481 17.3436
48.8275 17.3764
48.8228 17.3903
48.8228 17.4039
48.8267 17.4186
48.8336 17.4333
48.8436 17.4453
48.8519 17.4592
48.8525 17.4767
48.8461 17.4933
48.8328 17.5092
48.8175 17.5225
48.8153 17.5294
48.8178 17.55
48.8297 17.5733
48.8339 17.5972
48.8408 17.6067
48.8464 17.6331
48.8519 17.6456
48.8511 17.6736
48.8567 17.6861
48.8578 17.6942
48.8561 17.7122
48.8714 17.7361
48.8758 17.7547
48.8797 17.7631
48.8842 17.7675
48.9006 17.7758
48.9067 17.7822
48.9133 17.7933
48.9228 17.8011
48.9264 17.8064
48.9278 17.8136
48.9281 17.8508
48.9244 17.8842
48.9269 17.8903
48.9344 17.8964
48.9475 17.8975
48.9528 17.9
48.9636 17.9106
48.9697 17.9122
48.985 17.9111
49.0169 17.9283
49.0228 17.94
49.0275 17.9675
49.0289 17.99
49.0247 18.0175
49.0256 18.0303
49.0358 18.0653
49.0419 18.0753
49.0694 18.0997
49.0828 18.1219
49.1028 18.1303
49.1156 18.1478
49.1244 18.1514
49.13 18.1508
49.1397 18.145
49.145 18.1453
49.1653 18.1589
49.1964 18.1664
49.2103 18.1742
49.2211 18.185
49.2264 18.1881
49.2294 18.1881
49.2342 18.185
49.2417 18.1747
49.2842 18.2081
49.2881 18.2128
49.29 18.2197
49.2944 18.2522
49.3019 18.2814
49.3039 18.3072
49.3075 18.3178
49.3178 18.3333
49.3231 18.3508
49.3256 18.3661
49.3303 18.3794
49.3358 18.3869
49.3611 18.4083
49.3711 18.4203
49.3742 18.4203
49.3783 18.4172
49.3892 18.4064
49.3942 18.4047
49.3969 18.4058
49.3961 18.4144
49.3908 18.4281
49.3906 18.4369
49.3928 18.4436
49.4072 18.4692
49.4131 18.4756
49.4231 18.4825
49.4347 18.4964
49.4442 18.5172
49.4503 18.5353
49.4575 18.5461
49.4636 18.5483
49.4817 18.5483
49.4869 18.5514
49.4939 18.5622
49.4978 18.5811
49.4975 18.5864
49.4917 18.6053
49.4922 18.6231
49.4942 18.6303
49.5033 18.6481
49.5042 18.6556
49.4958 18.6817
49.4967 18.705
49.4853 18.7306
49.4831 18.7447
49.4914 18.7631
49.505 18.7794
49.5161 18.7986
49.5189 18.8144
49.5158 18.8447
49.5178 18.8533
49.5147 18.8542
49.5 18.9794
49.3961 18.9806
49.4022 19.1389
49.4339 19.1969
49.5305 19.2764
49.5294 19.3386
49.5697 19.3903
49.6053 19.4755
49.4536 19.5853
49.4505 19.6519
49.4019 19.6411
49.4044 19.7917
49.3197 19.8089
49.213 19.7661
49.1964 19.7944
49.2311 19.9364
49.2138 20.0026
49.1764 20.0689
49.228 20.0994
49.3244 20.1817
49.4091 20.4408
49.3778 20.5672
49.4175 20.695
49.2961 20.9108
49.3664 21.0975
49.4053 21.0494
49.4317 21.1258
49.4039 21.1975
49.4566 21.2789
49.4164 21.5131
49.4369 21.6128
49.3116 21.9803
49.215 22.0303
49.0908 22.475
49.0794 22.558
49.0322 22.5475
48.9755 22.4653
48.6839 22.3264
48.5766 22.1572
48.4121 22.1514
48.3772 22.1017
48.3655 21.8628
48.3508 21.738
48.4494 21.628
48.4983 21.6142
48.5753 21.4428
48.4925 21.1255
48.5758 20.8247
48.5378 20.51
48.3058 20.3647
48.2547 20.2919
48.2603 20.1503
48.1803 20.0655
48.13 19.9186
48.2319 19.6622
48.2122 19.535
48.0891 19.4764
48.0688 19.0012
48.0358 18.8275
47.9939 18.8083
47.9561 18.7703
47.8778 18.7669
47.8184 18.8494
47.8167 18.8125
47.7408 18.3375
47.7469 17.7842
47.828 17.6033
48.025 17.2517
48.0018 17.1799
48.08 17.0808
48.1441 17.0681
48.1742 16.9767
48.278 16.9497
48.3686 16.8408
48.4192 16.8561
48.4872 16.8964
48.6165 16.9449
