CIC_MPM_VERS = 1.0
COMMENT Generated by Spacebel CCSDS library
CREATION_DATE = 2017-02-24T16:25:05.449219
ORIGINATOR = SVG² Control

META_START

USER_DEFINED_PROTOCOL = NONE
USER_DEFINED_CONTENT = REGION OF INTEREST
USER_DEFINED_SIZE = 2
USER_DEFINED_TYPE = REAL
USER_DEFINED_UNIT = [deg]

META_STOP

-8.14084 157.167
-8.12778 157.049
-8.04639 156.968
-7.97778 156.945
-7.89306 156.984
-7.85222 157.091
-7.91195 157.171
-8.05945 157.204
-8.14084 157.167
180.0 180.0
-9.63139 161.381
-9.51611 161.257
-9.37389 161.164
-9.15639 160.866
-8.70889 160.688
-8.60917 160.656
-8.56445 160.719
-8.43778 160.645
-8.34973 160.577
-8.3225 160.596
-8.36806 160.722
-8.31028 160.72
-8.3625 160.809
-8.54834 160.927
-8.59639 160.988
-8.65389 161.011
-8.76361 160.93
-8.84417 160.971
-8.86056 161.039
-9.05473 161.187
-9.29556 161.273
-9.46584 161.343
-9.54725 161.382
-9.63139 161.381
180.0 180.0
-6.88195 155.713
-6.7975 155.433
-6.54361 155.176
-6.51639 155.216
-6.36306 155.23
-6.30861 155.204
-6.21139 154.986
-6.05333 154.867
-5.94834 154.75
-5.67611 154.718
-5.55833 154.768
-5.43611 154.697
-5.43278 154.748
-5.54667 154.911
-5.54806 155.059
-5.91083 155.297
-5.99944 155.404
-6.12083 155.433
-6.2175 155.563
-6.22 155.615
-6.32083 155.741
-6.51222 155.91
-6.71722 155.968
-6.79194 155.915
-6.73556 155.924
-6.73083 155.91
-6.80306 155.879
-6.77972 155.82
-6.88195 155.713
180.0 180.0
-7.94806 156.714
-7.9425 156.659
-7.88278 156.648
-7.87278 156.607
-7.76417 156.584
-7.71584 156.51
-7.63695 156.497
-7.57528 156.57
-7.63778 156.674
-7.70222 156.747
-7.72278 156.806
-7.7825 156.796
-7.84611 156.724
-7.94806 156.714
180.0 180.0
-10.842 162.358
-10.77 161.888
-10.5842 161.588
-10.5639 161.522
-10.4845 161.533
-10.4203 161.492
-10.3692 161.514
-10.3356 161.287
-10.2161 161.292
-10.2058 161.314
-10.2194 161.439
-10.4494 161.845
-10.4486 162.104
-10.6886 162.289
-10.8089 162.257
-10.8231 162.387
-10.842 162.358
180.0 180.0
-8.77111 158.003
-8.70473 157.896
-8.61 157.876
-8.50889 157.994
-8.5475 158.01
-8.52389 158.092
-8.56778 158.141
-8.61195 158.061
-8.65945 158.104
-8.72695 158.076
-8.77111 158.003
180.0 180.0
-5.45861 154.632
-5.24361 154.559
-5.11695 154.582
-5.13722 154.534
-5.035 154.596
-5.01861 154.62
-5.02389 154.659
-5.10472 154.695
-5.16056 154.682
-5.19722 154.727
-5.42944 154.668
-5.45861 154.632
180.0 180.0
-9.94139 160.641
-9.81528 160.26
-9.81 159.952
-9.7375 159.766
-9.58972 159.659
-9.44639 159.605
-9.3225 159.6
-9.25445 159.705
-9.36334 159.869
-9.41861 159.909
-9.4375 159.999
-9.41528 160.357
-9.59584 160.639
-9.71111 160.729
-9.77417 160.805
-9.85778 160.833
-9.94139 160.641
180.0 180.0
-8.58334 157.881
-8.55695 157.798
-8.44723 157.586
-8.37334 157.577
-8.41667 157.618
-8.3875 157.628
-8.25806 157.539
-8.3225 157.315
-8.33528 157.266
-8.26556 157.219
-8.19972 157.233
-8.19834 157.309
-8.00695 157.41
-7.97111 157.509
-8.05306 157.608
-8.23639 157.632
-8.24389 157.77
-8.47972 157.906
-8.58334 157.881
180.0 180.0
-9.7775 161.544
-9.68556 161.472
-9.73473 161.447
-9.66945 161.397
-9.35111 161.364
-9.63223 161.554
-9.77417 161.572
-9.7775 161.544
180.0 180.0
-11.8458 160.497
-11.7867 160.387
-11.7183 160.361
-11.6344 160.268
-11.6445 160.135
-11.5344 159.967
-11.5089 159.964
-11.4719 160.014
-11.6847 160.443
-11.7894 160.581
-11.8103 160.539
-11.8458 160.497
180.0 180.0
-7.43389 157.444
-7.35167 157.284
-7.34778 157.106
-7.275 157.066
-7.21917 156.936
-6.87111 156.624
-6.73083 156.451
-6.64361 156.439
-6.60417 156.486
-6.65583 156.648
-6.83556 156.888
-6.96695 157.107
-7.18917 157.216
-7.32445 157.429
-7.30139 157.508
-7.35028 157.535
-7.43389 157.444
180.0 180.0
-8.5475 159.832
-8.34417 159.546
-8.13945 159.139
-7.91333 158.77
-7.8075 158.678
-7.76417 158.588
-7.60389 158.514
-7.55972 158.441
-7.53528 158.465
-7.59084 158.597
-7.56722 158.643
-7.61056 158.71
-7.59306 158.746
-7.74445 158.879
-7.79861 158.982
-7.8475 158.99
-7.98611 159.37
-8.10695 159.533
-8.33 159.85
-8.38278 159.812
-8.39306 159.757
-8.54611 159.895
-8.5475 159.832
180.0 180.0
9.13038e-315 8.16196e-321
