CIC_MPM_VERS = 1.0
COMMENT Generated by Spacebel CCSDS library
CREATION_DATE = 2017-02-24T16:25:05.486218
ORIGINATOR = SVG² Control

META_START

USER_DEFINED_PROTOCOL = NONE
USER_DEFINED_CONTENT = REGION OF INTEREST
USER_DEFINED_SIZE = 2
USER_DEFINED_TYPE = REAL
USER_DEFINED_UNIT = [deg]

META_STOP

12.3083 53.7592
12.3447 53.5764
12.5344 53.3089
12.5611 53.39
12.658 53.405
12.7128 53.5419
12.7058 53.648
12.6164 53.7747
12.6069 53.8344
12.6569 53.9711
12.6797 54.1917
12.6505 54.2208
12.5658 54.5336
12.5433 54.4936
12.3506 54.0394
12.3083 53.7592
180.0 180.0
11.0039 42.9433
11.4728 43.2486
11.4636 43.2586
11.463 43.2875
11.4906 43.2936
11.4239 43.3361
11.3658 43.4925
11.2156 43.4989
10.9542 43.6842
10.4478 44.2783
10.4119 44.3847
10.4267 44.9597
10.8769 45.7947
10.7914 45.9867
10.7861 46.2503
10.6969 46.3475
10.6889 46.448
10.7483 46.6555
11.0231 47.1166
11.18 47.3989
11.1831 47.52
11.0992 47.6917
11.1455 48.1625
11.2764 48.3475
11.3292 48.6544
11.2456 48.924
11.3419 49.4291
11.4333 49.5439
11.508 50.0655
11.5889 50.2739
11.75 50.4989
11.9108 50.5705
11.9906 50.7722
11.8317 51.2789
11.7825 51.2658
11.328 51.0764
11.1847 51.0794
11.1408 51.1703
10.9678 51.1142
10.5836 51.1592
10.4328 51.0097
10.413 51.0272
10.4478 51.2267
10.5619 51.1744
10.5003 51.2608
10.4886 51.3741
10.4494 51.4129
10.3722 51.3658
10.4244 51.2458
10.4119 51.0872
10.3583 50.9544
10.3092 50.8933
10.1894 50.9017
9.67027 50.8244
9.44305 50.8408
9.31305 50.7661
9.27611 50.6958
9.19389 50.6442
9.08305 50.6436
8.93889 50.4761
8.61889 50.3219
8.54639 50.3256
8.49111 50.2894
8.17555 50.1017
7.95028 49.8319
7.88278 49.8064
7.76 49.8191
7.31278 49.5878
7.29167 49.5675
6.88389 49.2911
6.41055 49.0739
6.19305 49.0597
5.90555 48.9
5.4775 48.6422
5.10139 48.343
4.67694 48.0858
4.29916 47.8025
3.93667 47.4908
3.86055 47.4283
3.52278 47.093
3.16889 46.7761
2.84805 46.4303
2.50972 46.1033
2.32083 45.8469
2.08389 45.4322
1.86083 45.0042
1.59555 44.6089
1.3 44.2422
0.989166 43.8955
0.689444 43.5381
0.348056 43.213
0.000529078 42.8929
-0.147778 42.7483
-0.463056 42.4516
-0.82 42.1508
-0.831667 42.0864
-1.02556 41.9714
-1.21806 41.8719
-1.16889 41.8322
-1.27917 41.8239
-1.67436 41.5577
-1.59222 41.5553
-0.906389 41.0297
0 40.9886
2.83259 40.9863
3.1675 41.3369
3.99046 41.9136
3.99866 41.9136
4.00972 41.9305
4.08528 41.9558
4.17528 42.0758
4.20889 42.1958
4.23361 42.5141
4.29528 42.8317
4.35611 42.9142
4.50861 42.9714
4.67083 43.1639
4.86916 43.6236
4.96305 43.9819
4.9025 44.9508
6.47333 46.4186
8.00305 47.9894
8.00111 47.0119
8.56416 45.3433
9.00722 44.0105
9.35444 43.6272
9.33611 43.583
9.42611 43.4308
9.60805 43.3411
9.64139 43.278
9.88138 43.2161
9.91833 43.0916
10.3139 42.8169
10.4556 42.7861
10.5319 42.7122
10.6214 42.6655
11.0039 42.9433
180.0 180.0
9.13038e-315 8.16691e-321
