CIC_MPM_VERS = 1.0
COMMENT Generated by Spacebel CCSDS library
CREATION_DATE = 2017-02-24T16:25:05.579218
ORIGINATOR = SVG² Control

META_START

USER_DEFINED_PROTOCOL = NONE
USER_DEFINED_CONTENT = REGION OF INTEREST
USER_DEFINED_SIZE = 2
USER_DEFINED_TYPE = REAL
USER_DEFINED_UNIT = [deg]

META_STOP

-22.1914 29.3705
-22.1633 29.4508
-22.1361 29.7675
-22.3006 30.1331
-22.2922 30.2311
-22.3433 30.295
-22.2961 30.8669
-22.3217 31.1558
-22.4161 31.2976
-23.1867 31.5617
-23.4767 31.5508
-23.6136 31.6836
-23.8564 31.7697
-23.9275 31.8764
-24.1711 31.8858
-24.4594 32.0161
-25.035 32.0186
-25.5181 31.9883
-25.6503 32.02
-25.8142 31.9194
-25.9582 31.9677
-25.9956 31.878
-25.7283 31.4217
-25.7553 31.3206
-25.9139 31.1283
-26.0914 31.0639
-26.4622 30.8022
-26.7025 30.8036
-26.8106 30.8189
-26.7719 30.8994
-27.0294 30.983
-27.2031 31.1617
-27.3131 31.5175
-27.3167 31.9836
-27.1128 31.9586
-26.8086 32.0069
-26.8406 32.1342
-26.8603 32.333
-26.8464 32.8931
-27.1433 32.8264
-27.6356 32.6433
-28.1842 32.5453
-28.3131 32.4605
-28.4408 32.4242
-28.5561 32.3717
-28.7983 32.0867
-28.7942 31.9925
-28.8203 31.9958
-28.8233 32.0325
-28.8178 32.0689
-28.8783 31.9967
-28.9406 31.8425
-28.9278 31.7675
-29.1297 31.5897
-29.4917 31.2458
-29.8303 31.0428
-29.8689 31.0555
-29.8681 31.0125
-29.9036 31.0028
-29.8821 31.0663
-30.0897 30.8611
-30.5303 30.6028
-30.9431 30.3075
-31.3186 29.9792
-31.4445 29.7658
-31.5842 29.6247
-31.6886 29.4025
-31.732 29.3972
-32.1014 29.0539
-32.342 28.7792
-32.5742 28.5378
-32.8175 28.1217
-32.8867 28.0917
-33.0156 27.9105
-33.2956 27.4667
-33.5692 26.9964
-33.7744 26.448
-33.7403 26.2103
-33.7119 25.9561
-33.77 25.72
-33.8514 25.6286
-33.9422 25.6175
-34.0266 25.7054
-34.0478 25.62
-33.9736 25.2367
-33.9625 25.0606
-34.0028 24.9203
-34.1545 24.8369
-34.2058 24.833
-34.1728 24.5536
-34.0292 23.9256
-33.992 23.5392
-34.0445 23.3728
-34.0928 23.3658
-34.1114 23.4061
-34.0825 23.0608
-34.0422 23.0389
-34.09 23.0417
-34.0481 22.8128
-34.0111 22.7833
-33.9964 22.8067
-33.9828 22.7286
-34.0356 22.77
-33.9958 22.5658
-34.0569 22.4711
-34.0539 22.2953
-34.1006 22.1389
-34.1608 22.1117
-34.1775 22.1492
-34.2284 21.9456
-34.342 21.8925
-34.3975 21.7222
-34.3525 21.5283
-34.4333 21.2872
-34.3639 21.0628
-34.3703 20.8894
-34.4125 20.8503
-34.4542 20.8647
-34.4653 20.8389
-34.4408 20.6622
-34.4822 20.4603
-34.5595 20.3875
-34.68 20.1733
-34.7525 20.055
-34.8078 20.0522
-34.815 19.965
-34.7525 19.8578
-34.7597 19.7614
-34.5933 19.3222
-34.5003 19.3575
-34.4097 19.2819
-34.4239 19.1914
-34.3608 19.0833
-34.3431 19.1239
-34.2975 19.1317
-34.3464 19.0833
-34.3439 19.0389
-34.3856 18.8439
-34.3556 18.8039
-34.245 18.8453
-34.1842 18.8153
-34.1561 18.8553
-34.097 18.8133
-34.0789 18.76
-34.0736 18.6019
-34.0978 18.4881
-34.1467 18.4403
-34.2567 18.4719
-34.3485 18.4903
-34.1492 18.3097
-33.9208 18.3728
-33.8947 18.4825
-33.8478 18.4872
-33.4661 18.2947
-33.3561 18.1481
-33.2583 18.1155
-33.1347 17.9672
-33.0981 17.9661
-33.1164 18.0133
-33.2044 18.1197
-33.1772 18.1278
-33.102 18.0372
-33.0372 18.0378
-33.0025 17.9969
-33.0053 17.9578
-33.0481 17.9139
-33.0311 17.893
-32.8203 17.8453
-32.7931 17.9003
-32.7333 17.9025
-32.6995 17.9742
-32.7811 18.065
-32.7781 18.1319
-32.6245 18.2922
-32.4911 18.3336
-32.2414 18.3417
-31.7272 18.2147
-31.5595 18.0839
-31.2531 17.8533
-30.8358 17.5653
-30.4028 17.315
-30.017 17.1656
-29.515 16.9994
-29.3017 16.8836
-29.085 16.8153
-29.042 16.7536
-28.9803 16.7255
-28.8667 16.6039
-28.7239 16.5683
-28.6303 16.4697
-28.5803 16.483
-28.4606 16.678
-28.4961 16.7278
-28.3645 16.8033
-28.3247 16.7789
-28.2595 16.7736
-28.2611 16.8244
-28.2183 16.8072
-28.2122 16.8517
-28.1686 16.8386
-28.177 16.8828
-28.1397 16.8817
-28.0639 16.9175
-28.0364 17.095
-28.1214 17.1942
-28.2025 17.1842
-28.2447 17.2217
-28.2369 17.2614
-28.2367 17.3489
-28.3478 17.3992
-28.423 17.3881
-28.4678 17.3219
-28.5164 17.36
-28.7164 17.4094
-28.6933 17.5953
-28.757 17.6044
-28.7758 17.6556
-28.7517 17.7086
-28.9089 18.1836
-28.847 18.64
-28.8681 18.9578
-28.9322 19.0094
-28.9608 19.1294
-28.8936 19.295
-28.7989 19.2392
-28.732 19.2742
-28.6997 19.4664
-28.5264 19.5694
-28.4264 19.9972
-27.472 19.9986
-26.1194 20.0003
-24.7636 20.0014
-24.8922 20.175
-25.0369 20.39
-25.38 20.5555
-25.4592 20.6733
-25.5189 20.6319
-25.5789 20.6878
-25.6794 20.6797
-25.7819 20.7567
-26.1336 20.8608
-26.3861 20.6933
-26.4492 20.6114
-26.8128 20.6369
-26.8947 20.6923
-26.7947 20.8972
-26.8667 21.1442
-26.8275 21.3486
-26.8533 21.5236
-26.8531 21.6931
-26.7708 21.7786
-26.6919 21.76
-26.6717 21.7914
-26.6683 21.8989
-26.6147 22.0672
-26.4278 22.1794
-26.215 22.4619
-25.9992 22.7128
-25.9372 22.7225
-25.8231 22.7692
-25.7889 22.7303
-25.6681 22.8189
-25.5639 22.813
-25.3839 22.9264
-25.3003 23.1047
-25.2783 23.4583
-25.3339 23.4964
-25.4622 23.7344
-25.5742 23.8442
-25.6225 24.0072
-25.6589 24.0003
-25.6217 24.1503
-25.6967 24.2661
-25.7628 24.3933
-25.7356 24.4461
-25.7631 24.5044
-25.8308 24.8078
-25.7286 25.0369
-25.7622 25.1522
-25.7464 25.3864
-25.621 25.5871
-25.0281 25.8322
-24.7387 25.8659
-24.6189 26.36
-24.6304 26.4029
-24.5806 26.4647
-24.4369 26.555
-24.2645 26.8453
-23.7536 26.9594
-23.6486 26.9992
-23.6547 27.0325
-23.6608 27.0672
-23.5767 27.1028
-23.3908 27.3958
-23.3836 27.5205
-23.2894 27.5728
-23.2203 27.6014
-23.23 27.7369
-23.1653 27.7861
-23.1092 27.8175
-23.0581 27.9283
-22.9556 27.9386
-22.9244 28.0244
-22.8814 28.0522
-22.8411 28.0428
-22.78 28.1492
-22.6847 28.1842
-22.5736 28.4397
-22.5633 28.6344
-22.4583 28.9178
-22.3864 28.9658
-22.3133 28.9606
-22.2242 29.0875
-22.1914 29.3705
