CIC_MPM_VERS = 1.0
COMMENT Generated by Spacebel CCSDS library
CREATION_DATE = 2017-02-24T16:25:05.646718
ORIGINATOR = SVG² Control

META_START

USER_DEFINED_PROTOCOL = NONE
USER_DEFINED_CONTENT = REGION OF INTEREST
USER_DEFINED_SIZE = 2
USER_DEFINED_TYPE = REAL
USER_DEFINED_UNIT = [deg]

META_STOP

28.0444 -14.3331
28.0686 -14.4739
28.0997 -14.4944
28.1428 -14.3092
28.2281 -14.2097
28.2947 -14.2025
28.4997 -14.0878
28.6231 -14.0275
28.7297 -13.9725
28.7478 -13.8658
28.5772 -13.8206
28.4786 -13.8558
28.4022 -13.8442
28.2247 -13.9503
28.1836 -14.1403
28.0444 -14.3331
180.0 180.0
39.2636 3.06361
39.3597 2.90222
39.3625 2.79306
39.4678 2.72917
39.53 2.7225
39.5503 2.61889
39.453 2.52361
39.5575 2.35806
39.6108 2.37305
39.7628 2.66083
39.8617 2.81583
39.9175 3.13083
39.9014 3.09194
39.8664 3.11194
39.8675 3.20528
39.8347 3.15444
39.8225 3.12389
39.7794 3.14722
39.7347 3.24778
39.75 3.45278
39.6614 3.46361
39.4725 3.29194
39.3644 3.24194
39.2636 3.06361
180.0 180.0
27.7347 -15.5908
27.8375 -15.7853
27.9386 -15.8175
28.075 -15.7083
28.1658 -15.705
28.1267 -15.4664
28.1497 -15.4303
27.8597 -15.372
27.7347 -15.5908
180.0 180.0
27.9869 -16.6825
28.13 -16.7814
28.3508 -16.9042
28.3936 -16.5583
28.5369 -16.3761
28.5622 -16.2367
28.5769 -16.122
28.5164 -16.1186
28.3581 -16.3511
28.2989 -16.3494
28.0492 -16.5014
27.9869 -16.6825
180.0 180.0
38.8367 1.38305
38.8797 1.27722
38.8741 1.2225
38.968 1.2425
39.0053 1.29222
39.0697 1.35722
39.1183 1.51972
39.0961 1.60055
39.0028 1.585
38.8905 1.4125
38.8367 1.38305
180.0 180.0
28.8378 -13.7731
28.8539 -13.8639
28.9064 -13.8522
29.0508 -13.7936
29.1381 -13.5939
29.1203 -13.5514
29.2419 -13.4764
29.208 -13.4225
29.1428 -13.4556
28.9969 -13.4817
28.8378 -13.7731
180.0 180.0
28.4767 -17.8611
28.7167 -17.9706
28.778 -17.995
28.8494 -17.9044
28.8389 -17.7814
28.7405 -17.7167
28.6733 -17.757
28.6078 -17.7392
28.5292 -17.7833
28.4806 -17.8156
28.4767 -17.8611
180.0 180.0
39.8106 4.29528
39.8683 4.11639
39.9336 3.96555
39.9225 3.82667
39.9958 3.84055
40.0022 3.80194
40.0528 3.83139
40.0636 4.13667
40.0594 4.18083
39.9961 4.22778
39.9467 4.2875
39.8725 4.33667
39.8106 4.29528
180.0 180.0
42.5971 1.43525
42.5722 1.44639
42.4508 1.44833
42.4361 1.53333
42.4735 1.71097
42.4903 1.7875
42.4372 1.95306
42.3747 1.97667
42.3633 2.08694
42.4347 2.25417
42.3517 2.47667
42.3383 2.67111
42.4016 2.67833
42.475 3.03833
42.4333 3.15083
42.4376 3.17696
42.3486 3.1875
42.325 3.31722
42.235 3.22222
42.2625 3.15861
42.1967 3.11083
42.1183 3.13389
42.0789 3.2025
41.8741 3.17944
41.6858 2.81944
41.5486 2.49528
41.448 2.24972
41.2956 2.12694
41.1997 1.66667
41.1047 1.21333
41.063 1.08889
41.048 0.993056
40.813 0.704167
40.7758 0.723055
40.7283 0.895
40.6761 0.851667
40.6239 0.635556
40.5736 0.546389
40.2083 0.261389
40.1653 0.186389
40.0708 0.131944
40.0361 0.0488889
39.8633 -0.0619445
39.7361 -0.179445
39.4405 -0.3375
39.2711 -0.275
38.9458 -0.108333
38.8622 0.00888889
38.8086 0.188889
38.7444 0.236111
38.6294 0.0336111
38.5955 -0.0505556
38.5458 -0.0652778
38.4086 -0.399167
38.338 -0.476389
38.2944 -0.5175
38.2117 -0.509167
38.1789 -0.612222
38.0519 -0.658056
37.9689 -0.683889
37.8619 -0.759444
37.7903 -0.747222
37.8133 -0.7875
37.7166 -0.86
37.6303 -0.740833
37.7769 -0.751111
37.6314 -0.690556
37.5733 -0.816667
37.5553 -1.26917
37.5258 -1.38444
37.2453 -1.76917
37.2677 -1.82136
37.2469 -1.78669
36.9461 -1.89722
36.8842 -1.99889
36.8289 -2.025
36.7203 -2.17444
36.8294 -2.29889
36.8147 -2.55556
36.6811 -2.69694
36.6953 -2.85972
36.7497 -2.92889
36.7158 -3.52944
36.7317 -3.71389
36.7416 -3.90611
36.7222 -4.39833
36.5017 -4.67722
36.4153 -5.16556
36.2336 -5.31139
36.15 -5.34472
36.1783 -5.38167
36.1742 -5.43278
36.0758 -5.42222
35.9997 -5.60556
36.0772 -5.77333
36.2969 -6.15167
36.4817 -6.26306
36.4614 -6.23333
36.5122 -6.17278
36.5083 -6.25028
36.575 -6.23083
36.6264 -6.3925
36.7189 -6.44389
36.7875 -6.35556
36.8894 -6.33972
36.7947 -6.35806
36.8567 -6.42056
37.0158 -6.57389
37.1655 -6.90472
37.1939 -6.9375
37.2853 -6.97222
37.1722 -6.95389
37.2275 -7.17472
37.1697 -7.38417
37.1734 -7.41817
37.5733 -7.51417
37.848 -7.2975
37.9875 -7.25472
38.0053 -7.14611
38.028 -7.00695
38.1628 -6.94417
38.2183 -6.94805
38.1744 -7.08778
38.2703 -7.14417
38.4256 -7.30707
38.4472 -7.32972
38.525 -7.30111
38.5707 -7.29225
38.7083 -7.26556
38.7903 -7.15583
39.0269 -6.95389
39.0566 -6.96111
39.1228 -7.04056
39.1042 -7.11583
39.1228 -7.15417
39.1733 -7.14
39.213 -7.24305
39.2764 -7.235
39.3447 -7.31361
39.4678 -7.29361
39.5511 -7.4425
39.6689 -7.53333
39.6483 -7.40778
39.675 -7.01722
40.0155 -6.86389
40.1466 -7.01444
40.2308 -7.00611
40.2403 -6.96083
40.3416 -6.7875
40.4433 -6.84833
40.518 -6.79111
40.575 -6.83917
40.6578 -6.79778
40.7553 -6.82944
40.8561 -6.79972
40.9747 -6.89167
41.0314 -6.92444
41.0405 -6.80861
41.2155 -6.68139
41.2441 -6.59833
41.3225 -6.43389
41.3872 -6.31861
41.4153 -6.32944
41.5294 -6.21778
41.593 -6.19444
41.6778 -6.35583
41.6575 -6.49778
41.6794 -6.53944
41.7453 -6.56278
41.8739 -6.50861
41.8872 -6.56861
41.9372 -6.545
41.9675 -6.58167
41.9411 -6.62806
41.9903 -6.80944
41.9472 -6.83778
41.9886 -7.15222
41.8836 -7.20056
41.8125 -7.42722
41.8644 -7.45694
41.8405 -7.52445
41.835 -7.61194
41.8797 -7.59167
41.9044 -7.70611
41.8528 -7.88
41.9233 -7.88611
41.8897 -7.91222
41.8664 -7.98194
41.8092 -8.14083
41.9136 -8.21889
42.0253 -8.08278
42.0689 -8.09
42.0647 -8.18583
42.1522 -8.20139
42.0536 -8.62111
41.9045 -8.8124
41.8758 -8.87195
42.1081 -8.89861
42.2078 -8.77833
42.3155 -8.61278
42.3536 -8.62528
42.2797 -8.68389
42.2478 -8.8575
42.3078 -8.85389
42.28 -8.81361
42.3428 -8.83083
42.3403 -8.76722
42.4278 -8.65639
42.3914 -8.84111
42.4669 -8.94222
42.5008 -8.87195
42.4536 -8.86972
42.5047 -8.8075
42.5747 -8.82778
42.6611 -8.73083
42.6658 -8.825
42.6078 -8.85611
42.64 -8.88639
42.5214 -9.01722
42.5681 -9.03528
42.5764 -9.085
42.7728 -8.93361
42.8194 -8.85611
42.8283 -8.90389
42.7758 -8.95389
42.7547 -9.06861
42.7911 -9.13583
42.8233 -9.10167
42.8617 -9.14194
42.9525 -9.185
42.9155 -9.18139
42.9219 -9.24528
42.9225 -9.29333
43.0247 -9.27417
43.1931 -9.14556
43.213 -9.02528
43.2297 -8.93472
43.2761 -8.98195
43.3453 -8.8375
43.2911 -8.72445
43.3097 -8.53945
43.3847 -8.40583
43.3394 -8.38611
43.3733 -8.33556
43.4039 -8.32972
43.3305 -8.21583
43.398 -8.21667
43.4328 -8.28528
43.4903 -8.24111
43.4569 -8.33972
43.5622 -8.31944
43.558 -8.25361
43.6619 -8.08945
43.7722 -7.86583
43.7147 -7.85083
43.6703 -7.89917
43.6683 -7.85444
43.7341 -7.79083
43.7744 -7.68583
43.7308 -7.69361
43.7133 -7.60556
43.7117 -7.57056
43.7278 -7.48417
43.5792 -7.24889
43.5575 -7.03889
43.49 -7.04528
43.5778 -6.94361
43.5586 -6.34972
43.5722 -6.16361
43.5805 -5.95472
43.6528 -5.85194
43.5486 -5.52917
43.5525 -5.39806
43.5261 -5.38139
43.5339 -5.28889
43.4797 -5.21472
43.4175 -4.69222
43.3939 -4.21695
43.4425 -4.05139
43.4489 -3.82361
43.4122 -3.79722
43.4916 -3.65417
43.4908 -3.51556
43.4644 -3.43056
43.4422 -3.46056
43.4111 -3.42972
43.3983 -3.23139
43.3508 -3.11861
43.3811 -3.00917
43.4356 -2.94167
43.4258 -2.72833
43.2961 -2.29556
43.345 -1.88
43.3859 -1.81049
43.3094 -1.65583
43.2564 -1.62
43.273 -1.40917
43.1967 -1.38195
43.0911 -1.47278
43.0483 -1.44056
43.0317 -1.36028
43.1061 -1.28833
43.0717 -1.30056
42.9461 -0.818889
42.9655 -0.746944
42.8636 -0.656111
42.7908 -0.519167
42.8222 -0.500833
42.7964 -0.392222
42.8492 -0.306667
42.7858 -0.187778
42.7575 -0.123889
42.6941 -0.0575
42.7175 0.261944
42.6758 0.291111
42.6953 0.4125
42.6892 0.676111
42.748 0.668055
42.8391 0.667778
42.8411 0.815833
42.6897 1.38361
42.5971 1.43525
180.0 180.0
9.13038e-315 8.12738e-321
