CIC_MPM_VERS = 1.0
COMMENT Generated by Spacebel CCSDS library
CREATION_DATE = 2017-02-24T16:25:05.633219
ORIGINATOR = SVG² Control

META_START

USER_DEFINED_PROTOCOL = NONE
USER_DEFINED_CONTENT = REGION OF INTEREST
USER_DEFINED_SIZE = 2
USER_DEFINED_TYPE = REAL
USER_DEFINED_UNIT = [deg]

META_STOP

7.59953 79.7934
7.86583 79.7555
8.1975 79.6983
8.34305 79.7791
8.02081 79.7301
7.98805 79.7516
7.98555 79.8169
8.01278 79.8303
8.05194 79.7994
8.31111 79.8316
8.6425 79.9427
8.93777 79.9172
9.02639 80.0503
9.25416 80.1228
9.33139 80.0628
9.39694 80.0536
9.47027 80.195
9.50027 80.1767
9.57139 80.073
9.58972 80.0894
9.49972 80.2766
9.46 80.2619
9.45277 80.31
9.49777 80.4033
9.64916 80.1811
9.61694 80.1811
9.58222 80.1847
9.68611 79.9508
9.76972 79.92
9.81833 80.1186
9.61694 80.3561
9.57638 80.4436
9.65861 80.3366
9.81639 80.1403
9.82611 80.2069
9.65389 80.368
9.54194 80.5128
9.28861 80.8019
9.3025 80.735
9.26361 80.7803
9.25416 80.8047
9.11139 80.8925
9.00083 80.9558
9.03166 80.8739
8.93027 80.9353
8.97361 80.9797
8.86 81.0833
8.55944 81.2519
8.53694 81.2436
8.57083 81.2083
8.51194 81.2172
8.52583 81.1791
8.5 81.1305
8.46277 81.2197
8.46333 81.2833
8.50194 81.2897
8.51611 81.3347
8.2511 81.4146
8.16694 81.4433
8.135 81.4222
8.17861 81.3939
8.08805 81.4289
8.10083 81.4725
7.83555 81.5966
7.82611 81.638
7.7175 81.713
7.70305 81.6819
7.76389 81.6191
7.72722 81.5933
7.71444 81.6655
7.62361 81.7141
7.45028 81.7719
7.47305 81.8275
7.39417 81.8583
7.00055 81.8905
6.61528 81.7778
6.44 81.6611
6.33667 81.5044
6.1125 81.1189
5.94361 80.6341
5.97333 80.3336
6.06778 80.1553
6.38639 79.9941
6.88 79.8472
6.99305 79.8614
7.19222 79.8075
7.12305 79.8486
7.16722 79.8597
7.19889 79.8264
7.59953 79.7934
