CIC_MPM_VERS = 1.0
COMMENT Generated by Spacebel CCSDS library
CREATION_DATE = 2017-02-24T16:25:05.733219
ORIGINATOR = SVG² Control

META_START

USER_DEFINED_PROTOCOL = NONE
USER_DEFINED_CONTENT = REGION OF INTEREST
USER_DEFINED_SIZE = 2
USER_DEFINED_TYPE = REAL
USER_DEFINED_UNIT = [deg]

META_STOP

12.9902 -61.2222
12.9809 -61.2293
12.9765 -61.2389
12.9756 -61.2496
12.9777 -61.2597
12.9819 -61.2695
12.981 -61.2796
12.9856 -61.2796
12.9893 -61.2714
12.9921 -61.2596
12.9951 -61.2451
13.0011 -61.2362
13.0095 -61.2361
13.0079 -61.2436
13.0067 -61.2488
13.0135 -61.246
13.0235 -61.2377
13.0311 -61.2243
13.0332 -61.2136
13.0378 -61.2098
13.0409 -61.206
13.0383 -61.2009
13.0306 -61.2042
13.0216 -61.2075
13.0169 -61.2141
13.0109 -61.2186
13.0034 -61.2167
12.996 -61.2182
12.9902 -61.2222
180.0 180.0
12.9609 -61.1217
12.9581 -61.1233
12.9551 -61.1243
12.9516 -61.128
12.9509 -61.132
12.9526 -61.1353
12.9593 -61.135
12.9623 -61.1299
12.9621 -61.1252
12.9609 -61.1217
180.0 180.0
12.8759 -61.1907
12.8798 -61.1881
12.887 -61.1852
12.8919 -61.1796
12.8882 -61.1754
12.8833 -61.1721
12.8849 -61.167
12.8912 -61.1606
12.8879 -61.1571
12.8795 -61.1576
12.873 -61.1588
12.8702 -61.1661
12.8705 -61.1736
12.8654 -61.1785
12.8563 -61.1814
12.8533 -61.1861
12.8559 -61.1924
12.8622 -61.1945
12.8703 -61.1914
12.8759 -61.1907
180.0 180.0
12.9455 -61.2444
12.9444 -61.2475
12.9432 -61.2524
12.9425 -61.2594
12.9447 -61.2671
12.9495 -61.2662
12.9528 -61.2593
12.9588 -61.2504
12.9586 -61.2446
12.956 -61.243
12.95 -61.2453
12.9455 -61.2444
180.0 180.0
12.577 -61.3943
12.5794 -61.3987
12.5817 -61.4022
12.5847 -61.4018
12.5871 -61.398
12.588 -61.3917
12.5856 -61.3858
12.5808 -61.3856
12.577 -61.3943
180.0 180.0
12.6123 -61.4419
12.6123 -61.4342
12.6085 -61.4269
12.6032 -61.4199
12.5997 -61.4118
12.5929 -61.413
12.5883 -61.4235
12.5843 -61.4362
12.5802 -61.4498
12.5846 -61.4586
12.5907 -61.4593
12.5925 -61.456
12.5951 -61.4513
12.6007 -61.4525
12.6042 -61.4557
12.6088 -61.4501
12.6123 -61.4419
180.0 180.0
12.6408 -61.3839
12.6359 -61.3804
12.6319 -61.3788
12.6282 -61.3821
12.6254 -61.3889
12.6217 -61.3974
12.6238 -61.4023
12.6301 -61.4018
12.6399 -61.3956
12.6443 -61.3938
12.645 -61.3886
12.6408 -61.3839
180.0 180.0
12.7239 -61.3096
12.7102 -61.3134
12.703 -61.3172
12.6898 -61.3226
12.687 -61.3329
12.6837 -61.3428
12.6886 -61.3453
12.6975 -61.3544
12.7012 -61.3506
12.7012 -61.3439
12.7026 -61.3364
12.7089 -61.3317
12.7142 -61.3368
12.7228 -61.3393
12.7305 -61.3369
12.7335 -61.3287
12.7305 -61.321
12.7328 -61.3142
12.7358 -61.3081
12.7286 -61.3082
12.7239 -61.3096
180.0 180.0
12.937 -61.1506
12.9433 -61.152
12.9521 -61.1507
12.9558 -61.1481
12.9565 -61.1442
12.9491 -61.1416
12.9409 -61.1393
12.9335 -61.1408
12.9321 -61.1447
12.9349 -61.1482
12.937 -61.1506
180.0 180.0
13.1303 -61.1844
13.1311 -61.1906
13.1342 -61.1947
13.1378 -61.1981
13.14 -61.2028
13.1428 -61.2069
13.1444 -61.2128
13.145 -61.2194
13.1478 -61.2236
13.1514 -61.2269
13.1542 -61.2311
13.1558 -61.2367
13.1561 -61.2436
13.1606 -61.2464
13.1653 -61.2481
13.1694 -61.2508
13.1739 -61.2533
13.1761 -61.2583
13.1783 -61.2631
13.1825 -61.2656
13.1881 -61.2669
13.1928 -61.2686
13.1972 -61.2711
13.2008 -61.2747
13.2036 -61.2789
13.2078 -61.2814
13.2139 -61.2803
13.22 -61.2792
13.2261 -61.2783
13.2322 -61.2772
13.2386 -61.2778
13.2447 -61.2783
13.2503 -61.2781
13.2542 -61.275
13.2581 -61.2719
13.2628 -61.2694
13.2675 -61.2672
13.2731 -61.2656
13.2792 -61.2661
13.2858 -61.2658
13.2878 -61.2608
13.2875 -61.255
13.2881 -61.2489
13.2906 -61.2444
13.2944 -61.2414
13.2983 -61.2383
13.3039 -61.2369
13.3086 -61.2344
13.3139 -61.2328
13.3194 -61.2308
13.3242 -61.2289
13.3281 -61.2258
13.3328 -61.2233
13.3381 -61.2217
13.3442 -61.2208
13.3489 -61.2186
13.3544 -61.2167
13.3583 -61.2139
13.3631 -61.2114
13.3678 -61.2089
13.3708 -61.2053
13.3728 -61.2006
13.3753 -61.1961
13.3778 -61.1917
13.3797 -61.1867
13.3822 -61.1825
13.3842 -61.1772
13.3831 -61.1725
13.3803 -61.1683
13.3772 -61.1644
13.3764 -61.1581
13.3761 -61.1522
13.3781 -61.1475
13.3783 -61.1439
13.3742 -61.1411
13.3694 -61.1394
13.3644 -61.1375
13.3583 -61.1369
13.3528 -61.1361
13.3478 -61.1342
13.3444 -61.1306
13.34 -61.1281
13.3358 -61.1256
13.3311 -61.1236
13.3256 -61.1222
13.3192 -61.1219
13.3139 -61.1208
13.3075 -61.1203
13.3008 -61.1208
13.2939 -61.1211
13.2878 -61.1219
13.2808 -61.1222
13.2747 -61.1233
13.2681 -61.1239
13.2611 -61.1239
13.255 -61.1236
13.2489 -61.1233
13.2428 -61.1242
13.2372 -61.1261
13.2311 -61.1269
13.2258 -61.1283
13.2203 -61.13
13.2156 -61.1325
13.2103 -61.1342
13.2047 -61.1358
13.2 -61.1381
13.1947 -61.14
13.1894 -61.1417
13.1839 -61.1431
13.1786 -61.1447
13.1731 -61.1464
13.1678 -61.1481
13.1617 -61.1478
13.1569 -61.1503
13.155 -61.155
13.1525 -61.1594
13.1478 -61.1617
13.1436 -61.1633
13.1383 -61.165
13.1344 -61.1681
13.1325 -61.1731
13.1314 -61.1786
13.1303 -61.1844
180.0 180.0
9.13038e-315 8.1175e-321
