CIC_MPM_VERS = 1.0
COMMENT Generated by Spacebel CCSDS library
CREATION_DATE = 2017-02-24T16:25:05.666218
ORIGINATOR = SVG² Control

META_START

USER_DEFINED_PROTOCOL = NONE
USER_DEFINED_CONTENT = REGION OF INTEREST
USER_DEFINED_SIZE = 2
USER_DEFINED_TYPE = REAL
USER_DEFINED_UNIT = [deg]

META_STOP

17.0917 -62.585
17.0919 -62.5914
17.0928 -62.5972
17.0942 -62.6033
17.0953 -62.6106
17.0986 -62.6142
17.1025 -62.6172
17.1069 -62.6197
17.1114 -62.6219
17.1158 -62.6239
17.1208 -62.6253
17.1267 -62.6261
17.1328 -62.6258
17.1392 -62.6256
17.1458 -62.6244
17.1511 -62.6236
17.1572 -62.6219
17.1633 -62.6203
17.1686 -62.6181
17.1739 -62.6158
17.1789 -62.6136
17.1842 -62.6114
17.1911 -62.61
17.1972 -62.61
17.2017 -62.6072
17.2008 -62.6014
17.1972 -62.5997
17.1961 -62.5928
17.1975 -62.5875
17.1997 -62.5828
17.1994 -62.5761
17.1972 -62.5708
17.1944 -62.5661
17.1917 -62.5614
17.1903 -62.5553
17.19 -62.5486
17.1867 -62.5447
17.1822 -62.5425
17.1769 -62.5414
17.1714 -62.5406
17.1658 -62.54
17.1603 -62.5394
17.155 -62.5381
17.15 -62.5367
17.145 -62.5353
17.1394 -62.5347
17.1336 -62.5342
17.1275 -62.5344
17.1208 -62.5353
17.1147 -62.5372
17.1086 -62.5386
17.1042 -62.5414
17.0997 -62.5444
17.0961 -62.5478
17.0942 -62.5528
17.0947 -62.5583
17.0969 -62.5636
17.0972 -62.5703
17.0958 -62.5756
17.0939 -62.5803
17.0917 -62.585
180.0 180.0
17.2089 -62.6539
17.2111 -62.6594
17.2156 -62.6617
17.2211 -62.6622
17.2269 -62.6628
17.2331 -62.6625
17.2392 -62.6622
17.2436 -62.6644
17.2483 -62.6667
17.2528 -62.6689
17.2572 -62.6711
17.2611 -62.6742
17.265 -62.6772
17.2683 -62.6811
17.2717 -62.6847
17.275 -62.6886
17.2783 -62.6925
17.2808 -62.6972
17.2836 -62.7019
17.2858 -62.7075
17.2861 -62.7139
17.2856 -62.7197
17.2842 -62.725
17.2844 -62.7317
17.2847 -62.7381
17.2856 -62.745
17.2867 -62.7525
17.2875 -62.7594
17.2892 -62.7658
17.2908 -62.7719
17.2922 -62.7783
17.295 -62.7831
17.2972 -62.7886
17.3 -62.7933
17.3033 -62.7972
17.3072 -62.8
17.3111 -62.8031
17.3156 -62.8056
17.3183 -62.81
17.3197 -62.8164
17.3208 -62.8236
17.3219 -62.8306
17.3244 -62.8353
17.3278 -62.8392
17.3325 -62.8414
17.3364 -62.8442
17.3414 -62.8458
17.3464 -62.8472
17.3514 -62.8483
17.3564 -62.8497
17.3597 -62.8539
17.3631 -62.8578
17.3664 -62.8617
17.3708 -62.8639
17.3753 -62.8608
17.3789 -62.8575
17.3858 -62.8564
17.3894 -62.8528
17.3931 -62.8494
17.3961 -62.8453
17.3989 -62.8414
17.4019 -62.8386
17.4 -62.8331
17.4006 -62.8286
17.4036 -62.8244
17.4072 -62.8211
17.4108 -62.8175
17.4094 -62.8128
17.4056 -62.8097
17.4022 -62.8058
17.3992 -62.8019
17.3969 -62.7964
17.3947 -62.7911
17.3931 -62.7847
17.3903 -62.78
17.3883 -62.7744
17.3856 -62.7697
17.3833 -62.7644
17.3806 -62.7597
17.3778 -62.755
17.3744 -62.7511
17.3725 -62.7456
17.3703 -62.7403
17.3681 -62.7347
17.3653 -62.73
17.3619 -62.7264
17.3581 -62.7231
17.3536 -62.7208
17.3486 -62.7194
17.3447 -62.7167
17.3425 -62.7108
17.3397 -62.7064
17.3369 -62.7017
17.3331 -62.6986
17.3281 -62.6972
17.3225 -62.6967
17.3175 -62.6953
17.3125 -62.6939
17.3072 -62.6925
17.3028 -62.6903
17.2983 -62.6881
17.2939 -62.6858
17.29 -62.6828
17.2861 -62.6797
17.2828 -62.6761
17.2794 -62.6722
17.2767 -62.6675
17.2739 -62.6625
17.2708 -62.6589
17.2675 -62.655
17.2636 -62.6522
17.2594 -62.6489
17.2564 -62.645
17.2531 -62.6414
17.2492 -62.6381
17.2469 -62.6328
17.2453 -62.6264
17.2419 -62.6225
17.2369 -62.6214
17.2314 -62.6206
17.2244 -62.6217
17.2208 -62.6253
17.2189 -62.63
17.2181 -62.6358
17.2161 -62.6403
17.2133 -62.6444
17.2111 -62.6492
17.2089 -62.6539
180.0 180.0
9.13038e-315 8.1422e-321
