CIC_MPM_VERS = 1.0
COMMENT Generated by Spacebel CCSDS library
CREATION_DATE = 2017-02-24T16:25:05.742719
ORIGINATOR = SVG² Control

META_START

USER_DEFINED_PROTOCOL = NONE
USER_DEFINED_CONTENT = REGION OF INTEREST
USER_DEFINED_SIZE = 2
USER_DEFINED_TYPE = REAL
USER_DEFINED_UNIT = [deg]

META_STOP

4.61666 35.5091
4.61361 35.0519
4.61 34.3875
4.59915 34.3766
4.22176 33.9976
3.75222 33.5169
3.76611 33.1839
3.88861 33.0167
3.75528 32.7166
3.74361 32.4044
3.61194 32.1953
3.51139 32.1933
3.5325 32.0936
3.59028 32.0639
3.59472 31.9503
3.69194 31.9305
3.82333 31.7947
3.71305 31.7019
3.70555 31.6619
3.65361 31.5408
3.79472 31.288
3.79528 31.1767
3.67111 30.9547
3.49214 30.8685
3.5725 30.8553
3.68278 30.7631
3.60694 30.6147
3.61389 30.5589
3.69722 30.5819
3.87055 30.5444
3.9625 30.2053
4.10889 30.1403
4.12805 30.0653
4.20528 30.0267
4.24389 29.9453
4.30222 29.9567
4.34666 29.8997
4.34639 29.8367
4.385 29.7933
4.56028 29.8147
4.62722 29.6747
4.67694 29.48
4.38666 29.3217
4.3875 29.2544
4.35111 29.2522
4.34361 29.205
4.46111 29.0628
4.47972 28.8828
4.55639 28.7686
4.42361 28.6508
4.37305 28.5058
4.28778 28.4425
4.28278 28.3692
4.35111 28.3358
4.3475 28.2008
4.38778 28.1664
4.43111 28.0642
4.56055 28.0328
4.55111 27.9297
4.60694 27.7861
4.76028 27.7822
4.79361 27.7039
4.83361 27.7028
4.90194 27.6489
4.895 27.5781
5.01714 27.4559
5.08361 27.458
5.23583 27.2955
5.43889 27.2378
5.54889 27.2819
5.77194 27.1428
5.905 26.8294
5.98 26.8086
6.01444 26.6122
6.10972 26.5142
6.07778 26.4375
6.11611 26.4508
6.17361 26.5236
6.22111 26.5236
6.3925 26.3014
6.44944 26.3061
6.58917 26.385
6.65528 26.3967
6.85028 26.0944
6.99833 26.0483
7.33944 25.3742
7.42528 25.3311
7.4975 25.2069
7.59278 25.19
7.65 25.2961
7.78333 25.2864
7.87278 25.2255
7.89305 25.1489
7.92111 25.0539
8.02333 24.97
8.16974 24.8551
8.19278 24.8044
8.20805 24.535
8.27139 24.46
8.24916 24.3508
8.31611 24.1772
8.37583 24.1403
8.47777 24.1658
8.58305 24.2692
8.69111 24.2533
8.69722 24.2308
8.71416 23.5178
8.80139 23.5042
8.90611 23.5817
8.98861 23.583
9.00528 23.5653
8.9575 23.5286
8.96889 23.4853
9.025 23.4486
9.17416 23.4928
9.28 23.6522
9.54611 23.6261
9.67166 23.6947
9.86694 23.6692
10.4592 23.3039
10.6986 23.0094
10.9239 22.8812
11.2158 22.9753
11.4158 22.9308
11.4017 22.7911
11.5344 22.6255
11.6656 22.5528
12.0836 22.6255
12.0342 22.4767
12.1869 22.4978
12.4653 22.3839
12.6217 22.4669
12.7472 22.2233
12.65 22.1253
12.6397 21.9708
12.6767 21.9006
12.8039 21.8283
13.0875 21.9725
13.1533 22.08
13.2764 22.2289
13.3778 22.2953
13.5847 22.2172
13.6344 22.1536
13.7281 22.1386
13.7792 22.0844
13.9658 22.2339
14.1008 22.4769
14.1208 22.5525
14.1642 22.5669
14.2319 22.5553
14.2522 22.4567
14.2822 22.4403
14.4894 22.4419
14.5231 22.3814
14.5542 22.3842
14.6003 22.4161
14.6914 22.7025
14.8542 22.6689
14.9769 22.7533
15.0944 22.8683
15.1161 22.9358
15.2311 22.9847
15.3858 22.9953
15.5097 22.9194
15.5625 22.9378
15.7106 23.1183
15.6853 23.3814
15.7261 23.4792
15.7561 23.6853
15.6994 23.9997
17.3331 23.9996
18.9664 23.9994
19.4978 23.9996
20.0019 24.0008
19.9958 24.3728
19.9992 25.0008
20.6442 25.0022
22.0013 25.0035
21.9992 25.6311
21.9983 26.2761
21.9967 26.9144
21.9978 27.5519
22.0025 28.1783
22 28.8153
22.0013 29.0002
21.9981 29.6908
22.0003 30.385
21.9986 31.0803
21.9992 31.2775
22.2067 31.3892
22.2322 31.4411
22.2164 31.4855
22.1705 31.5158
21.9983 31.4539
22.0033 32.1444
22.0008 32.8311
22.0013 33.1835
21.9994 33.8508
21.998 34.1006
22.1967 34.1716
22.2889 34.7139
22.8486 34.9692
22.7708 35.2269
23.128 35.6246
22.9256 35.7236
22.9208 35.7547
22.7864 35.8244
22.6819 36.0342
22.6383 36.2247
22.3183 36.4655
22.285 36.5665
22.0486 36.8897
22.003 36.8933
22.001 36.8906
21.9639 36.8411
21.9347 36.8789
21.6461 36.8894
21.4267 37.003
21.1711 37.2294
21.0511 37.3103
21.0097 37.2972
21.0211 37.2286
21.0978 37.1925
21.0517 37.2719
21.1383 37.2228
21.1497 37.1525
21.2058 37.1567
21.2189 37.1153
21.1736 37.0916
21.1367 37.1208
21.0461 37.0822
20.9681 37.1375
20.47 37.2322
20.4386 37.1769
20.1289 37.1958
19.1519 37.3364
18.7244 37.5164
18.6953 37.768
18.6255 37.76
18.5378 37.9544
18.3633 38.1308
18.3036 38.09
18.2539 38.1625
18.2375 38.2348
18.2919 38.2942
18.2139 38.2172
18.2067 38.41
18.1633 38.4269
18.1333 38.4989
18.0681 38.5147
18.0756 38.5389
18.1211 38.5381
18.0089 38.6213
17.9693 38.5745
17.971 38.5737
17.9567 38.5569
17.9342 38.5311
17.9133 38.5058
17.8917 38.4814
17.8713 38.4588
17.8711 38.4586
17.8708 38.4585
17.8511 38.4492
17.8342 38.4422
17.8175 38.4353
17.8156 38.4345
17.7965 38.4262
17.7839 38.4203
17.7675 38.4136
17.719 38.3925
17.7167 38.3914
17.7137 38.3902
17.6628 38.368
17.6628 38.368
17.6603 38.3636
17.6593 38.3625
17.621 38.3019
17.62 38.2994
17.6181 38.2942
17.6156 38.29
17.6128 38.2856
17.6103 38.2803
17.6069 38.2767
17.6031 38.2736
17.6031 38.2736
17.6031 38.2736
17.603 38.2736
17.5969 38.2728
17.59 38.2725
17.5883 38.2729
17.5478 38.2711
17.5275 38.2417
17.5275 38.2416
17.5466 38.197
17.5508 38.1953
17.555 38.1925
17.5592 38.19
17.5622 38.1858
17.5617 38.1806
17.5611 38.1742
17.5583 38.1697
17.5583 38.1697
17.5583 38.1697
17.5582 38.1696
17.5544 38.1669
17.5511 38.1631
17.5486 38.1589
17.5489 38.1517
17.5503 38.1458
17.55 38.1394
17.5486 38.1336
17.5439 38.1314
17.5386 38.1328
17.5331 38.1339
17.5281 38.1358
17.5233 38.1378
17.5172 38.1383
17.5103 38.1381
17.5073 38.1377
17.4836 38.1228
17.4836 38.1228
17.4878 38.0967
17.4878 38.0967
17.4878 38.0966
17.5249 38.0939
17.5267 38.0944
17.5322 38.0958
17.5383 38.0969
17.5439 38.0956
17.5472 38.0922
17.5494 38.0872
17.5503 38.0808
17.5519 38.0753
17.5528 38.0689
17.5531 38.0617
17.5519 38.0558
17.55 38.0508
17.5481 38.0458
17.548 38.0458
17.548 38.0458
17.548 38.0458
17.5456 38.0414
17.5428 38.0369
17.5403 38.0325
17.5378 38.0281
17.535 38.0239
17.5317 38.02
17.5292 38.0158
17.5267 38.0114
17.5239 38.0069
17.5214 38.0025
17.5189 37.9983
17.5169 37.9944
17.5142 37.9903
17.5117 37.9858
17.5092 37.9814
17.5064 37.9769
17.5039 37.9728
17.5014 37.9683
17.4981 37.9647
17.4939 37.9617
17.49 37.9586
17.4861 37.9556
17.4819 37.9525
17.4781 37.9497
17.4739 37.9467
17.47 37.9436
17.4667 37.94
17.4632 37.9372
17.4475 37.9172
17.4475 37.9172
17.445 37.8697
17.445 37.8697
17.445 37.8697
17.4647 37.8497
17.4661 37.8492
17.4708 37.8469
17.475 37.8444
17.4786 37.8408
17.4814 37.8367
17.4831 37.8311
17.4825 37.8244
17.4822 37.8227
17.4814 37.8189
17.4794 37.8136
17.4775 37.8086
17.4756 37.805
17.4731 37.8006
17.4711 37.7956
17.4686 37.7911
17.4653 37.7875
17.4611 37.7844
17.4564 37.7822
17.4511 37.7806
17.451 37.7805
17.4284 37.7669
17.4264 37.7633
17.4231 37.7597
17.4161 37.7594
17.4159 37.7594
17.3767 37.7358
17.3767 37.7358
17.3732 37.7228
17.3725 37.7194
17.3717 37.7172
17.3697 37.7097
17.3694 37.7086
17.3681 37.7028
17.3675 37.6964
17.3664 37.6906
17.3653 37.6847
17.3642 37.6792
17.3636 37.6725
17.3631 37.6661
17.3619 37.6603
17.3614 37.6539
17.3603 37.6481
17.3597 37.6417
17.3586 37.6358
17.3581 37.6294
17.3575 37.6231
17.3564 37.6172
17.3553 37.6117
17.3539 37.6058
17.3528 37.6
17.3517 37.5942
17.3497 37.5892
17.3486 37.5833
17.3467 37.5783
17.3447 37.5733
17.3419 37.5689
17.3403 37.5639
17.3375 37.5594
17.335 37.555
17.3325 37.5508
17.3297 37.5464
17.3278 37.5414
17.3261 37.5361
17.3269 37.5297
17.3269 37.5228
17.3261 37.5183
17.3258 37.5169
17.3233 37.5125
17.32 37.5089
17.3153 37.5067
17.3153 37.5067
17.3153 37.5066
17.1872 37.5167
17.187 37.5165
17.1825 37.5136
17.1818 37.5133
17.1722 37.5074
17.1706 37.5061
17.1667 37.5039
17.1619 37.5008
17.1578 37.4981
17.1531 37.495
17.1511 37.4944
17.0372 37.4242
17.0372 37.4211
17.0372 37.4192
17.0375 37.4119
17.0383 37.4056
17.0397 37.4
17.0408 37.3936
17.0422 37.3878
17.0431 37.3814
17.0453 37.3764
17.0469 37.3708
17.0483 37.3653
17.05 37.3594
17.0519 37.3544
17.0542 37.3497
17.0564 37.3447
17.0581 37.3389
17.0589 37.3325
17.0603 37.3269
17.0611 37.3206
17.0614 37.3133
17.0611 37.3069
17.0592 37.3019
17.0572 37.2969
17.0544 37.2925
17.0511 37.2889
17.0478 37.2853
17.0447 37.2814
17.0414 37.2778
17.0381 37.2742
17.0347 37.2706
17.0314 37.2667
17.0289 37.2625
17.0269 37.2572
17.025 37.2522
17.0244 37.2458
17.0247 37.2386
17.0256 37.2322
17.0264 37.2258
17.0278 37.2203
17.03 37.2153
17.0317 37.2097
17.0325 37.2033
17.0319 37.1967
17.0314 37.1903
17.0297 37.1853
17.0269 37.1808
17.0244 37.1767
17.0225 37.1714
17.02 37.1672
17.0177 37.1636
17.0164 37.1456
17.0164 37.1456
17.0164 37.1455
17.0343 37.1223
17.0347 37.1219
17.0383 37.1183
17.0419 37.115
17.0447 37.1122
17.0481 37.1086
17.0511 37.1044
17.0525 37.0989
17.0533 37.0925
17.0534 37.0906
17.058 37.0492
17.0581 37.0492
17.0614 37.0456
17.065 37.0422
17.0692 37.0394
17.0728 37.0358
17.075 37.0311
17.0772 37.0261
17.0739 36.9958
17.0692 36.9936
17.0644 36.9914
17.0644 36.9914
17.0644 36.9914
17.0644 36.9914
17.0583 36.9906
17.0528 36.9917
17.0481 36.9936
17.0444 36.9972
17.0403 37
17.0367 37.0033
17.0357 37.004
17.0036 37.018
16.9615 36.9964
16.9586 36.9931
16.9544 36.9903
16.9492 36.9886
16.9431 36.987
16.9431 36.9869
16.9429 36.987
16.9375 36.9883
16.9361 36.9896
16.8817 37.0107
16.8769 37.0092
16.87 37.0089
16.865 37.0111
16.8617 37.0144
16.8589 37.0186
16.8574 37.0201
16.8505 37.0228
16.8505 37.0227
16.8464 37.0197
16.8425 37.0167
16.8383 37.0139
16.8344 37.0108
16.8297 37.0086
16.8242 37.0069
16.8189 37.0062
16.6577 36.9221
16.6544 36.9197
16.6506 36.9167
16.6458 36.9144
16.6411 36.9122
16.6356 36.9106
16.6355 36.9105
16.5617 36.9057
16.5586 36.9047
16.5531 36.9031
16.5478 36.9017
16.5422 36.9
16.5369 36.8983
16.5308 36.8975
16.5247 36.8967
16.5178 36.8964
16.5117 36.8969
16.5061 36.8981
16.5006 36.8994
16.4959 36.9014
16.4958 36.9014
16.4957 36.9015
16.4917 36.9042
16.4867 36.9061
16.4825 36.9089
16.4792 36.9122
16.475 36.915
16.4706 36.9186
16.4672 36.9219
16.4636 36.9253
16.4594 36.9281
16.4561 36.9317
16.4525 36.935
16.4489 36.9386
16.4467 36.9419
16.4325 36.9536
16.43 36.955
16.4298 36.9551
16.4133 36.9567
16.4131 36.9567
16.4067 36.9558
16.4006 36.9547
16.3953 36.9533
16.3892 36.9525
16.3836 36.9508
16.3783 36.9492
16.3722 36.9483
16.3653 36.9481
16.3583 36.9478
16.3531 36.9492
16.3475 36.9503
16.3425 36.9525
16.3378 36.9544
16.3336 36.9572
16.3286 36.9592
16.3244 36.9619
16.3197 36.9639
16.315 36.9658
16.3131 36.9666
16.2642 36.9714
16.2467 36.9517
16.245 36.9486
16.2422 36.9444
16.2397 36.94
16.2369 36.9356
16.2344 36.9314
16.2311 36.9278
16.2278 36.9239
16.2244 36.9203
16.2197 36.9181
16.215 36.9158
16.215 36.9158
16.2144 36.9156
16.2108 36.9142
16.1975 36.9089
16.1837 36.9039
16.1594 36.8947
16.1467 36.8894
16.1297 36.8833
16.1279 36.8827
15.8049 36.7597
15.7989 36.7525
15.7836 36.7342
15.7683 36.7161
15.7531 36.6978
15.7442 36.6947
15.7272 36.6908
15.7103 36.6858
15.6933 36.6811
15.6764 36.6764
15.6592 36.6717
15.6422 36.6675
15.6253 36.6628
15.6083 36.6581
15.5914 36.6533
15.5744 36.6486
15.5575 36.6444
15.5403 36.6397
15.5344 36.6381
15.5233 36.635
15.5064 36.6303
15.4894 36.6261
15.4844 36.6289
15.4749 36.6341
15.4405 36.6211
15.4372 36.6106
15.4214 36.605
15.4044 36.5989
15.3875 36.5933
15.3706 36.5881
15.3536 36.5825
15.3367 36.5764
15.3197 36.5708
15.3028 36.5656
15.2858 36.5592
15.2689 36.5539
15.2519 36.5483
15.235 36.5429
15.2347 36.5428
15.1559 36.45
15.1506 36.4433
15.1375 36.445
15.1203 36.4467
15.1031 36.4483
15.0858 36.45
15.0686 36.4522
15.0517 36.4539
15.0344 36.4556
15.0172 36.4572
15 36.4589
14.9828 36.4606
14.9656 36.4628
14.9486 36.4644
14.9314 36.4661
14.9142 36.4678
14.8969 36.4694
14.8797 36.4711
14.8625 36.4733
14.8456 36.475
14.8283 36.4767
14.8111 36.4783
14.7939 36.48
14.7767 36.4817
14.7594 36.4839
14.7425 36.4856
14.7253 36.4872
14.7081 36.4889
14.6908 36.4906
14.6736 36.4922
14.6564 36.4944
14.6394 36.4961
14.6313 36.4969
14.6222 36.4978
14.605 36.4994
14.5878 36.5011
14.5706 36.5028
14.5533 36.505
14.5361 36.5067
14.5192 36.5083
14.5019 36.51
14.4847 36.5117
14.4675 36.5133
14.4607 36.5142
14.4503 36.5156
14.4331 36.5172
14.4158 36.5189
14.3986 36.5206
14.3817 36.5222
14.3644 36.5236
14.3472 36.5275
14.33 36.5311
14.3128 36.5342
14.2953 36.5381
14.2781 36.5417
14.2635 36.5442
14.2638 36.5444
14.2608 36.5447
13.9569 36.4464
13.8394 36.4869
13.5678 36.3975
13.368 36.2486
13.0244 36.1553
12.7069 36.1416
12.7244 36.0691
12.6658 35.6994
12.2506 35.438
12.2006 35.4325
12.17 35.3861
12.0247 35.3397
11.8269 35.0969
11.74 35.0586
11.5358 35.0875
11.2569 34.9639
11.2222 34.9805
11.1744 35.0056
10.9567 34.9333
10.8644 34.9753
10.6869 34.7733
10.753 34.7664
10.8878 34.5944
10.7844 34.4397
10.5542 34.2861
10.245 34.3489
10.1822 34.3364
10.0303 34.2314
9.55305 34.0858
8.95527 34.135
8.56527 34.1119
8.43888 33.9747
8.41416 33.823
8.36589 33.775
8.38055 33.7016
8.46416 33.64
8.43389 33.2044
8.39139 33.1647
8.12888 33.1847
8.09305 33.105
7.92555 32.9894
7.84694 33.0136
7.79 33.0597
7.79639 33.17
7.7125 33.3375
7.74583 33.4414
7.72222 33.4983
7.68305 33.6555
7.38666 34.0269
7.23916 34.0294
7.16472 34.1855
7.04916 34.2066
6.91139 34.4761
6.80028 34.5075
6.695 34.6875
6.60972 34.76
6.2375 34.8705
6.06111 34.9814
5.94972 34.9755
5.69278 35.1058
5.6325 35.1039
5.50778 35.29
5.43555 35.2711
5.36055 35.3194
5.35222 35.3611
5.4325 35.458
5.42528 35.5333
5.37305 35.605
5.39 35.6897
5.31305 35.8369
5.2375 35.7953
5.15389 35.8308
5.07528 35.7739
4.79861 35.7744
4.62208 35.9403
4.61805 35.7166
4.61794 35.699
4.61734 35.6102
4.61666 35.5091
