CIC_MPM_VERS = 1.0
COMMENT Generated by Spacebel CCSDS library
CREATION_DATE = 2017-02-24T16:25:05.872218
ORIGINATOR = SVG² Control

META_START

USER_DEFINED_PROTOCOL = NONE
USER_DEFINED_CONTENT = REGION OF INTEREST
USER_DEFINED_SIZE = 2
USER_DEFINED_TYPE = REAL
USER_DEFINED_UNIT = [deg]

META_STOP

3.35583 -57.6422
3.39556 -57.667
3.46111 -57.637
3.61028 -57.735
3.665 -57.8358
3.88667 -57.9292
3.99472 -58.0406
4.15222 -58.0717
4.28778 -57.9542
4.55916 -57.8825
4.65472 -57.8386
4.79861 -57.9264
4.91278 -57.8536
5.01028 -57.6883
5.00611 -57.3758
5.01666 -57.2892
5.16028 -57.2972
5.17777 -57.2661
5.14083 -57.2289
5.16417 -57.1906
5.23222 -57.2128
5.26917 -57.2525
5.22055 -57.2611
5.22944 -57.2867
5.31333 -57.3356
5.48581 -57.2481
5.54222 -57.1664
5.94972 -57.0625
5.9975 -56.9667
5.94778 -56.5414
5.81611 -56.0131
5.72416 -55.8778
5.88722 -55.9247
5.95389 -55.8475
5.9825 -55.6672
5.94028 -55.3153
5.88028 -55.0911
5.86111 -54.9728
5.90416 -55.1064
5.95806 -55.1622
5.97917 -55.1439
5.98861 -54.9831
5.91639 -54.4133
5.81611 -54.0211
5.74528 -53.9897
5.61583 -54.0489
5.34632 -54.169
5.24805 -54.2906
5.00444 -54.4558
4.73666 -54.4747
4.70861 -54.4344
4.18139 -54.4022
4.14222 -54.3317
4.035 -54.3603
3.92639 -54.2845
3.78555 -54.1239
3.66444 -54.0672
3.63639 -54.0092
3.59944 -53.9844
3.44278 -54.0031
3.295 -54.0944
3.17889 -54.1919
3.00833 -54.1703
2.90361 -54.1864
2.84083 -54.1806
2.42722 -54.4267
2.42855 -54.4832
2.33611 -54.5242
2.35472 -54.5739
2.31978 -54.6154
2.32111 -54.6783
2.33694 -54.6967
2.45389 -54.6892
2.47111 -54.76
2.43555 -54.8067
2.44028 -54.8678
2.55472 -54.9725
2.58139 -54.9561
2.61611 -54.9539
2.52722 -55.1119
2.5725 -55.1503
2.49722 -55.2589
2.52167 -55.2822
2.51139 -55.3308
2.42806 -55.38
2.40111 -55.7289
2.53194 -55.9472
2.5225 -55.9828
2.48 -55.9847
2.35 -56.0372
2.34389 -56.098
2.25278 -56.1319
2.04528 -55.9017
1.89722 -55.9017
1.84944 -55.9567
1.94446 -56.4709
2.02194 -56.5578
2.02697 -56.6919
2.62472 -57.0231
2.71583 -57.0936
2.79167 -57.1278
2.82083 -57.2022
3.03528 -57.2106
3.26389 -57.2933
3.37083 -57.2994
3.35583 -57.6422
