CIC_MPM_VERS = 1.0
COMMENT Generated by Spacebel CCSDS library
CREATION_DATE = 2017-02-24T16:25:05.895719
ORIGINATOR = SVG² Control

META_START

USER_DEFINED_PROTOCOL = NONE
USER_DEFINED_CONTENT = REGION OF INTEREST
USER_DEFINED_SIZE = 2
USER_DEFINED_TYPE = REAL
USER_DEFINED_UNIT = [deg]

META_STOP

76.4391 25.03
76.4439 24.9414
76.5305 25.0653
76.6841 25.4139
76.7105 25.5153
76.7066 25.5822
76.4391 25.03
180.0 180.0
78.625 26.7086
78.688 26.5639
78.6991 26.4689
78.7708 26.3964
78.8053 26.4486
78.8039 26.6136
78.7116 26.8342
78.6983 27.0128
78.6466 26.9394
78.625 26.7086
180.0 180.0
78.8117 28.0956
78.8366 27.8464
78.9116 28.1453
78.9169 28.3614
78.9344 28.4247
78.9619 28.4158
78.9603 28.6539
78.95 28.8917
78.8983 29.0728
78.913 29.6578
78.8914 29.6936
78.845 29.3161
78.888 28.4964
78.8117 28.0956
180.0 180.0
77.2544 22.6642
77.2572 22.4236
77.3044 22.385
77.3272 22.4947
77.3683 22.4933
77.4153 22.41
77.5261 22.7472
77.5519 22.765
77.565 22.3711
77.503 22.1925
77.4408 20.9519
77.4519 20.8689
77.4755 20.8689
77.4966 20.9347
77.5372 20.8319
77.6044 21.2003
77.6466 21.2308
77.7269 21.2547
77.8553 21.5569
77.8939 21.5378
77.9169 21.6578
77.9489 21.5219
78.0677 20.903
78.0866 20.8669
78.115 20.903
78.2028 21.7117
78.248 22.9494
78.1558 23.4597
78.1028 23.3608
78.0908 23.1122
78.0455 23.0514
78.0011 23.075
77.8652 23.6367
77.8475 23.8903
77.9061 24.2903
77.7552 24.9086
77.7394 24.8881
77.6839 24.2636
77.603 24.0028
77.503 23.9011
77.3736 23.3903
77.3933 23.2039
77.3516 22.958
77.2905 22.8997
77.2544 22.6642
180.0 180.0
80.0797 31.9008
80.0858 31.4494
80.1108 31.4936
80.2208 33.0947
80.243 33.3172
80.2178 33.625
80.2069 33.6244
80.0797 31.9008
180.0 180.0
78.1867 20.6978
78.1989 20.6269
78.2214 20.6664
78.2561 20.7742
78.2933 20.7578
78.3191 20.4719
78.3466 20.6822
78.3872 20.6639
78.4722 20.1247
78.5667 21.1117
78.5925 21.1031
78.6211 21.208
78.6019 21.4586
78.5655 21.5017
78.5889 22.0905
78.4778 22.2428
78.275 22.2355
78.2636 22.2719
78.2428 21.9958
78.2189 20.7733
78.1867 20.6978
180.0 180.0
74.3441 19.0517
74.4761 18.7903
74.5033 18.8372
74.5119 18.9842
74.4861 19.2647
74.475 19.2997
74.3644 19.1911
74.3441 19.0517
180.0 180.0
79.1786 23.6408
79.1917 23.2522
79.2191 22.9267
79.2783 22.6956
79.3019 22.6469
79.36 22.6558
79.4125 22.8906
79.3647 20.9689
79.3739 20.795
79.4033 20.8511
79.4594 20.7433
79.455 20.2733
79.5486 19.6861
79.5977 19.6361
79.6139 19.66
79.6428 20.1508
79.5894 20.425
79.558 21.0956
79.5778 21.1392
79.6714 20.4944
79.6844 20.4908
79.7691 22.2669
79.783 22.3444
79.8008 22.2489
79.7764 21.7347
79.803 21.778
79.8169 21.8903
79.8339 21.6994
79.7941 20.3919
79.7103 19.5422
79.7336 18.9369
79.7175 18.7714
79.7769 18.7017
79.8364 18.3194
79.8878 18.2353
79.9036 18.1125
80.0344 18.868
80.0422 18.2397
80.0769 18.1547
80.073 18.3522
80.0955 18.2461
80.1236 17.7975
80.1411 17.8203
80.1858 18.1675
80.1569 18.7103
80.1816 18.7661
80.2044 18.7042
80.1172 19.1844
80.0841 19.2633
80.1072 19.3875
80.1447 19.5803
80.1683 19.4806
80.1936 19.2239
80.3366 18.98
80.3505 19.0608
80.3253 19.3303
80.2205 19.6147
80.2139 19.8378
80.2311 19.8072
80.2436 19.7169
80.3069 19.8394
80.3397 19.8586
80.3439 19.7711
80.3753 19.9169
80.3897 19.4847
80.4486 19.4639
80.4661 19.5194
80.4394 19.6908
80.4939 19.6311
80.498 19.7169
80.4305 20.0622
80.4058 20.1006
80.38 20.0764
80.3761 20.14
80.4108 20.17
80.4197 20.3658
80.3508 20.5475
80.3264 20.5231
80.2916 20.6228
80.3119 20.8128
80.2961 20.8139
80.2711 20.7481
80.2183 20.8136
80.2328 21.1894
80.2566 21.3253
80.2244 21.3217
80.208 21.3383
80.2664 21.4833
80.2711 21.8383
80.2461 21.88
80.205 21.8922
80.1294 21.6192
80.1133 21.6069
80.1469 21.798
80.0814 22.1247
80.0042 22.2225
79.9825 22.205
79.9908 22.3392
80.0075 22.365
80.0322 22.3211
80.0111 22.4756
80.0555 22.3525
80.0683 22.375
80.0553 22.4525
80.0667 22.4661
80.1036 22.3761
80.265 22.4553
80.2916 22.5728
80.313 22.55
80.3483 22.3497
80.3708 22.3358
80.4236 22.385
80.4228 22.6794
80.3508 22.6161
80.325 22.7169
80.3372 22.7197
80.4308 22.8325
80.5033 22.7478
80.5133 22.8281
80.4064 23.3178
80.3903 23.1364
80.3514 23.1992
80.3419 23.3475
80.2833 23.3083
80.245 23.0475
80.1561 22.9997
80.1242 23.08
80.1136 23.2158
80.1458 23.1564
80.1672 23.0864
80.1378 23.3961
80.1703 23.4064
80.1922 23.3903
80.2058 23.4767
80.1547 23.4892
80.1286 23.5575
80.1883 23.8305
80.2272 23.73
80.2944 23.7347
80.3119 24.3758
80.3239 24.3967
80.3364 24.1822
80.3592 24.1722
80.3678 24.3478
80.3144 24.5975
80.2678 24.4608
80.2536 24.5325
80.3419 24.8517
80.3183 24.8917
80.2466 24.7797
80.275 25.3517
80.2478 25.2256
80.2233 25.2678
80.2344 25.5436
80.2139 25.7747
80.1689 25.705
80.1847 26.598
80.1272 26.9672
80.0958 27.2367
79.9675 27.1011
79.9158 27.2389
79.8989 27.2408
79.8536 27.1422
79.7483 26.5311
79.7178 26.4864
79.6183 25.8161
79.5961 25.8261
79.5414 25.9422
79.5108 25.9769
79.41 25.7308
79.3283 25.1739
79.3355 24.9628
79.3689 24.9475
79.3714 24.7986
79.305 24.2817
79.2664 24.2678
79.2489 24.27
79.1969 24.1169
79.1786 23.6408
180.0 180.0
76.5633 16.3628
76.5741 16.3083
76.653 16.3367
76.88 15.4981
76.915 15.5872
76.9758 16.1433
76.9558 16.2375
76.9269 16.2267
76.9439 16.3267
76.9764 16.3172
76.9828 16.4953
76.9986 16.5197
77.0264 16.075
77.0691 16.0569
77.08 15.9942
77.0536 15.8492
77.0133 15.9047
76.9986 15.7283
77.0186 15.2325
77.123 15.0572
77.1922 14.375
77.2253 14.345
77.2914 14.1531
77.3189 14.1347
77.3458 14.1631
77.3642 14.0911
77.4241 13.9622
77.4508 14.0539
77.4919 13.9272
77.5278 13.9142
77.5586 14.0575
77.5839 14.3547
77.5658 14.5456
77.5222 14.5914
77.5019 14.5269
77.4908 14.5392
77.4911 14.7325
77.5458 14.79
77.5264 15.835
77.435 16.223
77.4714 16.3055
77.5055 16.048
77.565 15.9139
77.5772 15.6508
77.653 14.7389
77.6655 14.7717
77.7472 15.78
77.8014 16.3633
77.7872 16.9714
77.7816 17.1197
77.8177 16.8972
77.8586 16.8022
77.8858 16.8086
77.868 16.8861
77.9061 16.9836
77.9314 17.0061
77.9214 16.8428
77.8572 16.6647
77.8303 15.8147
77.883 15.5739
77.788 15.0486
77.7275 13.7611
77.7605 13.7217
77.7886 13.815
77.8133 13.8083
77.8489 13.6511
77.9575 13.6283
77.9994 13.6764
78.0405 13.6125
78.0583 13.6119
78.0908 13.9669
78.0586 14.1097
77.9644 14.2833
77.9628 14.3558
77.9808 14.3628
78.0661 14.2325
78.0969 14.2497
78.1144 15.0336
78.1339 14.995
78.1486 15.0567
78.238 15.4922
78.2172 15.6611
78.2291 15.7369
78.2697 15.6008
78.2991 15.6014
78.3366 15.7933
78.3339 16.8189
78.4139 17.2725
78.4364 17.2169
78.3861 16.8244
78.4522 16.3289
78.5397 16.4983
78.648 16.8289
78.6719 16.8311
78.6669 16.6342
78.7133 16.5711
78.7072 16.4925
78.5964 16.3542
78.5414 16.1772
78.4922 16.0544
78.4769 15.9933
78.4516 15.4642
78.4769 15.3506
78.588 15.1933
78.6358 15.4528
78.7172 15.5014
78.7828 15.4219
78.8114 15.4819
78.8447 15.38
78.8197 15.2956
78.7289 15.1975
78.6566 15.2564
78.6211 15.0194
78.6011 15.035
78.6 14.9447
78.6416 14.805
78.6819 14.8464
78.7308 14.8147
78.7264 14.6986
78.6739 14.4439
78.6464 14.5475
78.573 14.5475
78.5428 14.5736
78.5016 14.3994
78.4708 14.4225
78.443 14.6614
78.4064 14.7175
78.3778 14.6883
78.3852 14.2764
78.3564 14.2483
78.3061 14.3253
78.27 14.1758
78.2452 14.0406
78.2864 14.0711
78.2672 13.9461
78.2241 13.9431
78.2658 13.8078
78.2608 13.7436
78.2094 13.8555
78.1964 13.7183
78.2077 13.4928
78.1975 13.0067
78.2405 12.9119
78.2661 12.9569
78.3214 12.9014
78.3544 12.8711
78.3633 12.7
78.4722 12.3892
78.4866 12.3975
78.5178 13.1139
78.5441 13.1811
78.525 12.7856
78.6272 11.9256
78.6611 11.8494
78.6947 11.8539
78.7022 11.7542
78.7466 11.6469
78.82 11.7914
78.8119 11.9167
78.8325 11.92
78.9255 11.4061
78.9666 11.3356
78.9764 11.6025
78.9158 12.0725
78.9033 12.4956
78.9183 12.5008
78.998 12.4039
78.9675 12.0639
78.9861 11.9817
78.995 12.0806
79.01 12.078
79.0636 11.6817
79.1472 11.8539
79.2169 12.1375
79.235 12.0572
79.258 12.1158
79.3044 12.0856
79.2919 11.8367
79.2361 11.9136
79.2258 11.8972
79.2366 11.7886
79.3216 11.6861
79.3019 11.5942
79.1917 11.7208
79.1614 11.705
79.093 11.2364
79.1178 11.1831
79.2378 11.1414
79.3322 10.8978
79.3702 10.8497
79.3783 10.918
79.4011 10.8519
79.4189 10.9028
79.4561 10.9108
79.4925 10.8403
79.5141 10.6978
79.538 10.6792
79.5594 11.1803
79.5997 10.8539
79.6433 10.9861
79.635 11.3661
79.6461 11.4589
79.7091 11.2056
79.7325 11.2186
79.7778 11.1989
79.7722 11.548
79.8105 11.5389
79.8366 11.84
79.7097 12.0464
79.6633 12.3417
79.7133 12.3453
79.7633 12.1986
79.8091 12.1636
79.8361 12.2247
79.8289 12.4047
79.7775 12.5439
79.7444 12.51
79.8289 13.0958
79.8689 13.8678
79.83 13.9575
79.7669 13.9656
79.7264 13.8847
79.6966 13.6283
79.7003 13.2447
79.6708 13.0175
79.5855 12.5778
79.5941 13.3319
79.5683 13.4928
79.523 13.4044
79.5144 13.2653
79.4672 13.2725
79.4394 13.4875
79.4833 13.4478
79.4842 13.5944
79.3919 13.8736
79.2786 13.908
79.2691 14.0847
79.3383 14.1558
79.5091 13.9286
79.5461 13.8981
79.6105 14.1103
79.6105 14.2778
79.6339 14.1486
79.6805 14.2567
79.8061 14.5578
79.7639 14.8603
79.6005 15.2917
79.4147 15.4264
79.2241 15.7908
79.133 15.6522
79.0977 15.7086
79.1616 15.8133
79.1494 15.9172
79.0539 16.1322
78.9866 16.1481
78.9044 16.393
78.9158 16.4956
78.9353 16.4928
79.1533 16.1767
79.2392 16.1386
79.3064 15.9594
79.5355 15.8542
79.5583 15.9186
79.6358 15.7878
79.6533 15.7294
79.8211 15.6411
79.8736 15.7311
79.8691 16.1397
79.9375 15.95
79.9736 15.9844
80.0628 16.3078
80.0405 16.5406
79.9444 16.7211
79.9116 16.6969
79.8694 16.8419
79.8783 16.9069
79.9303 16.8706
79.9603 16.9772
79.9241 17.3708
79.7308 18.0833
79.6953 18.0772
79.5433 17.6028
79.5436 17.7656
79.5189 17.7719
79.4097 17.7603
79.3903 17.6417
79.3672 17.6822
79.3936 17.8478
79.4683 18.0175
79.5341 18.0422
79.6208 18.1936
79.6283 18.3569
79.5594 18.6589
79.5225 18.7486
79.4419 18.8858
79.4061 18.8511
79.39 18.9111
79.3722 18.8547
79.3408 18.8405
79.3141 18.8769
79.2789 18.7983
79.2641 18.6222
79.2392 18.6483
79.2483 18.8514
79.213 18.95
79.1758 18.915
79.1602 18.9372
79.1452 19.1867
79.1847 19.348
79.1469 19.835
79.1158 19.8039
79.0641 19.9081
79.0139 19.9067
78.8383 21.5461
78.7608 21.5447
78.6969 21.3581
78.6533 21.3864
78.6833 20.6767
78.6244 20.5586
78.6128 19.6886
78.5705 19.5778
78.5444 19.6103
78.5075 19.6689
78.4491 18.9628
78.3891 19.0572
78.3519 19.0619
78.2778 18.9561
78.245 19.0608
78.2178 19.0797
78.1739 18.92
78.1025 19.095
78.0855 19.0711
78.0272 18.7847
78.0553 18.5525
78.0147 18.4083
77.9666 18.4967
77.8983 18.3339
77.8483 18.4472
77.7628 18.4492
77.6703 18.3422
77.6355 18.3625
77.5864 18.2878
77.5461 18.3061
77.4908 18.2367
77.4892 17.7308
77.4583 17.7314
77.4403 17.625
77.183 17.4172
77.1441 17.4442
77.0439 17.3258
77.0447 17.0958
77.0216 17.1764
76.9655 17.3186
76.9172 17.2214
76.8153 16.9436
76.7816 16.9272
76.723 17.1842
76.6947 17.1983
76.6261 17.0008
76.5953 16.9972
76.575 16.5719
76.6083 16.5544
76.6172 16.4167
76.5633 16.3628
180.0 180.0
9.13038e-315 8.0928e-321
