CIC_MPM_VERS = 1.0
COMMENT Generated by Spacebel CCSDS library
CREATION_DATE = 2017-02-24T16:25:06.011218
ORIGINATOR = SVG² Control

META_START

USER_DEFINED_PROTOCOL = NONE
USER_DEFINED_CONTENT = REGION OF INTEREST
USER_DEFINED_SIZE = 2
USER_DEFINED_TYPE = REAL
USER_DEFINED_UNIT = [deg]

META_STOP

58.0661 11.465
58.1303 11.4011
58.2253 11.5761
58.2314 11.6553
58.2762 11.6716
58.2817 11.7367
58.1775 11.8147
58.1205 11.8064
58.0661 11.465
180.0 180.0
56.2114 16.4372
56.2742 16.4033
56.5291 16.3933
56.8683 16.6119
56.8919 16.7278
57.3053 16.9733
57.3591 17.0567
57.338 17.1103
56.8911 16.8583
56.8189 16.8064
56.6486 16.6992
56.2583 16.5067
56.2114 16.4372
180.0 180.0
56.9119 18.1478
57.0153 18.2028
57.0364 18.2625
57.0908 18.2894
57.0578 18.2175
57.228 18.1567
57.253 18.0989
57.2822 18.1014
57.3755 18.1769
57.4808 18.1153
57.5194 18.1114
57.8078 18.4614
57.9211 18.7161
57.8869 18.7719
57.8308 18.7881
57.8731 18.8492
57.9089 18.8408
57.9175 18.9142
57.8869 18.8997
57.8989 19.0039
57.8303 19.0828
57.7817 18.9442
57.7133 18.8997
57.7347 18.8144
57.6153 18.7622
57.6006 18.8081
57.478 18.768
57.4392 18.8089
57.4414 18.8967
57.418 18.9292
57.3806 18.9075
57.3705 18.7889
57.3022 18.6719
57.2789 18.6664
57.2469 18.7144
57.1442 18.4172
57.1258 18.4131
57.0233 18.3356
56.9878 18.3586
56.918 18.2306
56.9119 18.1478
180.0 180.0
69.0631 20.5861
69.005 20.8667
68.9464 20.9311
68.9268 20.8914
68.8936 20.8953
68.8197 21.2078
68.6308 21.6686
68.5769 21.7575
68.57 21.8972
68.4791 22.0506
68.4208 22.6739
68.2419 23.1197
68.1788 23.1594
68.1275 23.1478
68.1422 23.2944
67.978 23.5422
67.9508 23.6569
67.93 23.6656
67.8758 23.4925
67.775 23.4772
67.5875 23.5536
67.4986 23.4389
67.4655 23.4311
67.4364 23.5005
67.4533 23.5492
67.4202 23.7619
67.3264 23.7819
67.2847 23.7417
67.2633 23.6144
67.2239 23.5844
67.2072 23.6114
67.1677 23.5739
67.0128 23.7258
66.8841 23.9358
66.8005 24.0078
66.7547 23.9
66.57 23.8875
66.4605 23.6589
66.4069 23.6578
66.205 23.7192
66.0527 24.005
65.8128 24.1671
65.788 24.0125
65.8258 23.6964
65.8011 23.6494
65.8269 23.4597
65.7605 23.4347
65.8197 23.1889
65.7636 23.2344
65.6989 23.0811
65.7397 23.0728
65.7528 23.0003
65.8603 22.7828
65.9028 22.6372
65.8075 22.7047
65.7505 22.6486
65.7969 22.6086
65.7739 22.5081
65.8108 22.5278
65.8308 22.4919
65.8592 22.3639
65.7983 22.3211
65.7522 22.3564
65.7322 22.315
65.7547 22.2408
65.7311 22.2389
65.7119 22.3733
65.6705 22.3858
65.663 22.3417
65.6986 22.3072
65.6911 22.2578
65.6247 22.2761
65.6216 22.1867
65.6133 22.3094
65.6347 22.3167
65.5486 22.4264
65.5352 22.4058
65.6458 21.955
65.5491 22.1622
65.533 22.1642
65.53 21.8525
65.4572 22.0317
65.4233 21.9981
65.4497 21.9431
65.398 21.9294
65.3966 21.8144
65.4164 21.5869
65.3761 21.4719
65.3069 21.6481
65.2611 21.6858
65.2347 21.5536
65.3086 21.4894
65.3719 21.3244
65.3333 21.2661
65.3216 21.4008
65.153 21.6206
65.138 21.6133
65.1364 21.5472
65.0914 21.5497
65.0505 21.4683
65.0197 21.5028
65.0094 21.4242
64.9589 21.3869
64.9477 21.2439
64.83 21.1831
64.8233 21.0975
64.8564 21.0731
64.8358 21.0369
64.8119 21.0544
64.7775 21.2583
64.7508 21.3108
64.743 21.2297
64.6872 21.3039
64.6953 21.2106
64.7227 21.105
64.6814 21.1189
64.5664 21.3619
64.6053 21.3733
64.5255 21.5428
64.5264 21.3764
64.5102 21.4819
64.4491 21.4817
64.4644 21.5756
64.3141 21.33
64.2958 21.2761
64.3103 21.2428
64.1341 20.9542
64.0186 20.9108
63.8217 20.6758
63.7889 20.6794
63.8164 20.6142
63.7686 20.5433
63.8228 20.4997
63.7755 20.4586
63.6911 20.4136
63.6794 20.3628
63.7461 20.3431
63.7367 20.3147
63.6947 20.3256
63.6497 20.2894
63.7047 20.2544
63.6464 20.2408
63.6594 20.0572
63.6358 20.0119
63.6017 20.0331
63.6166 19.9378
63.5333 19.7753
63.4575 19.7731
63.4353 19.6608
63.4747 19.6397
63.5611 19.4636
63.5458 19.4228
63.4675 19.4822
63.453 19.4736
63.4083 19.5142
63.4825 19.3364
63.435 19.3658
63.4636 19.2967
63.4419 19.2744
63.3211 19.2619
63.3103 19.14
63.2328 19.1161
63.2444 19.0456
63.2183 19.0497
63.2083 19.1103
63.1764 19.0369
63.2486 18.9467
63.2569 18.803
63.2422 18.7397
63.2067 18.9153
63.1678 18.7894
63.2016 18.7519
63.2158 18.8164
63.2205 18.7039
63.1547 18.7539
63.1466 18.6286
63.1044 18.6447
63.1142 18.5589
63.0183 18.4817
63.0472 18.3753
63.0094 18.4236
63.0344 18.345
62.99 18.2586
62.9844 18.5397
62.9658 18.5767
62.9503 18.565
62.9655 18.4142
62.938 18.4008
62.9233 18.5256
62.8794 18.4736
62.8583 18.4669
62.8339 18.3622
62.8581 18.3097
62.8617 18.2075
62.8408 18.2803
62.8114 18.2647
62.7761 18.1994
62.8122 18.1861
62.7697 18.1481
62.7978 18.0081
62.8167 18.145
62.85 18.0478
62.8008 17.9739
62.8201 17.9236
62.8644 17.923
62.9694 17.8283
62.9919 17.6967
62.9469 17.8011
62.8642 17.8858
62.7305 17.9947
62.653 17.9914
62.6653 17.9178
62.6561 17.8853
62.6236 18.0456
62.59 18.0558
62.5625 17.9508
62.6081 17.9544
62.6108 17.9311
62.5442 17.9108
62.4839 17.8356
62.4936 17.6933
62.4672 17.6542
62.4342 17.6986
62.4403 17.5642
62.5381 17.4092
62.4803 17.3256
62.4153 17.3792
62.3939 17.3411
62.3108 17.4664
62.2655 17.4653
62.2311 17.6547
62.2094 17.6
62.2111 17.5386
62.1294 17.4831
62.0064 17.4636
61.9453 17.3497
61.8139 17.3419
61.8161 17.4072
61.7164 17.3936
61.728 17.4947
61.6961 17.5236
61.6247 17.4772
61.7192 17.2578
61.7197 17.1403
61.7033 17.2203
61.6711 17.2631
61.6144 17.1264
61.5936 17.1447
61.5489 17.0733
61.4875 17.1792
61.458 17.1578
61.4317 17.1397
61.3875 17.1103
61.3117 17.2749
61.3011 17.1286
61.2236 17.2114
61.2091 17.1489
61.0808 17.1814
61.0328 17.1883
60.9936 17.1658
60.945 17.1506
60.7564 17.3342
60.6883 17.1886
60.6533 17.3325
60.64 17.5783
60.6019 17.6569
60.575 17.6025
60.5183 17.6347
60.4936 17.7405
60.5347 17.7256
60.5711 17.7731
60.5972 17.9497
60.5708 17.9758
60.3692 18.2281
60.3266 18.2344
60.3408 18.4403
60.3103 18.4453
60.2469 18.5825
60.2244 18.58
60.2397 18.4489
60.298 18.3408
60.2969 18.3172
60.2114 18.4492
60.1872 18.4217
60.1519 18.5422
60.0733 18.5872
60.1372 18.5792
60.1458 18.6261
60.1186 18.7364
60.0472 18.7447
60.0811 18.753
60.105 18.7608
60.1142 18.8225
60.0739 18.8164
59.9358 18.9097
59.8897 19.0706
59.8228 19.0506
59.8891 18.9244
59.8572 18.9311
59.7947 18.8572
59.7867 18.7658
59.7586 18.7392
59.7778 18.8517
59.7705 19.0805
59.7358 19.07
59.72 18.9536
59.7494 18.9122
59.6453 18.6944
59.6425 18.7447
59.6203 18.6681
59.5805 18.6455
59.4436 18.25
59.4061 18.3128
59.3908 18.3222
59.408 18.165
59.4206 18.2083
59.4553 18.1958
59.453 18.1155
59.3992 18.0817
59.4055 18.0111
59.3325 18.1364
59.3711 17.8161
59.41 17.7578
59.4458 17.77
59.533 17.8453
59.6992 17.7183
59.6189 17.7106
59.6561 17.5922
59.7361 17.6864
59.7547 17.6361
59.8047 17.5878
59.73 17.4961
59.6761 17.4447
59.6322 17.4878
59.6169 17.5214
59.713 17.5275
59.7322 17.5375
59.7264 17.6203
59.6669 17.5608
59.6405 17.5867
59.5839 17.7572
59.5294 17.785
59.4428 17.72
59.5072 17.5203
59.5575 17.5417
59.5425 17.4903
59.6197 17.3706
59.5005 17.4075
59.4692 17.3989
59.5514 17.1103
59.6044 17.06
59.5886 17.0114
59.5606 17.0489
59.5364 17.0314
59.5911 16.8008
59.5528 16.7831
59.5258 16.7214
59.5608 16.6475
59.6094 16.5419
59.5869 16.4975
59.5569 16.5475
59.5389 16.5383
59.5158 16.465
59.4975 16.4725
59.5108 16.3894
59.48 16.3489
59.4897 16.0222
59.4544 16.0728
59.4394 16.1814
59.473 16.67
59.4289 16.7464
59.4761 16.6933
59.4914 16.8289
59.4533 16.9244
59.3594 17.04
59.3489 17.3106
59.3275 17.3119
59.3136 17.2436
59.2742 17.28
59.2572 17.2133
59.2478 17.3981
59.2972 17.355
59.3247 17.3619
59.2842 17.5039
59.223 17.595
59.2847 17.5939
59.2644 17.8472
59.2269 17.8881
59.2847 17.8897
59.3339 17.9844
59.3205 18.1639
59.3644 18.2722
59.3714 18.36
59.3311 18.4547
59.3458 18.4783
59.4128 18.4411
59.4336 18.4344
59.4175 18.5297
59.3191 18.6503
59.3075 18.6306
59.3055 18.3536
59.3278 18.3394
59.3072 18.2769
59.2297 18.3383
59.2197 18.31
59.1636 18.4033
59.0539 18.0447
59.0005 17.9953
58.9208 17.9667
58.9097 17.8958
58.8589 17.8947
58.923 17.8378
58.9064 17.8003
58.8755 17.7819
58.9319 17.7405
58.9972 17.7619
59.1267 17.7592
59.0505 17.7067
59.0833 17.6667
59.1328 17.6905
59.1683 17.6639
58.9747 17.6136
58.9175 17.6139
58.8944 17.6131
58.8964 17.5375
58.8572 17.5894
58.8925 17.4469
58.7897 17.4806
58.8041 17.34
58.7455 17.3714
58.7247 17.255
58.7636 17.0833
58.7339 17.0867
58.703 17.06
58.7003 17.1455
58.6511 17.0947
58.6739 17.0339
58.6622 17.0128
58.6361 17.0247
58.6369 16.6778
58.6589 16.2319
58.5925 16.4019
58.6414 16.4367
58.6028 16.7889
58.5672 16.7861
58.4841 16.9386
58.4244 16.7428
58.4614 16.5406
58.4036 16.71
58.363 16.7336
58.3378 16.7644
58.348 16.6308
58.3155 16.7311
58.3122 16.8033
58.2689 16.7092
58.2433 16.8017
58.1386 16.8022
58.1255 16.7528
58.1714 16.6825
58.1928 16.618
58.1367 16.6603
58.1008 16.7281
58.0475 16.7342
58.0128 16.7503
58.0175 16.7139
57.9991 16.6903
58.045 16.6519
58.0044 16.6381
57.9619 16.74
57.8844 16.7705
57.8758 16.7247
57.9167 16.6925
57.8833 16.6592
57.9769 16.5583
57.9794 16.4944
57.9269 16.5842
57.8925 16.4619
57.7423 16.7024
57.7714 16.6189
57.7 16.7125
57.7033 16.5742
57.6197 16.6255
57.5892 16.5572
57.6222 16.5536
57.5844 16.5183
57.5522 16.6325
57.4692 16.6933
57.4364 16.6278
57.4075 16.6647
57.3836 16.555
57.3642 16.5378
57.3347 16.5689
57.2903 16.4722
57.1675 16.4603
57.0817 16.5644
57.045 16.4419
56.7861 16.4144
56.7903 16.4519
56.765 16.4653
56.7578 16.3564
56.6975 16.3775
56.6533 16.3608
56.6567 16.2725
56.6072 16.2161
56.5442 16.215
56.5275 16.1717
56.3897 16.0881
56.0756 15.8531
56.1061 15.7856
56.1611 15.8203
56.1605 15.7375
56.1603 15.5875
56.2036 15.5814
56.1364 15.3019
56.1578 14.6905
56.1156 14.6819
56.0597 14.7508
56.0267 14.7606
56.0028 14.668
56.0294 14.6208
56.0525 14.5442
55.9369 14.3303
55.8125 14.2078
55.7158 14.1961
55.565 14.3519
55.5267 14.3656
55.3869 14.1969
55.3808 14.1105
55.4314 13.9358
55.4214 13.7825
55.4216 13.7814
55.3397 13.3647
55.3591 13.2278
55.3872 12.8275
55.4386 12.8675
55.4155 12.9356
55.4339 12.9625
55.5442 12.9164
55.5772 12.9253
55.6325 13.045
55.6978 13.0547
55.7578 12.9122
55.965 12.7658
56.1794 12.5566
56.2814 12.4814
56.2972 12.4739
56.2186 12.7089
56.2328 12.8133
56.2692 12.833
56.4 12.6228
56.4369 12.6319
56.4664 12.6797
56.4414 12.8686
56.4669 12.9108
56.5325 12.9369
56.6489 12.8692
56.6397 12.7253
56.7258 12.6353
56.8175 12.5933
56.9144 12.3503
57.0164 12.3344
57.0597 12.2378
57.1822 12.1967
57.2325 12.0997
57.2594 12.1119
57.3136 12.1419
57.3369 12.0439
57.4269 12.095
57.4597 12.0439
57.4289 12.0078
57.3414 11.9861
57.3547 11.9319
57.6233 11.9064
57.6028 11.8647
57.6758 11.8317
57.6967 11.9172
57.6886 11.7414
57.7158 11.6997
57.7819 11.8117
57.8416 11.6622
57.8972 11.7572
58.0325 11.8014
58.0594 11.7767
58.2119 11.8861
58.2755 11.8069
58.3419 11.8575
58.2469 11.5722
58.2406 11.4908
58.2997 11.5139
58.3858 11.6214
58.4105 11.5556
58.3019 11.4922
58.2592 11.3986
58.3017 11.3883
58.3303 11.3925
58.3328 11.4478
58.3853 11.4197
58.3536 11.3864
58.348 11.3453
58.438 11.4261
58.3367 11.2283
58.4041 11.2061
58.42 11.2569
58.4803 11.2486
58.5225 11.2567
58.653 11.2522
58.7139 11.1781
58.7556 11.2108
58.9175 11.1942
58.95 11.1069
58.9919 11.115
59.0158 11.1192
59.0719 11.1794
59.1014 11.315
59.0844 11.35
58.996 11.4203
58.893 11.4278
58.8836 11.463
58.9091 11.6267
59.0903 11.7511
59.1286 11.7397
59.2237 11.7875
59.2453 11.7983
59.3033 11.7908
59.3119 11.7872
59.5958 11.6661
59.7078 11.9028
59.7947 11.8911
59.8458 11.8153
59.8969 11.9569
59.8969 12.163
60.0764 12.4769
60.3014 12.4911
60.3992 12.5897
60.4686 12.6081
60.5266 12.5875
60.9853 12.2292
61.0294 12.2942
61.0625 12.655
61.3625 12.8561
61.5661 12.53
61.5733 12.4067
61.7286 12.1244
62.2617 12.2958
62.39 12.21
62.6014 12.0119
62.7494 12.0894
62.8925 12.0289
63.0158 12.1686
63.2722 11.9364
63.4853 12.195
63.5841 12.1394
63.7094 12.3247
63.9655 12.675
64.023 12.8367
64.093 13.23
64.013 13.9817
64.0717 14.0405
64.0802 14.0489
64.1858 14.1547
64.4705 14.1164
64.5711 13.6822
64.6294 13.6969
65.13 14.3194
65.2466 14.3689
65.3136 14.493
65.5933 14.5039
65.8269 14.6347
66.1325 14.505
66.15 15.0253
66.2839 15.4681
66.48 15.3628
66.6058 15.6258
66.8908 16.01
67.0178 16.3539
67.1777 16.3992
67.4116 16.0858
67.5 16.1922
67.5155 16.3825
67.6569 16.5703
67.8991 16.7269
68.0303 17.1883
68.0905 17.2736
67.9455 17.8842
68.1661 18.1553
68.4094 18.0458
68.5078 18.0908
68.5391 18.358
68.4753 18.6119
68.4877 18.9522
68.3375 19.9378
68.448 20.1758
68.4822 20.2111
68.5439 19.9564
68.6622 20.2025
68.7866 20.3503
68.9283 20.3147
69.0422 20.0969
69.0631 20.5861
180.0 180.0
9.13038e-315 8.06809e-321
