CIC_MPM_VERS = 1.0
COMMENT Generated by Spacebel CCSDS library
CREATION_DATE = 2017-02-24T16:25:06.015719
ORIGINATOR = SVG² Control

META_START

USER_DEFINED_PROTOCOL = NONE
USER_DEFINED_CONTENT = REGION OF INTEREST
USER_DEFINED_SIZE = 2
USER_DEFINED_TYPE = REAL
USER_DEFINED_UNIT = [deg]

META_STOP

47.267 9.54041
47.1922 9.48416
47.0961 9.51167
47.058 9.47583
47.0496 9.60183
47.0225 9.87555
46.9586 9.87361
46.865 10.0633
46.8586 10.1753
46.9505 10.3108
47.0011 10.4008
46.935 10.4886
46.8854 10.4662
46.8694 10.4636
46.7631 10.4475
46.6894 10.3853
46.6444 10.4053
46.6333 10.4739
46.5905 10.4853
46.5392 10.4497
46.5558 10.3017
46.64 10.2333
46.6114 10.1053
46.555 10.0683
46.4797 10.05
46.4119 10.163
46.3264 10.11
46.2725 10.1772
46.2478 10.1594
46.2228 10.0631
46.3183 9.99639
46.3792 9.95
46.3572 9.7375
46.2983 9.70833
46.293 9.61944
46.3319 9.5125
46.5094 9.45444
46.4733 9.40194
46.5086 9.36083
46.4841 9.27222
46.323 9.29194
46.1211 9.08333
46.0123 9.01953
45.9897 9.00625
45.9733 8.99666
45.8992 9.08555
45.8239 9.03167
45.8355 8.96305
45.9172 8.91724
45.9328 8.90778
45.9351 8.90717
45.9528 8.89727
45.9558 8.89555
45.99 8.78528
46.0725 8.85055
46.1017 8.81305
46.1015 8.76157
46.1014 8.71161
46.1014 8.69194
46.2486 8.44444
46.3383 8.45916
46.46 8.45166
46.4561 8.40111
46.2605 8.09027
46.1767 8.15889
46.0022 7.99805
45.9911 7.9025
45.92 7.85278
45.9612 7.67734
45.9833 7.57889
45.9161 7.39333
45.8836 7.09944
45.9317 7.03875
46.0653 6.92917
46.0519 6.87139
46.1261 6.88444
46.1422 6.78805
46.2178 6.79528
46.2714 6.84444
46.3525 6.7675
46.4055 6.80494
46.4111 6.80889
46.4325 6.79611
46.4641 6.63361
46.4069 6.32833
46.3578 6.24639
46.3224 6.24393
46.2978 6.24222
46.2525 6.30555
46.1536 6.15222
46.1403 5.96583
46.1742 6
46.2053 5.96611
46.2505 6.06083
46.2578 6.11444
46.4019 6.12444
46.4608 6.07805
46.5933 6.13
46.7045 6.32502
46.7744 6.45278
46.9269 6.43472
46.9878 6.58722
47.0386 6.70278
47.0683 6.69444
47.2919 6.94833
47.3053 7.01083
47.3455 7.06167
47.3717 7.02306
47.3569 6.88111
47.4441 6.97833
47.455 7.00778
47.4972 6.99055
47.4953 7.19805
47.4458 7.17833
47.4397 7.39561
47.47 7.45278
47.5258 7.52139
47.5846 7.5888
47.6064 7.67444
47.5611 7.61833
47.5433 7.69722
47.5883 7.81944
47.5536 7.94333
47.6217 8.20555
47.5742 8.34055
47.5846 8.49303
47.6283 8.50833
47.6397 8.61889
47.6603 8.62166
47.6711 8.41333
47.7039 8.40667
47.8064 8.55972
47.765 8.72694
47.6978 8.725
47.683 8.7975
47.7353 8.8
47.6558 8.87861
47.663 9.26167
47.5439 9.56761
47.5041 9.55825
47.4555 9.65361
47.3814 9.665
47.36 9.60528
47.267 9.54041
