CIC_MPM_VERS = 1.0
COMMENT Generated by Spacebel CCSDS library
CREATION_DATE = 2017-02-24T16:25:06.051719
ORIGINATOR = SVG² Control

META_START

USER_DEFINED_PROTOCOL = NONE
USER_DEFINED_CONTENT = REGION OF INTEREST
USER_DEFINED_SIZE = 2
USER_DEFINED_TYPE = REAL
USER_DEFINED_UNIT = [deg]

META_STOP

37.1102 42.3661
37.0596 42.3739
36.5989 41.8353
36.5255 41.403
36.3555 41.2903
36.055 41.255
35.8386 41.378
35.6253 41.3839
35.4955 41.2778
35.1947 41.2114
34.7883 41.2291
34.4194 41.0039
34.0778 40.2775
33.3772 38.7946
33.3405 38.7228
33.1975 38.4497
33.0539 38.1778
32.9094 37.9064
32.7639 37.6361
32.618 37.3675
32.4703 37.0986
32.3136 36.8378
32.3436 36.6747
32.3819 36.4003
32.4511 36.325
32.5389 36.0803
32.6992 35.94
32.7441 35.7936
32.6865 35.6334
32.715 35.5992
32.75 35.6316
32.8145 35.6394
32.8972 35.6148
32.9878 35.6225
33.0178 35.5905
33.0497 35.6394
33.2517 35.6697
33.2487 35.6193
33.3608 35.8105
33.4022 35.8244
33.5794 36.0592
33.598 36.0528
33.6461 35.935
33.7189 35.9711
33.8347 36.1111
33.8333 36.3825
33.9178 36.2833
34.0517 36.4208
34.2039 36.625
34.238 36.5897
34.3094 36.6005
34.3236 36.5592
34.4261 36.5511
34.5017 36.4244
34.5197 36.3389
34.6069 36.4291
34.6386 36.378
34.6892 36.3444
34.6828 36.3086
34.668 36.3055
34.6386 36.1536
34.6495 35.9707
34.7355 35.933
34.9083 35.8747
35.0058 35.8966
35.1711 35.925
35.1983 35.9594
35.4211 35.92
35.5736 35.7253
35.6228 35.783
35.6819 35.8022
35.7416 35.8455
35.8439 35.7992
35.8447 35.8567
35.9268 35.9232
35.9305 36.0058
35.8783 36.0172
35.8217 36.1742
35.9603 36.2192
36.0132 36.3739
36.2229 36.3825
36.2064 36.4408
36.2308 36.4936
36.223 36.555
36.2392 36.6922
36.2864 36.6903
36.3575 36.6186
36.4005 36.5808
36.4986 36.5536
36.8336 36.6603
36.7711 36.9555
36.7144 37.043
36.658 37.0244
36.6217 37.0769
36.6591 37.1275
36.64 37.4425
36.6597 37.5056
36.7608 37.8186
36.9058 38.1811
36.8966 38.3908
36.7022 38.7264
36.6978 38.8605
36.6655 39.2058
36.6988 39.4392
36.7514 39.81
36.8355 40.0483
36.9903 40.4003
37.1183 40.7755
37.0944 41.1411
37.0769 41.4005
37.13 41.8403
37.1967 42.0636
37.3222 42.2079
37.2789 42.2497
37.2386 42.3453
37.1102 42.3661
