CIC_MPM_VERS = 1.0
COMMENT Generated by Spacebel CCSDS library
CREATION_DATE = 2017-02-24T16:25:06.152718
ORIGINATOR = SVG² Control

META_START

USER_DEFINED_PROTOCOL = NONE
USER_DEFINED_CONTENT = REGION OF INTEREST
USER_DEFINED_SIZE = 2
USER_DEFINED_TYPE = REAL
USER_DEFINED_UNIT = [deg]

META_STOP

21.903 120.841
21.9589 120.751
21.9278 120.723
22.0242 120.675
22.1406 120.684
22.3622 120.576
22.5308 120.331
22.8664 120.177
23.0192 120.171
23.0378 120.06
23.0719 120.053
23.0883 120.099
23.2072 120.074
23.385 120.147
23.6139 120.111
24.0567 120.383
24.5164 120.659
24.6475 120.751
24.74 120.872
24.9972 120.999
25.1155 121.224
25.122 121.286
25.1267 121.437
25.1733 121.402
25.2689 121.476
25.2842 121.559
25.2575 121.611
25.1722 121.674
25.1158 121.893
25.0197 121.916
25.0108 121.999
24.8669 121.828
24.7567 121.8
24.6269 121.82
24.5292 121.855
24.36 121.766
24.2144 121.702
24.0858 121.607
23.9 121.596
23.333 121.455
22.8747 121.233
22.4783 120.936
22.21 120.872
22.0394 120.882
21.985 120.835
21.903 120.841
