CIC_MPM_VERS = 1.0
COMMENT Generated by Spacebel CCSDS library
CREATION_DATE = 2017-02-24T16:25:06.195719
ORIGINATOR = SVG² Control

META_START

USER_DEFINED_PROTOCOL = NONE
USER_DEFINED_CONTENT = REGION OF INTEREST
USER_DEFINED_SIZE = 2
USER_DEFINED_TYPE = REAL
USER_DEFINED_UNIT = [deg]

META_STOP

40.2447 70.9822
40.2153 70.9964
40.1811 70.9744
40.1689 70.9181
40.1797 70.8614
40.1597 70.8336
40.1714 70.8197
40.135 70.7756
40.1036 70.6611
40.0369 70.6617
39.9894 70.6436
39.9583 70.6031
39.9503 70.5283
39.9069 70.4981
39.9364 70.4672
39.9736 70.4925
40.0094 70.5522
40.0264 70.5603
40.0461 70.5422
40.0831 70.3486
40.1328 70.2861
40.1419 70.1728
40.2164 70.0242
40.1119 69.6058
40.1072 69.5722
40.1314 69.5408
40.0361 69.4839
39.9686 69.5003
39.9319 69.5261
39.9019 69.425
39.9519 69.3981
39.9964 69.3383
39.8603 69.265
39.7544 69.2492
39.6817 69.3114
39.5394 69.3061
39.5169 69.3406
39.5344 69.3625
39.5592 69.3844
39.5308 69.4458
39.5461 69.5436
39.5789 69.5897
39.5878 69.7081
39.5764 69.7728
39.5375 69.8428
39.5586 69.9431
39.5339 70.0025
39.58 70.0525
39.5539 70.1631
39.6247 70.2275
39.5261 70.2347
39.5292 70.2692
39.5822 70.3561
39.5775 70.4072
39.5919 70.4172
39.6083 70.4919
39.5822 70.5489
39.5808 70.6339
39.5075 70.6739
39.4767 70.7244
39.4192 70.7206
39.3986 70.7478
39.3889 70.8011
39.4111 70.8486
39.4019 70.8897
39.4353 70.9219
39.4103 70.9525
39.4011 70.9978
39.4119 71.0328
39.5106 71.0972
39.5336 71.203
39.5169 71.2753
39.5647 71.3161
39.6064 71.4064
39.6025 71.4444
39.6203 71.4797
39.5672 71.5531
39.4989 71.515
39.4611 71.5425
39.4486 71.605
39.4622 71.7567
39.3911 71.7744
39.3375 71.7314
39.2781 71.7731
39.2867 71.8572
39.3519 71.9792
39.3747 72.0767
39.3414 72.1017
39.2881 72.1092
39.2453 72.2297
39.1919 72.2486
39.2572 72.3064
39.3364 72.3422
39.3358 72.3858
39.3586 72.4158
39.3517 72.4975
39.3819 72.5386
39.3639 72.5931
39.4019 72.6642
39.3625 72.8583
39.3664 72.9489
39.3517 73.0283
39.3825 73.0986
39.3533 73.1539
39.3947 73.3439
39.4014 73.3603
39.4419 73.3697
39.47 73.4914
39.459 73.6724
39.4589 73.6716
39.438 73.6547
39.2205 73.6239
38.9761 73.8514
38.9453 73.8441
38.9125 73.7233
38.8642 73.7053
38.6612 73.7952
38.588 73.8472
38.5336 73.9741
38.5475 74.083
38.61 74.0744
38.6744 74.3547
38.6005 74.553
38.4705 74.8566
38.3842 74.8627
38.3061 74.7944
38.0686 74.8205
38.0178 74.9136
37.9389 74.9205
37.8472 74.9028
37.7786 74.9902
37.6472 74.9028
37.563 74.9494
37.4067 75.1875
37.3836 75.1111
37.3219 75.0966
37.2403 74.8988
37.3919 74.6997
37.3994 74.4008
37.4286 74.3639
37.2294 73.7925
37.24 73.6344
37.2628 73.62
37.3044 73.6494
37.3314 73.7528
37.4344 73.7766
37.4633 73.3144
37.4008 73.1505
37.3205 73.0814
37.23 72.7989
37.0261 72.6636
36.99 72.3466
36.8122 72.0114
36.6925 71.8427
36.6722 71.6952
36.7414 71.5683
37.0586 71.4322
37.2078 71.4469
37.2842 71.4902
37.7644 71.5288
37.8161 71.5886
37.903 71.5919
37.9425 71.5464
37.9058 71.3747
37.918 71.2641
38.02 71.2847
38.188 71.3639
38.2489 71.363
38.4061 71.1019
38.453 70.8805
38.4144 70.6722
38.3753 70.6855
38.3341 70.5964
38.2786 70.5844
38.1672 70.4919
38.0578 70.3783
37.9205 70.2039
37.9417 70.1702
37.8722 70.1655
37.7414 70.2769
37.6211 70.2555
37.5291 70.135
37.565 69.9586
37.6119 69.918
37.5808 69.5158
37.4558 69.3827
37.3442 69.3813
37.23 69.4514
37.125 69.333
37.0942 69.2466
37.3078 68.9997
37.3175 68.8916
37.2847 68.9244
37.2722 68.905
37.3247 68.8503
37.3225 68.8094
37.2478 68.8258
37.2469 68.6547
37.1619 68.525
37.148 68.4122
37.1044 68.413
37.1111 68.3016
37.0869 68.2783
37.02 68.2833
36.9247 68.0355
37.0144 67.9105
37.0614 67.8855
37.0883 67.7916
37.1858 67.7772
37.2619 67.8381
37.3306 67.8439
37.4461 67.8175
37.5353 67.8564
37.6172 67.9172
37.7653 68.0731
37.9281 68.1506
37.9544 68.2739
38.0181 68.2964
38.1122 68.3686
38.1956 68.3842
38.2733 68.3314
38.3322 68.2156
38.395 68.1694
38.4244 68.1272
38.4983 68.1111
38.5414 68.0719
38.6092 68.0806
38.6969 68.0578
38.7392 68.1008
38.7944 68.0831
38.8086 68.155
38.8544 68.1964
38.9008 68.1839
38.9975 68.1133
38.9842 68.0369
39.0089 67.9689
38.9767 67.8633
38.9967 67.7094
39.0494 67.6872
39.1347 67.6947
39.14 67.6539
39.1719 67.6175
39.1678 67.5178
39.2097 67.3819
39.2253 67.3675
39.2942 67.3667
39.2992 67.4106
39.4856 67.4425
39.4956 67.5136
39.5547 67.5097
39.5664 67.6047
39.6258 67.7097
39.6214 67.8275
39.5672 68.0825
39.5367 68.3533
39.5375 68.4733
39.5547 68.5403
39.5872 68.5367
39.6136 68.5925
39.6561 68.63
39.8558 68.6397
39.85 68.6739
39.8714 68.7222
39.8275 68.7608
39.8389 68.7794
39.8619 68.7744
39.8783 68.8125
39.9003 68.8156
39.9869 68.7753
39.9717 68.8058
39.8742 68.8533
39.8914 68.9092
39.9939 68.8153
40.0433 68.8083
40.0706 68.7853
40.0831 68.8086
40.0408 68.8386
40.0775 68.9006
40.07 68.9975
40.1011 69.0094
40.1492 68.9872
40.1417 68.8636
40.1169 68.7058
40.1628 68.6014
40.1783 68.6008
40.1833 68.6444
40.2081 68.7683
40.1947 68.8358
40.2186 68.8761
40.2386 69.0322
40.2244 69.0978
40.1897 69.2353
40.2119 69.3214
40.2817 69.2317
40.3117 69.24
40.2864 69.3075
40.3278 69.3392
40.5028 69.2597
40.5589 69.2106
40.5897 69.2514
40.6022 69.3322
40.7381 69.335
40.7689 69.3517
40.8003 69.4003
40.8111 69.4592
40.7856 69.4892
40.7822 69.5344
40.6467 69.6803
40.6386 69.7325
40.7156 69.8231
40.77 70.0503
40.8267 70.1222
40.8558 70.2481
40.8942 70.3167
40.9583 70.3747
41.0278 70.3817
41.0503 70.4305
41.0372 70.4719
40.9811 70.5442
40.8139 70.7281
40.8006 70.7289
40.7981 70.7011
40.8275 70.6672
40.8225 70.6458
40.7861 70.6494
40.7722 70.6922
40.7556 70.7767
40.7255 70.7955
40.5747 70.5797
40.5497 70.515
40.5067 70.485
40.4617 70.3508
40.4297 70.3464
40.4022 70.3783
40.3767 70.375
40.3511 70.4567
40.3603 70.5158
40.3425 70.5581
40.2553 70.5894
40.2103 70.6258
40.2039 70.7161
40.2428 70.8706
40.2447 70.9822
