CIC_MPM_VERS = 1.0
COMMENT Generated by Spacebel CCSDS library
CREATION_DATE = 2017-02-24T16:25:06.204719
ORIGINATOR = SVG² Control

META_START

USER_DEFINED_PROTOCOL = NONE
USER_DEFINED_CONTENT = REGION OF INTEREST
USER_DEFINED_SIZE = 2
USER_DEFINED_TYPE = REAL
USER_DEFINED_UNIT = [deg]

META_STOP

-6.46861 39.5161
-6.46111 39.4736
-6.35833 39.4119
-6.38 39.3966
-6.32306 39.3741
-6.24722 39.29
-6.32 39.2769
-6.24667 39.2083
-5.93917 39.1892
-5.72306 39.3092
-5.76472 39.3425
-5.86695 39.3542
-6.03334 39.4022
-6.19139 39.4186
-6.19834 39.5036
-6.15389 39.5003
-6.24667 39.5325
-6.38084 39.5742
-6.44417 39.5592
-6.46861 39.5161
180.0 180.0
-7.99695 39.653
-7.95611 39.5933
-7.81361 39.7105
-7.75111 39.8408
-7.6425 39.8978
-7.67778 39.91
-7.90722 39.8264
-7.93222 39.7422
-7.97778 39.7217
-7.99695 39.653
180.0 180.0
-5.44083 39.7361
-5.4375 39.6955
-5.43333 39.6475
-5.34389 39.6489
-5.33917 39.6969
-5.29611 39.6653
-5.24833 39.7778
-5.20556 39.6716
-5.20945 39.7394
-5.16306 39.7455
-5.11195 39.6908
-5.0225 39.6983
-4.87167 39.6778
-4.93722 39.7572
-4.96584 39.8422
-4.8975 39.8669
-4.99861 39.8708
-5.12778 39.8325
-5.20694 39.8558
-5.39444 39.7847
-5.44083 39.7361
180.0 180.0
-4.44947 29.4236
-4.45365 29.6531
-4.45472 29.7119
-4.4044 29.7889
-4.36028 29.8128
-4.34972 29.9058
-4.24639 30.0444
-4.16667 30.0728
-4.02611 30.2078
-3.88695 30.2558
-3.77417 30.3358
-3.78611 30.4008
-3.548 30.4494
-3.45056 30.6317
-3.38667 30.6636
-3.37139 30.6242
-3.31667 30.6783
-3.3 30.7675
-3.25694 30.835
-3.1575 30.8539
-3.11806 30.8311
-2.97417 30.8403
-2.98972 30.7428
-2.89389 30.5572
-2.9465 30.4852
-2.86194 30.4175
-2.72306 30.4572
-2.64964 30.5225
-2.67083 30.4892
-2.67528 30.4336
-2.64306 30.4353
-2.3994 30.5737
-2.38075 30.782
-2.35778 30.8292
-2.04695 30.8764
-1.92945 30.8083
-1.67056 30.8403
-1.43694 30.7392
-1.37306 30.6317
-1.2275 30.5228
-1.06162 30.4823
-1.07222 30.6414
-0.997581 30.7512
-0.999167 31.4236
-0.999308 31.7655
-0.999337 31.8357
-0.999339 31.8399
-0.999444 32.0944
-0.999722 32.7667
-1.00028 33.4333
-1.00149 33.9203
-1.00139 34.0205
-1.03694 34.0297
-1.05581 34.0694
-1.16806 34.3053
-1.55056 34.9878
-1.93167 35.6714
-2.12223 36.0134
-2.13995 36.0452
-2.27929 36.2953
-3.01694 37.6303
-3.05139 37.6753
-3.31194 37.72
-3.3975 37.613
-3.45028 37.6
-3.5075 37.6172
-3.52611 37.7336
-3.65143 37.7834
-4.61 39.12
-4.67312 39.2056
-4.75722 39.2166
-4.78556 39.168
-4.81778 39.2208
-4.94028 39.1644
-4.87972 39.1478
-4.97084 39.1311
-5.02278 39.1011
-5.06667 39.0861
-5.05139 39.1269
-5.11167 39.1217
-5.235 39.0667
-5.83222 38.8286
-6.05583 38.78
-6.17445 38.863
-6.26778 38.8433
-6.38917 38.8739
-6.48972 39.0169
-6.46417 39.0311
-6.65722 39.2178
-6.85278 39.29
-6.8625 39.4689
-7.01528 39.55
-7.18278 39.5028
-7.15584 39.4808
-7.26361 39.3917
-7.37361 39.3539
-7.45917 39.2997
-7.82167 39.2903
-7.73111 39.325
-7.81417 39.4467
-7.96056 39.4328
-8.27861 39.3411
-8.26778 39.2953
-8.50584 39.3036
-8.55667 39.3455
-8.71695 39.3558
-8.91556 39.5436
-8.85889 39.448
-8.86695 39.4053
-8.91139 39.3925
-8.94389 39.4958
-9.12917 39.5
-9.09889 39.5733
-9.19917 39.6464
-9.38084 39.64
-9.40639 39.5911
-9.44889 39.5655
-9.45306 39.6514
-9.67195 39.7436
-9.75056 39.6992
-9.7525 39.7486
-9.93222 39.7855
-9.95972 39.7086
-10.052 39.698
-9.98806 39.7886
-10.0558 39.93
-10.2192 39.9936
-10.125 39.9964
-10.1797 40.1391
-10.2753 40.1183
-10.2606 40.1786
-10.2972 40.223
-10.2692 40.2672
-10.2447 40.1989
-10.2025 40.2406
-10.3572 40.3561
-10.3447 40.4325
-10.3058 40.3942
-10.3489 40.4533
-10.4804 40.4356
-10.5058 40.4205
-10.5867 40.2739
-10.6714 40.1655
-10.9206 39.7669
-10.9481 39.6283
-11.1708 39.2569
-11.1722 38.8978
-11.2072 38.8528
-11.2708 38.6725
-11.4171 38.4933
-11.2533 38.1022
-11.3267 37.8686
-11.4053 37.8433
-11.5147 37.8247
-11.5611 37.7919
-11.7256 37.4403
-11.6867 37.3472
-11.7042 37.2861
-11.6644 37.108
-11.5672 37.0258
-11.5706 36.825
-11.7161 36.6722
-11.7269 36.5372
-11.7042 36.1855
-11.5778 36.163
-11.5431 36.0864
-11.4308 35.9333
-11.4208 35.8169
-11.5894 35.6436
-11.5981 35.4764
-11.5721 35.4191
-11.5729 34.962
-11.5657 34.9632
-11.4281 34.9186
-11.3403 34.8233
-11.345 34.7636
-11.1633 34.6686
-11.0283 34.5939
-10.7475 34.6761
-10.4445 34.5705
-10.1803 34.558
-9.89944 34.4478
-9.56723 34.1339
-9.48472 34.0436
-9.49778 33.9886
-9.54639 33.9503
-9.69981 33.9281
-9.58278 33.7558
-9.61056 33.6769
-9.58472 33.5789
-9.62195 33.5089
-9.61195 33.4289
-9.53806 33.3939
-9.48417 33.3019
-9.50917 33.1925
-9.41167 33.0286
-9.37333 32.9978
-9.40361 32.9403
-9.40627 32.9407
-9.36639 32.8308
-9.28167 32.7419
-9.26111 32.5369
-9.16056 32.4708
-9.04084 32.0422
-9.07306 31.9844
-9.02917 31.9375
-8.98 31.9314
-8.93084 31.9561
-8.885 31.7855
-8.90889 31.6836
-8.81861 31.573
-8.68917 31.5517
-8.62944 31.3981
-8.58222 31.3755
-8.62195 31.2731
-8.57667 31.2206
-8.59538 31.17
-8.59614 31.1684
-8.61556 31.1258
-8.59028 31.0411
-8.45583 30.8986
-8.19083 30.77
-8.00028 30.7086
-7.58028 30.4558
-7.28389 30.3819
-6.9925 30.2075
-6.69833 29.823
-6.29528 29.5503
-6.04389 29.4967
-5.94583 29.5047
-5.74833 29.6319
-5.66917 29.6217
-5.44806 29.5344
-4.95139 29.3514
-4.79778 29.3414
-4.54111 29.4308
-4.44947 29.4236
180.0 180.0
9.13038e-315 8.09774e-321
