CIC_MPM_VERS = 1.0
COMMENT Generated by Spacebel CCSDS library
CREATION_DATE = 2017-02-24T16:25:06.445219
ORIGINATOR = SVG² Control

META_START

USER_DEFINED_PROTOCOL = NONE
USER_DEFINED_CONTENT = REGION OF INTEREST
USER_DEFINED_SIZE = 2
USER_DEFINED_TYPE = REAL
USER_DEFINED_UNIT = [deg]

META_STOP

7.75583 98.3108
7.8775 98.265
8.18639 98.2825
8.16226 98.3327
8.09583 98.3742
8.09194 98.4314
7.81167 98.3991
7.83361 98.3583
7.75583 98.3108
180.0 180.0
20.3886 99.4561
20.3119 99.6664
20.3314 99.7975
20.4553 99.9591
20.3493 100.092
20.2561 100.097
20.235 100.16
20.3792 100.25
20.3936 100.309
20.3442 100.376
20.1933 100.453
20.145 100.521
20.1576 100.581
19.858 100.483
19.7644 100.406
19.5447 100.484
19.4936 100.575
19.5506 100.637
19.4844 100.775
19.6197 100.895
19.6194 101.032
19.5686 101.19
19.5956 101.219
19.5792 101.269
19.5214 101.285
19.3908 101.203
19.1075 101.287
19.0517 101.352
18.785 101.254
18.7292 101.229
18.6869 101.269
18.5275 101.14
18.4544 101.062
18.3769 101.092
18.3336 101.18
18.2578 101.152
18.0578 101.191
17.8361 101.03
17.765 100.98
17.6672 100.963
17.5964 100.91
17.5689 100.919
17.4981 101.099
17.4611 101.152
17.5275 101.23
17.6925 101.391
17.7847 101.558
17.8148 101.559
17.8819 101.621
17.9092 101.727
18.0544 101.772
18.0539 101.832
18.03 101.89
18.2103 102.105
18.1956 102.176
18.0522 102.293
17.9578 102.59
17.9186 102.613
17.845 102.589
17.8025 102.667
17.8619 102.672
18.0036 102.939
17.9786 103.019
18.025 103.067
18.1374 103.09
18.1653 103.141
18.2478 103.171
18.2989 103.283
18.3467 103.237
18.4072 103.282
18.435 103.397
18.3519 103.676
18.28 103.869
18.3305 103.95
18.3075 103.996
18.0608 104.15
17.8819 104.261
17.6733 104.444
17.5425 104.666
17.4147 104.789
17.1939 104.809
16.8878 104.753
16.6975 104.769
16.5311 104.746
16.3225 104.94
16.2364 105.022
16.1286 105.047
16.0589 105.183
16.0186 105.412
15.9922 105.407
15.9381 105.35
15.7758 105.427
15.7281 105.596
15.6786 105.632
15.5947 105.634
15.4331 105.6
15.3769 105.483
15.3417 105.483
15.3355 105.588
15.2747 105.596
15.2053 105.494
15.125 105.469
14.9917 105.619
14.79 105.521
14.5778 105.538
14.4322 105.442
14.3526 105.21
14.2397 105.137
14.2183 105.069
14.2478 105.033
14.3833 105.002
14.4225 104.881
14.4305 104.782
14.4378 104.715
14.3647 104.572
14.3722 104.443
14.3867 104.188
14.3644 103.974
14.3905 103.701
14.44 103.696
14.4478 103.659
14.3967 103.508
14.3328 103.229
14.203 102.958
14.1047 102.92
13.9344 102.79
13.7636 102.722
13.6814 102.563
13.6525 102.561
13.6069 102.623
13.5678 102.527
13.5717 102.36
13.2672 102.351
13.0119 102.496
12.7669 102.525
12.665 102.512
12.6267 102.592
12.4247 102.789
12.3036 102.737
11.9997 102.782
11.7428 102.916
11.6334 102.914
11.7458 102.902
11.9083 102.771
12.0294 102.762
12.0906 102.693
12.2208 102.603
12.1986 102.554
12.0508 102.583
12.0525 102.555
12.0986 102.536
12.1989 102.283
12.2881 102.26
12.3369 102.364
12.355 102.34
12.3157 102.308
12.3253 102.287
12.3889 102.283
12.4039 102.241
12.298 102.265
12.4881 102.065
12.5353 102.107
12.5342 102.043
12.5103 102.033
12.5397 101.969
12.5269 101.945
12.6514 101.857
12.7067 101.75
12.6953 101.684
12.6455 101.645
12.6314 101.494
12.5861 101.418
12.6569 101.245
12.6742 101.075
12.6055 100.947
12.6572 100.926
12.6469 100.861
12.7014 100.839
12.7497 100.851
12.7692 100.899
12.8181 100.918
12.9239 100.863
13.0189 100.934
13.0903 100.88
13.1997 100.944
13.305 100.914
13.3686 100.985
13.4939 100.991
13.463 100.923
13.4889 100.771
13.5512 100.593
13.6061 100.593
13.5214 100.581
13.4906 100.266
13.3643 100.017
13.2772 99.9575
13.2319 99.9883
13.043 100.105
12.7061 99.965
12.1839 100.018
11.9769 99.8608
11.8911 99.8236
11.7781 99.8227
11.6869 99.7342
11.3086 99.5605
11.1881 99.5833
11.1978 99.5547
11.1156 99.4919
10.8608 99.5042
10.8767 99.4708
10.783 99.4258
10.6261 99.3005
10.4542 99.2402
10.3989 99.2889
10.3542 99.2758
10.3656 99.1491
10.2992 99.1583
10.2208 99.2508
10.2047 99.1958
10.1103 99.1503
9.775 99.1458
9.54361 99.223
9.3925 99.3208
9.36889 99.2705
9.30472 99.2266
9.22528 99.2578
9.18917 99.3766
9.21083 99.4952
9.28111 99.5366
9.26861 99.6133
9.2975 99.6539
9.31083 99.8094
9.08889 99.9194
8.97222 99.9189
8.60527 99.9658
8.40944 100.11
8.38527 100.172
8.50333 100.176
8.40666 100.238
7.98333 100.327
7.43861 100.447
7.21639 100.582
7.18917 100.567
7.26639 100.424
7.52361 100.405
7.565 100.377
7.5675 100.328
7.53 100.303
7.54055 100.266
7.64694 100.324
7.7875 100.286
7.78944 100.254
7.72278 100.148
7.61555 100.153
7.37833 100.266
7.31444 100.375
7.20555 100.393
7.125 100.475
7.13917 100.552
7.21278 100.594
6.95806 100.794
6.84333 101.035
6.86639 101.22
6.8725 101.309
6.88916 101.359
6.93778 101.29
6.86389 101.512
6.47 101.794
6.23618 102.094
6.11055 102.092
5.96472 101.946
5.86194 101.944
5.73944 101.824
5.77083 101.685
5.86056 101.659
5.91667 101.57
5.80444 101.282
5.69916 101.249
5.63194 101.14
5.71417 101.084
5.73278 101.024
5.80611 100.994
5.99055 101.12
6.16083 101.079
6.18722 101.122
6.24889 101.116
6.2775 100.99
6.23861 100.946
6.24278 100.852
6.32555 100.854
6.50361 100.749
6.44833 100.655
6.5475 100.371
6.70167 100.299
6.71056 100.209
6.6875 100.19
6.47667 100.171
6.41779 100.129
6.53639 100.095
6.5175 100.043
6.65805 99.9564
6.88 99.6844
6.99416 99.6808
7.13 99.7497
7.11916 99.673
7.1675 99.6683
7.13639 99.6128
7.24139 99.535
7.37111 99.6039
7.29111 99.5325
7.35417 99.5214
7.36805 99.493
7.275 99.478
7.29555 99.4283
7.37194 99.34
7.65639 99.2594
7.6825 99.2014
7.76333 99.1297
7.69194 99.1047
7.70305 99.038
7.75861 99.0253
7.91778 99.0703
7.89722 99.0314
8.05055 98.913
8.00194 98.8305
8.27139 98.7053
8.305 98.685
8.27472 98.6461
8.29222 98.6191
8.36305 98.6394
8.30916 98.4178
8.21778 98.4678
8.14333 98.4197
8.22389 98.2766
8.55694 98.1933
8.58639 98.2064
8.51111 98.2469
8.535 98.2508
8.7275 98.2194
9.02055 98.3636
9.03583 98.3227
9.08444 98.3839
9.12722 98.3433
9.55527 98.458
9.52917 98.4919
9.57333 98.5369
9.57194 98.4858
9.62416 98.465
9.70166 98.535
9.74472 98.5589
9.74361 98.5036
9.80694 98.5483
9.84139 98.5153
9.87555 98.5355
9.86861 98.5711
9.9725 98.5961
10.118 98.6739
10.3464 98.7426
10.5167 98.8239
10.6667 98.7819
10.7672 98.8555
10.8286 99.0033
10.9633 99.0202
10.9486 99.0775
11.35 99.3583
11.3889 99.4028
11.6047 99.4655
11.6292 99.49
11.6278 99.5575
11.8205 99.6608
11.8725 99.5894
12.1367 99.5733
12.1303 99.4766
12.2597 99.4858
12.4544 99.4144
12.5711 99.4389
12.833 99.2036
12.9694 99.1936
13.0508 99.1141
13.1758 99.1208
13.2067 99.2086
13.3353 99.2137
13.7125 99.1805
14.1022 98.9372
14.2175 98.7597
14.2997 98.6697
14.3819 98.5714
14.6058 98.4477
14.8069 98.2641
15.2156 98.2003
15.3031 98.3102
15.26 98.4136
15.36 98.4225
15.3872 98.5036
15.33 98.5589
15.4169 98.5936
15.7228 98.5652
15.97 98.6175
16.0461 98.5714
16.1233 98.7744
16.1036 98.815
16.1708 98.8602
16.3792 98.9283
16.4767 98.865
16.2764 98.7158
16.285 98.6897
16.5186 98.6172
16.7297 98.4794
16.7739 98.4913
16.8078 98.5466
16.8636 98.5172
16.9411 98.5111
17.0533 98.4236
17.0455 98.3461
17.3822 98.108
17.4642 98.0288
17.5814 97.9116
17.6842 97.7939
17.8289 97.6989
17.9775 97.7503
18.2428 97.6166
18.2736 97.6478
18.3125 97.623
18.3278 97.5636
18.265 97.5247
18.2942 97.485
18.3961 97.4441
18.5442 97.3458
18.5839 97.3619
18.4972 97.4425
18.4897 97.5341
18.5661 97.6633
18.57 97.7747
18.8594 97.7489
18.928 97.6783
19.0969 97.8339
19.2044 97.8422
19.2769 97.7883
19.2936 97.8375
19.3958 97.7922
19.6239 97.9836
19.6439 98.035
19.7983 98.0455
19.8086 98.0808
19.673 98.2536
19.7125 98.5097
19.675 98.5558
19.7486 98.6716
19.8164 98.8369
19.7481 98.9089
19.8256 99.0264
20.0861 99.0669
20.128 99.1702
20.0667 99.3191
20.1472 99.5339
20.1997 99.5558
20.3886 99.4561
180.0 180.0
9.13038e-315 8.04833e-321
