CIC_MPM_VERS = 1.0
COMMENT Generated by Spacebel CCSDS library
CREATION_DATE = 2017-02-24T16:25:06.486719
ORIGINATOR = SVG² Control

META_START

USER_DEFINED_PROTOCOL = NONE
USER_DEFINED_CONTENT = REGION OF INTEREST
USER_DEFINED_SIZE = 2
USER_DEFINED_TYPE = REAL
USER_DEFINED_UNIT = [deg]

META_STOP

11.1393 -0.150955
11.0025 0.506944
10.9369 0.504167
10.9967 0.671667
10.9958 0.917435
10.5244 0.785278
10.3767 0.776667
9.99527 1.355
9.59666 1.36833
9.5425 1.3375
9.25639 1.47361
9.11694 1.59639
8.88111 1.62778
8.54805 1.62472
8.49694 1.66083
8.37472 1.61305
8.35777 1.63472
7.26555 1.64444
6.99555 1.6425
6.99528 1.54861
6.75778 1.62305
6.67972 1.57528
6.3925 1.77139
6.28093 1.79996
6.21068 1.63417
6.0991 1.20385
6.16 1.20111
6.16055 1.1
6.32778 1.00028
6.32944 0.904722
6.49083 0.733611
6.58733 0.683706
6.81333 0.571111
6.82583 0.529167
6.9175 0.563889
6.97083 0.513889
7.01444 0.608055
7.30361 0.665833
7.4 0.646667
7.38528 0.570278
7.46055 0.510556
7.58583 0.521111
7.62083 0.581944
7.69416 0.587222
7.76917 0.626944
8.1975 0.588889
8.285 0.726944
8.40555 0.674167
8.49166 0.633889
8.59277 0.4725
8.76222 0.383055
8.7875 0.39
8.79166 0.4825
8.91194 0.514444
9.02 0.448055
9.36111 0.551944
9.415 0.548889
9.48833 0.462778
9.48972 0.364444
9.42138 0.287778
9.43228 0.229014
9.47277 0.221111
9.48055 0.275
9.50972 0.297222
9.52861 0.223055
9.57222 0.233056
9.56444 0.348611
9.59055 0.376389
9.61166 0.349167
9.59111 0.285278
9.65361 0.253056
9.68 0.275278
9.64972 0.335833
9.69222 0.349444
9.72916 0.3225
10.0275 0.368055
10.0611 0.399444
10.1153 0.349722
10.2736 0.38324
10.3083 0.393333
10.3306 0.320833
10.4139 0.286389
10.3978 0.196389
10.5861 0.0458333
10.6339 -0.0683333
10.7378 -0.0713889
10.9897 0.0325
11.075 0.0344444
11.1036 -0.0211111
11.1114 -0.133889
11.1393 -0.150955
