CIC_MPM_VERS = 1.0
COMMENT Generated by Spacebel CCSDS library
CREATION_DATE = 2017-02-24T16:25:06.565218
ORIGINATOR = SVG² Control

META_START

USER_DEFINED_PROTOCOL = NONE
USER_DEFINED_CONTENT = REGION OF INTEREST
USER_DEFINED_SIZE = 2
USER_DEFINED_TYPE = REAL
USER_DEFINED_UNIT = [deg]

META_STOP

-18.8303 -174.647
-18.8303 -174.654
-18.8286 -174.658
-18.8278 -174.659
-18.8264 -174.666
-18.8258 -174.667
-18.8244 -174.667
-18.8208 -174.669
-18.8164 -174.671
-18.8128 -174.673
-18.8086 -174.674
-18.8044 -174.675
-18.8008 -174.675
-18.7942 -174.674
-18.7903 -174.671
-18.7872 -174.665
-18.7858 -174.66
-18.7839 -174.656
-18.7831 -174.65
-18.7856 -174.646
-18.7883 -174.644
-18.7919 -174.643
-18.7958 -174.639
-18.8003 -174.635
-18.8028 -174.629
-18.8067 -174.624
-18.8094 -174.623
-18.8142 -174.624
-18.8181 -174.627
-18.8233 -174.63
-18.8258 -174.635
-18.8275 -174.639
-18.8286 -174.642
-18.8303 -174.647
180.0 180.0
-21.2681 -175.145
-21.2678 -175.15
-21.2678 -175.158
-21.2664 -175.166
-21.265 -175.174
-21.2622 -175.18
-21.2581 -175.184
-21.2528 -175.186
-21.2472 -175.188
-21.2403 -175.189
-21.2356 -175.19
-21.23 -175.191
-21.2242 -175.193
-21.2197 -175.197
-21.2158 -175.202
-21.2133 -175.208
-21.2106 -175.215
-21.2086 -175.222
-21.2072 -175.23
-21.2047 -175.236
-21.2019 -175.242
-21.1994 -175.249
-21.1981 -175.256
-21.1989 -175.264
-21.1981 -175.272
-21.1956 -175.279
-21.1928 -175.285
-21.1897 -175.291
-21.1869 -175.297
-21.1844 -175.303
-21.1825 -175.308
-21.18 -175.314
-21.1769 -175.319
-21.1744 -175.324
-21.17 -175.327
-21.1656 -175.332
-21.1617 -175.336
-21.1564 -175.34
-21.1522 -175.343
-21.1469 -175.347
-21.1433 -175.351
-21.1381 -175.354
-21.1339 -175.357
-21.1294 -175.358
-21.1208 -175.357
-21.1147 -175.357
-21.1097 -175.357
-21.1069 -175.359
-21.1025 -175.361
-21.0992 -175.359
-21.0961 -175.357
-21.0914 -175.355
-21.0861 -175.351
-21.0811 -175.347
-21.0767 -175.343
-21.0731 -175.339
-21.0708 -175.333
-21.07 -175.326
-21.0683 -175.32
-21.0647 -175.316
-21.0636 -175.312
-21.065 -175.305
-21.0681 -175.302
-21.0714 -175.302
-21.0744 -175.305
-21.0775 -175.31
-21.0789 -175.317
-21.0811 -175.323
-21.0842 -175.329
-21.0872 -175.333
-21.0911 -175.336
-21.0986 -175.337
-21.1061 -175.337
-21.1103 -175.337
-21.1153 -175.334
-21.1197 -175.33
-21.1228 -175.325
-21.1247 -175.319
-21.1247 -175.311
-21.1233 -175.304
-21.1211 -175.298
-21.1206 -175.29
-21.1231 -175.284
-21.125 -175.277
-21.1228 -175.271
-21.1197 -175.265
-21.1169 -175.26
-21.1147 -175.254
-21.1125 -175.248
-21.115 -175.242
-21.1183 -175.237
-21.1214 -175.231
-21.1247 -175.226
-21.1278 -175.22
-21.1311 -175.215
-21.1347 -175.213
-21.1394 -175.212
-21.1442 -175.215
-21.1472 -175.219
-21.15 -175.225
-21.1539 -175.23
-21.1597 -175.232
-21.1672 -175.232
-21.1717 -175.229
-21.1742 -175.225
-21.1739 -175.218
-21.1725 -175.213
-21.1692 -175.209
-21.1656 -175.204
-21.1628 -175.199
-21.1597 -175.193
-21.1589 -175.188
-21.1603 -175.179
-21.1619 -175.174
-21.1647 -175.167
-21.1681 -175.162
-21.1717 -175.157
-21.1756 -175.152
-21.1781 -175.146
-21.1786 -175.142
-21.1761 -175.138
-21.1731 -175.135
-21.1683 -175.134
-21.1669 -175.134
-21.1631 -175.132
-21.1553 -175.132
-21.15 -175.131
-21.1447 -175.129
-21.14 -175.127
-21.1369 -175.124
-21.135 -175.123
-21.1325 -175.119
-21.1303 -175.114
-21.1281 -175.107
-21.1272 -175.1
-21.1267 -175.1
-21.125 -175.094
-21.125 -175.087
-21.1242 -175.081
-21.1242 -175.073
-21.1247 -175.067
-21.1272 -175.061
-21.1306 -175.055
-21.1344 -175.05
-21.1394 -175.047
-21.1458 -175.046
-21.1525 -175.046
-21.1572 -175.049
-21.1617 -175.052
-21.1642 -175.055
-21.1642 -175.056
-21.1647 -175.055
-21.1678 -175.059
-21.1717 -175.064
-21.1739 -175.07
-21.1744 -175.077
-21.1761 -175.084
-21.1783 -175.09
-21.1814 -175.093
-21.1858 -175.098
-21.1903 -175.102
-21.1947 -175.106
-21.1992 -175.11
-21.2044 -175.113
-21.2111 -175.115
-21.2178 -175.116
-21.2247 -175.115
-21.2311 -175.114
-21.2375 -175.112
-21.2431 -175.111
-21.2492 -175.112
-21.255 -175.115
-21.2603 -175.118
-21.2639 -175.124
-21.2661 -175.13
-21.2678 -175.135
-21.2681 -175.145
180.0 180.0
-18.7064 -174.067
-18.7053 -174.071
-18.7036 -174.075
-18.7022 -174.083
-18.7031 -174.09
-18.7011 -174.096
-18.6964 -174.098
-18.6911 -174.094
-18.6872 -174.09
-18.6842 -174.086
-18.6814 -174.08
-18.6811 -174.074
-18.6822 -174.069
-18.6872 -174.066
-18.6922 -174.064
-18.6986 -174.062
-18.7047 -174.061
-18.7064 -174.067
180.0 180.0
-19.6572 -174.25
-19.6522 -174.259
-19.6519 -174.261
-19.6489 -174.265
-19.6467 -174.269
-19.6433 -174.274
-19.6389 -174.278
-19.6344 -174.282
-19.6294 -174.285
-19.6236 -174.288
-19.6186 -174.291
-19.6122 -174.292
-19.6072 -174.294
-19.6011 -174.294
-19.5944 -174.292
-19.5914 -174.286
-19.5928 -174.28
-19.5969 -174.277
-19.6019 -174.275
-19.6069 -174.274
-19.6133 -174.272
-19.6183 -174.269
-19.6233 -174.266
-19.6292 -174.263
-19.6331 -174.259
-19.6356 -174.253
-19.6389 -174.246
-19.6428 -174.242
-19.6469 -174.239
-19.6511 -174.239
-19.6544 -174.241
-19.6561 -174.244
-19.6572 -174.25
180.0 180.0
-19.7891 -175.081
-19.7861 -175.083
-19.7861 -175.084
-19.7825 -175.086
-19.7767 -175.088
-19.7717 -175.09
-19.7681 -175.091
-19.7633 -175.092
-19.7589 -175.094
-19.7533 -175.097
-19.7497 -175.099
-19.7414 -175.098
-19.7356 -175.096
-19.7286 -175.094
-19.7253 -175.093
-19.7181 -175.092
-19.7144 -175.09
-19.7119 -175.09
-19.7081 -175.087
-19.7069 -175.084
-19.7064 -175.082
-19.7081 -175.078
-19.7119 -175.075
-19.715 -175.071
-19.7167 -175.067
-19.7169 -175.062
-19.7181 -175.059
-19.7219 -175.055
-19.7264 -175.052
-19.7283 -175.05
-19.7292 -175.05
-19.7319 -175.051
-19.7375 -175.049
-19.7431 -175.047
-19.7472 -175.046
-19.7508 -175.046
-19.755 -175.045
-19.7592 -175.044
-19.7639 -175.045
-19.7667 -175.047
-19.7706 -175.049
-19.7725 -175.048
-19.7772 -175.044
-19.7814 -175.042
-19.7875 -175.042
-19.7922 -175.044
-19.7961 -175.048
-19.7992 -175.051
-19.8008 -175.057
-19.8006 -175.059
-19.8008 -175.063
-19.7989 -175.07
-19.7967 -175.073
-19.7936 -175.077
-19.7911 -175.079
-19.7891 -175.081
180.0 180.0
-19.7536 -174.279
-19.7525 -174.286
-19.7511 -174.293
-19.7486 -174.299
-19.7447 -174.305
-19.7408 -174.307
-19.7369 -174.305
-19.7353 -174.303
-19.7347 -174.3
-19.7336 -174.297
-19.7314 -174.291
-19.7275 -174.286
-19.7239 -174.281
-19.7194 -174.277
-19.715 -174.273
-19.7092 -174.27
-19.7025 -174.268
-19.6956 -174.266
-19.6911 -174.262
-19.6881 -174.256
-19.6922 -174.251
-19.6972 -174.247
-19.7006 -174.248
-19.7072 -174.249
-19.7119 -174.253
-19.7186 -174.255
-19.7253 -174.258
-19.7319 -174.26
-19.7386 -174.261
-19.7447 -174.263
-19.75 -174.266
-19.7528 -174.273
-19.7536 -174.279
180.0 180.0
-21.4542 -174.917
-21.4522 -174.924
-21.4508 -174.927
-21.4461 -174.934
-21.4403 -174.936
-21.4344 -174.939
-21.4303 -174.943
-21.425 -174.947
-21.4231 -174.953
-21.4211 -174.96
-21.4178 -174.966
-21.4117 -174.967
-21.4053 -174.968
-21.4028 -174.974
-21.3994 -174.98
-21.395 -174.978
-21.3914 -174.974
-21.3853 -174.971
-21.3783 -174.971
-21.3719 -174.973
-21.3658 -174.975
-21.3589 -174.974
-21.3539 -174.971
-21.35 -174.966
-21.3464 -174.961
-21.3433 -174.956
-21.3397 -174.951
-21.3367 -174.945
-21.3331 -174.941
-21.3292 -174.936
-21.3247 -174.935
-21.3197 -174.936
-21.315 -174.936
-21.3094 -174.937
-21.3039 -174.936
-21.2981 -174.933
-21.2928 -174.929
-21.2897 -174.924
-21.2903 -174.919
-21.2919 -174.916
-21.2956 -174.913
-21.3006 -174.911
-21.3061 -174.911
-21.3108 -174.913
-21.3175 -174.915
-21.3236 -174.915
-21.3272 -174.913
-21.3322 -174.91
-21.3353 -174.907
-21.3383 -174.904
-21.3411 -174.902
-21.3447 -174.901
-21.3508 -174.902
-21.3553 -174.906
-21.3603 -174.909
-21.3664 -174.912
-21.3744 -174.913
-21.38 -174.912
-21.3842 -174.911
-21.3883 -174.911
-21.3911 -174.912
-21.395 -174.912
-21.3983 -174.914
-21.4031 -174.915
-21.41 -174.914
-21.4169 -174.914
-21.4217 -174.913
-21.4267 -174.911
-21.4317 -174.911
-21.4358 -174.909
-21.4392 -174.909
-21.4433 -174.909
-21.4461 -174.908
-21.4514 -174.912
-21.4539 -174.915
-21.4542 -174.917
180.0 180.0
-18.7056 -173.995
-18.7047 -173.995
-18.7047 -173.996
-18.7039 -173.999
-18.7014 -174.003
-18.6964 -174.006
-18.6914 -174.008
-18.6867 -174.008
-18.6825 -174.006
-18.6806 -174.006
-18.6783 -174.008
-18.6767 -174.011
-18.6758 -174.011
-18.6753 -174.011
-18.6739 -174.012
-18.6711 -174.013
-18.6697 -174.013
-18.6683 -174.012
-18.6672 -174.01
-18.6661 -174.005
-18.6633 -173.999
-18.6603 -173.994
-18.6575 -173.994
-18.6558 -173.998
-18.6528 -174
-18.65 -174
-18.6431 -174.001
-18.64 -174.004
-18.6394 -174.004
-18.6386 -174.007
-18.6347 -174.011
-18.6347 -174.018
-18.6358 -174.021
-18.6378 -174.023
-18.6433 -174.023
-18.6467 -174.023
-18.6517 -174.022
-18.6581 -174.021
-18.6639 -174.023
-18.6661 -174.029
-18.6642 -174.037
-18.6631 -174.042
-18.6675 -174.046
-18.6697 -174.052
-18.6697 -174.054
-18.6667 -174.057
-18.6667 -174.058
-18.6622 -174.062
-18.6564 -174.064
-18.65 -174.066
-18.645 -174.068
-18.6394 -174.07
-18.6325 -174.071
-18.6264 -174.068
-18.6236 -174.062
-18.6211 -174.057
-18.6211 -174.049
-18.6211 -174.041
-18.6211 -174.033
-18.6189 -174.027
-18.6144 -174.023
-18.6083 -174.02
-18.6031 -174.017
-18.5964 -174.015
-18.5897 -174.013
-18.5844 -174.009
-18.58 -174.006
-18.5764 -174.001
-18.5733 -173.996
-18.5711 -173.989
-18.5703 -173.982
-18.5694 -173.975
-18.5681 -173.967
-18.5694 -173.96
-18.57 -173.952
-18.5692 -173.946
-18.5689 -173.939
-18.5708 -173.936
-18.5753 -173.932
-18.5814 -173.93
-18.5858 -173.928
-18.5897 -173.923
-18.5922 -173.918
-18.5958 -173.915
-18.5997 -173.917
-18.6058 -173.918
-18.6103 -173.914
-18.6156 -173.911
-18.6206 -173.908
-18.6269 -173.906
-18.6331 -173.907
-18.6381 -173.911
-18.6397 -173.916
-18.6381 -173.921
-18.6336 -173.926
-18.6292 -173.929
-18.6239 -173.932
-18.6194 -173.937
-18.6158 -173.94
-18.6164 -173.942
-18.6183 -173.943
-18.6236 -173.945
-18.6258 -173.951
-18.6281 -173.957
-18.635 -173.958
-18.6394 -173.954
-18.6428 -173.948
-18.6489 -173.947
-18.6536 -173.951
-18.6544 -173.957
-18.6603 -173.96
-18.6642 -173.962
-18.6631 -173.968
-18.6619 -173.973
-18.6631 -173.976
-18.6669 -173.979
-18.6728 -173.982
-18.6775 -173.983
-18.6803 -173.985
-18.6842 -173.987
-18.6889 -173.987
-18.6939 -173.988
-18.6992 -173.988
-18.7044 -173.99
-18.7056 -173.995
180.0 180.0
9.13038e-315 8.02857e-321
