CIC_MPM_VERS = 1.0
COMMENT Generated by Spacebel CCSDS library
CREATION_DATE = 2017-02-24T16:25:06.605218
ORIGINATOR = SVG² Control

META_START

USER_DEFINED_PROTOCOL = NONE
USER_DEFINED_CONTENT = REGION OF INTEREST
USER_DEFINED_SIZE = 2
USER_DEFINED_TYPE = REAL
USER_DEFINED_UNIT = [deg]

META_STOP

33.6386 10.865
33.7128 10.8431
33.7341 10.8028
33.7067 10.7372
33.7406 10.7144
33.8808 10.7261
33.8961 10.7964
33.798 11.0572
33.6386 10.865
180.0 180.0
33.1658 11.5271
33.035 11.4917
32.6278 11.4705
32.4908 11.5833
32.4422 11.5675
32.4094 11.5167
32.1391 10.8825
32.0089 10.7872
31.9706 10.6247
31.8564 10.6136
31.7203 10.4667
31.7306 10.38
31.7131 10.3064
31.51 10.1394
31.4225 10.1233
30.9067 10.2906
30.7361 10.2153
30.3475 9.88222
30.2361 9.53202
31.5692 9.19555
32.0911 9.05916
32.5311 8.35111
32.8341 8.30611
33.1144 8.09027
33.1128 8.02278
33.2086 7.765
33.2483 7.73194
33.4394 7.72416
33.7886 7.5225
33.8997 7.49167
34.1019 7.52722
34.2125 7.65694
34.2364 7.7675
34.4125 7.83972
34.6411 8.2475
34.6955 8.22666
34.7528 8.28861
34.9103 8.26139
35.1922 8.40111
35.2339 8.45083
35.2675 8.42722
35.2872 8.345
35.3391 8.30833
35.4272 8.30944
35.5219 8.36222
35.6775 8.34027
35.7586 8.27361
35.9011 8.26278
36.4447 8.37361
36.4916 8.19083
36.5242 8.18361
36.5672 8.23139
36.6547 8.44305
36.7172 8.47528
36.753 8.47166
36.7644 8.42111
36.7905 8.42389
36.8353 8.65
36.8675 8.65722
36.895 8.61639
36.943 8.63023
36.9772 8.82139
37.0308 8.91555
37.1139 8.99
37.1814 9.14972
37.2319 9.19666
37.2294 9.33472
37.338 9.6725
37.3247 9.86472
37.2561 9.85444
37.2203 9.77278
37.1789 9.78444
37.1391 9.85361
37.1647 9.90611
37.2136 9.92528
37.2283 9.85111
37.2611 10.0564
37.1744 10.2717
37.1669 10.1433
37.1417 10.1256
37.1089 10.2331
37.0589 10.168
36.8741 10.3455
36.8133 10.2894
36.8486 10.2722
36.828 10.1981
36.7908 10.1933
36.7936 10.2281
36.7372 10.3311
36.7233 10.415
36.7778 10.5281
36.8614 10.57
36.9489 10.8175
37.0461 10.8981
37.0817 11.0469
36.8703 11.1222
36.7564 10.9775
36.463 10.795
36.3925 10.5619
36.3283 10.4975
36.1694 10.4553
36.0375 10.4811
35.8561 10.6097
35.7722 10.7247
35.7825 10.8244
35.7272 10.8142
35.6989 10.8372
35.6397 11.0281
35.5258 11.0269
35.5094 11.0572
35.4361 11.03
35.3314 11.0294
35.2649 11.1008
35.24 11.1481
35.2161 11.1031
34.8619 10.8919
34.5905 10.6058
34.4953 10.4275
34.4358 10.375
34.3147 10.1114
34.1911 10.0214
34.0803 10.0192
33.9144 10.0964
33.6861 10.3561
33.6389 10.4867
33.7069 10.6692
33.7042 10.7183
33.6639 10.7225
33.5328 10.6722
33.4728 10.7542
33.5311 10.9036
33.5694 10.9322
33.6172 10.9003
33.63 10.9336
33.6169 11.0486
33.5817 11.0889
33.5161 11.115
33.3683 11.1053
33.28 11.2914
33.3108 11.1317
33.2889 11.1186
33.208 11.1758
33.2125 11.2153
33.1658 11.5271
180.0 180.0
9.13038e-315 8.05327e-321
