CIC_MPM_VERS = 1.0
COMMENT Generated by Spacebel CCSDS library
CREATION_DATE = 2017-02-24T16:25:06.621219
ORIGINATOR = SVG² Control

META_START

USER_DEFINED_PROTOCOL = NONE
USER_DEFINED_CONTENT = REGION OF INTEREST
USER_DEFINED_SIZE = 2
USER_DEFINED_TYPE = REAL
USER_DEFINED_UNIT = [deg]

META_STOP

41.7015 26.3619
41.753 26.3328
41.8219 26.3775
41.8308 26.545
41.9833 26.6253
41.9722 26.8433
42.09 27.0703
42.0605 27.2017
42.1072 27.2436
41.9078 27.5667
41.9375 27.5797
41.9666 27.8217
42.0019 27.8347
41.9822 28.0131
41.9805 28.0125
41.8894 28.0475
41.8914 27.9839
41.8567 27.9633
41.7103 28.0511
41.5289 28.1997
41.355 28.6355
41.2378 29.1036
41.1767 29.073
41.1569 29.0383
41.0861 29.0567
40.9797 28.9058
40.9605 28.6428
40.9692 28.5975
41.0644 28.5714
41.0792 28.525
41.023 28.5678
40.9872 28.5431
41.0764 28.1786
41.0355 28.0108
40.9719 27.958
40.9836 27.5097
40.6917 27.2736
40.5436 26.9047
40.3925 26.6225
40.3064 26.5508
40.2058 26.3514
40.1086 26.3219
40.0453 26.1811
40.0553 26.1572
40.2464 26.2708
40.3203 26.2083
40.4847 26.5508
40.5841 26.8244
40.6375 26.8053
40.6594 26.7792
40.6072 26.3505
40.5928 26.1383
40.6067 26.083
40.7349 26.0333
40.75 26.1247
40.7814 26.1342
40.8289 26.2
40.8628 26.2036
40.9419 26.3272
41.1847 26.3208
41.2853 26.4494
41.3369 26.6178
41.3786 26.6372
41.6111 26.5936
41.6644 26.4958
41.7015 26.3619
180.0 180.0
41.5235 41.5312
41.4283 41.8333
41.5164 41.955
41.4603 42.3669
41.4419 42.5066
41.5764 42.588
41.5911 42.7264
41.5833 42.8319
41.5103 42.7864
41.473 42.8472
41.508 42.8886
41.3128 43.1608
41.3069 43.2078
41.2553 43.1236
41.2553 43.1994
41.1783 43.233
41.2022 43.3753
41.143 43.473
41.1062 43.4732
41.0419 43.4736
40.998 43.5541
40.9883 43.6064
40.7825 43.7358
40.6759 43.7535
40.4403 43.5928
40.3955 43.618
40.3375 43.5944
40.1672 43.7211
40.1342 43.6528
40.1086 43.6578
40.0086 44.0169
40.0466 44.2803
39.92 44.5403
39.815 44.6253
39.7066 44.7786
39.6986 44.79
39.6427 44.8105
39.6507 44.7947
39.7805 44.6058
39.6989 44.4711
39.4253 44.4161
39.3869 44.3078
39.4117 44.0703
39.3797 44.0342
39.3069 44.0808
39.1292 44.2166
39.0022 44.1594
38.8911 44.2108
38.8597 44.2911
38.8155 44.305
38.7216 44.2608
38.613 44.3172
38.4305 44.3036
38.378 44.3253
38.3933 44.4408
38.323 44.4778
37.9064 44.2222
37.8839 44.2455
37.8803 44.345
37.8178 44.4192
37.7805 44.538
37.7161 44.6189
37.648 44.558
37.4369 44.5928
37.3217 44.8017
37.2711 44.8219
37.2275 44.7733
37.1639 44.7944
37.1482 44.7867
37.1875 44.638
37.1203 44.5291
37.0483 44.3511
36.9705 44.3172
36.9866 44.2553
37.1111 44.1978
37.1675 44.2678
37.2419 44.2617
37.2764 44.2311
37.3164 44.1164
37.315 44.0039
37.2216 43.9036
37.23 43.623
37.3319 43.3458
37.31 43.3064
37.378 43.1444
37.3225 42.9505
37.3844 42.7861
37.3555 42.7267
37.1866 42.6011
37.1102 42.3661
37.2386 42.3453
37.2789 42.2497
37.3222 42.2079
37.1967 42.0636
37.13 41.8403
37.0769 41.4005
37.0944 41.1411
37.1183 40.7755
36.9903 40.4003
36.8355 40.0483
36.7514 39.81
36.6988 39.4392
36.6655 39.2058
36.6978 38.8605
36.7022 38.7264
36.8966 38.3908
36.9058 38.1811
36.7608 37.8186
36.6597 37.5056
36.64 37.4425
36.6591 37.1275
36.6217 37.0769
36.658 37.0244
36.7144 37.043
36.7711 36.9555
36.8336 36.6603
36.4986 36.5536
36.4005 36.5808
36.3575 36.6186
36.2864 36.6903
36.2392 36.6922
36.223 36.555
36.2308 36.4936
36.2064 36.4408
36.2229 36.3825
36.0132 36.3739
35.9603 36.2192
35.8217 36.1742
35.8783 36.0172
35.9305 36.0058
35.9268 35.9232
35.9955 35.9803
36.2453 35.8333
36.2964 35.7833
36.355 35.8189
36.5647 36.1103
36.6408 36.2111
36.7708 36.2058
36.908 36.0714
36.9264 36.0169
36.7675 35.7978
36.7103 35.5764
36.6941 35.6316
36.7192 35.6914
36.6261 35.6358
36.5933 35.6097
36.5792 35.5567
36.6119 35.4989
36.5878 35.4964
36.5392 35.34
36.7166 34.9908
36.8086 34.7772
36.7855 34.6039
36.5916 34.2897
36.4086 34.0805
36.3194 34.0769
36.29 34.0056
36.2153 33.9647
36.2622 33.9411
36.3125 33.883
36.1794 33.7053
36.1336 33.69
36.1875 33.6544
36.1811 33.6064
36.1316 33.5428
36.1553 33.4564
36.0747 33.0942
36.0972 32.9389
36.0211 32.8055
36.143 32.4286
36.2958 32.2708
36.5394 32.0239
36.6558 31.6578
36.8116 31.3108
36.8497 30.8383
36.8853 30.6828
36.8025 30.5853
36.6158 30.5536
36.5711 30.5864
36.405 30.4775
36.2872 30.4844
36.2036 30.4069
36.2664 30.3572
36.3036 30.2214
36.2897 30.1458
36.2369 30.0958
36.203 29.8933
36.1314 29.6705
36.2 29.6186
36.2286 29.4156
36.2633 29.3947
36.2464 29.3203
36.4144 29.1244
36.5489 29.1044
36.5414 29.02
36.6394 29.0747
36.6283 29.1161
36.6853 29.0464
36.7525 28.9292
36.6391 28.8764
36.6008 28.8683
36.5914 28.8353
36.6692 28.795
36.7192 28.6392
36.6988 28.6224
36.823 28.5628
36.8108 28.4664
36.8803 28.4586
36.8472 28.3764
36.8155 28.4181
36.7817 28.3986
36.8286 28.3039
36.8475 28.2675
36.8003 28.2342
36.7228 28.2844
36.6955 28.2233
36.613 28.1167
36.5541 27.9881
36.5969 27.9589
36.5978 28.0508
36.6383 28.0867
36.6878 28.0447
36.6858 27.9817
36.7194 28.1219
36.7658 28.1044
36.795 28.1233
36.7883 28.0767
36.7464 27.9644
36.7569 27.7319
36.6994 27.6744
36.6583 27.6719
36.6744 27.5119
36.6617 27.4058
36.7033 27.3586
36.795 27.6728
36.7811 27.7592
36.8094 27.8989
36.8 28.0503
36.8558 28.0203
36.8891 28.0428
36.9333 28.0417
36.9375 28.1842
37.0144 28.2672
37.0255 28.3275
37.045 28.3236
37.025 27.9333
36.9903 27.5589
36.9953 27.3383
36.9558 27.2722
37.0519 27.2255
37.1541 27.3258
37.0783 27.4689
37.1644 27.5436
37.2047 27.5639
37.2633 27.6136
37.2736 27.5639
37.2489 27.4686
37.325 27.4964
37.3008 27.4172
37.3394 27.3855
37.39 27.4344
37.4105 27.4144
37.3694 27.3247
37.3489 27.2019
37.4736 27.2022
37.6017 27.1947
37.6553 27.0058
37.6836 27.0431
37.708 27.2136
37.74 27.2486
37.9475 27.2694
37.985 27.2117
38.0105 27.0781
38.0653 26.9853
38.0308 26.8711
38.2089 26.7722
38.2028 26.6433
38.1033 26.6108
38.158 26.5142
38.2489 26.3019
38.2672 26.2333
38.3422 26.3197
38.3061 26.3694
38.3658 26.4739
38.4281 26.5108
38.4703 26.4292
38.5475 26.3692
38.63 26.3472
38.6733 26.4078
38.6442 26.525
38.5056 26.6342
38.4658 26.605
38.3375 26.6444
38.3075 26.6822
38.4075 26.68
38.4167 26.7386
38.355 26.7892
38.4439 27.1619
38.4608 26.9086
38.4722 26.9178
38.5514 26.8342
38.5953 26.8469
38.6489 26.7233
38.7303 26.7322
38.7539 26.9319
38.8142 26.8989
38.8689 27.0597
38.9267 27.0558
38.9544 26.8028
39.0242 26.7975
39.0694 26.8858
39.1511 26.8206
39.2036 26.7314
39.25 26.7261
39.268 26.6131
39.2989 26.6361
39.3094 26.6894
39.4705 26.8586
39.4825 26.9367
39.5528 26.9517
39.5811 26.9286
39.5239 26.4897
39.453 26.1339
39.4703 26.073
39.5817 26.1014
39.6322 26.155
39.9694 26.1697
40.0058 26.2003
40.0164 26.3169
40.1544 26.4039
40.1933 26.4086
40.2142 26.5108
40.3989 26.7897
40.3911 27.0267
40.4469 27.0847
40.4725 27.2772
40.4122 27.3269
40.3864 27.3053
40.3058 27.5089
40.3139 27.7775
40.3733 27.88
40.4822 27.6889
40.5216 27.7208
40.5275 27.7783
40.4916 28.015
40.4675 28.0308
40.3958 27.8983
40.3669 27.9175
40.3928 28.3881
40.3886 28.7472
40.3639 29.0403
40.4294 29.1467
40.4764 29.0844
40.5167 28.7947
40.5514 28.7953
40.6419 28.9864
40.6869 29.4122
40.7328 29.5105
40.6861 29.5511
40.7614 29.923
40.7742 29.4669
40.7589 29.3561
40.8136 29.3305
40.9625 29.0722
41.0072 29.0178
41.2036 29.1242
41.2358 29.2458
41.1589 29.7203
41.1536 30.198
41.2119 30.2806
41.0992 30.7308
41.0769 30.8797
41.1083 31.2769
41.1967 31.4028
41.3061 31.3958
41.4561 31.78
41.6047 32.1494
41.7228 32.2822
41.8325 32.6561
41.9386 33.0705
42.0069 33.5178
41.9775 34.0564
41.9622 34.4747
41.9425 34.7155
41.9683 34.8325
42.0882 35.0229
42.0291 35.0664
42.0205 35.2114
41.9728 35.1017
41.923 35.0933
41.7258 35.2653
41.6272 35.5766
41.7103 35.9444
41.7322 35.973
41.5992 36.1308
41.4894 36.1169
41.3389 36.2736
41.2428 36.4291
41.2444 36.4853
41.3475 36.6125
41.3569 36.7814
41.3211 36.9189
41.2675 37.0233
41.1781 37.0408
41.1417 37.2322
41.0672 37.4725
41.0289 37.5311
41.0853 37.6386
41.1361 37.683
41.0392 37.8041
40.9653 38.0719
40.9183 38.4894
41.0139 38.8658
41.0825 39.1631
41.0492 39.2631
41.1094 39.4211
40.9847 39.8167
40.9575 39.8544
40.9743 39.9963
40.9167 40.1105
40.9319 40.1875
41.0205 40.3983
41.0291 40.5433
41.1683 40.7791
41.1875 40.9311
41.2747 41.1014
41.3764 41.3919
41.5235 41.5312
180.0 180.0
9.13038e-315 8.02363e-321
