CIC_MPM_VERS = 1.0
COMMENT Generated by Spacebel CCSDS library
CREATION_DATE = 2017-02-24T16:25:06.676219
ORIGINATOR = SVG² Control

META_START

USER_DEFINED_PROTOCOL = NONE
USER_DEFINED_CONTENT = REGION OF INTEREST
USER_DEFINED_SIZE = 2
USER_DEFINED_TYPE = REAL
USER_DEFINED_UNIT = [deg]

META_STOP

41.7445 52.4433
42.0967 52.9281
42.1389 53.015
42.2297 53.2989
42.2714 53.4628
42.2892 53.6631
42.3486 53.9956
42.3325 54.1986
42.2353 54.3653
42.0589 54.7611
41.9125 54.9567
41.8292 54.9567
41.8022 54.9717
41.6581 55.1208
41.4847 55.2433
41.4397 55.2892
41.3872 55.3947
41.2867 55.4569
41.2622 55.5375
41.2672 55.6525
41.2922 55.7289
41.29 55.8122
41.3336 55.9039
41.3255 55.9985
41.2881 56.6669
41.2994 56.8275
41.2628 57.05
41.3219 57.0922
41.3711 57.1883
41.4014 57.0958
41.4669 57.0428
41.575 57.0358
41.6647 56.9761
41.7497 56.9947
41.8433 56.9694
41.885 56.9783
41.9417 57.1197
42.0953 57.2458
42.1625 57.3869
42.1753 57.4739
42.1536 57.6644
42.1842 57.7522
42.1906 57.8692
42.2064 57.875
42.2378 57.8478
42.2606 57.9047
42.3672 57.9636
42.4419 57.9239
42.45 57.97
42.5053 58.0336
42.5039 58.1017
42.4622 58.1467
42.4761 58.2256
42.4414 58.3381
42.3894 58.4114
42.2967 58.4119
42.3011 58.5106
42.3181 58.5142
42.3778 58.4469
42.5483 58.315
42.6011 58.1642
42.6308 58.1431
42.6519 58.1644
42.6975 58.2939
42.6608 58.4225
42.6625 58.5628
42.7842 58.5978
42.7975 58.6175
42.6394 58.8019
42.5408 58.9517
42.5239 59.0472
42.5411 59.1558
42.4517 59.2586
42.3722 59.2639
42.3478 59.2847
42.3381 59.3714
42.2928 59.4572
42.3225 59.7358
42.315 59.8439
42.2978 59.9161
42.2433 59.9567
42.1883 60.0644
42.1319 59.9922
42.015 60.0247
41.9947 59.9372
41.9803 59.9256
41.9622 59.9342
41.9217 60.1228
41.8622 60.1778
41.8228 60.2561
41.7978 60.275
41.7725 60.2569
41.805 60.1225
41.7578 60.0697
41.7242 60.0803
41.5944 60.1864
41.5375 60.0994
41.4425 60.0769
41.4103 60.0911
41.3086 60.3386
41.2194 60.4883
41.2581 60.705
41.2578 60.8119
41.2486 60.9558
41.2083 61.0017
41.2458 61.0331
41.2214 61.0469
41.2372 61.0858
41.2319 61.1419
41.1989 61.1672
41.1614 61.2733
41.1872 61.3553
41.2343 61.3853
41.2922 61.4033
41.3025 61.4247
41.2675 61.6114
41.1117 61.8933
40.9997 61.975
40.8492 61.9958
40.7236 62.0425
40.6539 62.0972
40.5842 62.1231
40.4861 62.2014
40.4692 62.275
40.4203 62.3553
40.3725 62.3533
40.3242 62.3939
40.2292 62.4067
40.1839 62.4408
40.1047 62.4181
40.0311 62.4411
39.9097 62.5844
39.7844 62.8194
39.6444 63.0386
39.3936 63.5264
39.2061 63.7128
38.955 64.1739
38.9536 64.2147
38.9911 64.3403
38.8542 64.4972
38.7419 64.6653
38.6267 64.9872
38.4108 65.2922
38.2539 65.5972
38.2264 65.7486
38.2736 65.8403
38.2808 65.8953
38.2428 65.99
38.2361 66.0717
38.1739 66.1628
38.155 66.2536
38.0847 66.3194
38.0436 66.4239
38.0383 66.5556
38.0031 66.6439
37.9733 66.6703
37.9367 66.6664
37.8239 66.5578
37.7728 66.5383
37.6639 66.5478
37.5217 66.5169
37.4686 66.5717
37.4047 66.5167
37.3605 66.5388
37.3236 66.3027
37.5689 65.7855
37.5342 65.7661
37.5369 65.7014
37.4589 65.6469
37.3332 65.6273
37.2486 65.5308
37.2444 65.0727
37.125 64.798
37.0958 64.7791
36.923 64.7952
36.6294 64.6152
36.46 64.6277
36.3564 64.5705
36.2472 64.4589
36.2164 64.3216
36.1519 64.2825
36.1675 64.1694
36.088 64.0597
36.0003 64.0639
36.0392 63.9339
35.9622 63.5955
35.9097 63.5389
35.8522 63.3172
35.8619 63.1194
35.8258 63.1042
35.6955 63.2389
35.6261 63.0953
35.4814 63.1105
35.225 62.6233
35.2864 62.4594
35.1455 62.3055
35.2978 62.2592
35.3947 62.1008
35.46 61.9722
35.4111 61.8025
35.4508 61.5766
35.5272 61.465
35.6397 61.3658
35.6068 61.2787
35.6675 61.2311
35.8972 61.245
35.9708 61.1253
36.1153 61.2261
36.3022 61.17
36.3928 61.1425
36.5614 61.1897
36.65 61.1572
36.6455 60.3647
37.0369 60.0294
37.1316 59.7744
37.1319 59.6203
37.2089 59.5669
37.1961 59.5197
37.333 59.3897
37.5039 59.3711
37.5414 59.3228
37.5133 59.25
37.563 59.1716
37.67 58.9261
37.6619 58.7786
37.7036 58.5444
37.6478 58.498
37.6414 58.4516
37.6847 58.2239
37.7864 58.198
37.8 58.1244
37.9078 57.7783
37.93 57.5053
37.9989 57.3483
38.093 57.3711
38.2739 57.2392
38.2803 57.1761
38.1936 57.0508
38.2314 56.8572
38.285 56.7564
38.2669 56.6953
38.2661 56.5389
38.2314 56.3855
38.1733 56.3189
38.1328 56.3528
38.0841 56.3266
38.0725 55.9828
38.1225 55.7986
38.0861 55.4428
38.0017 55.2961
37.7464 54.833
37.5616 54.8058
37.4675 54.6917
37.4461 54.5517
37.3272 54.2317
37.3515 53.9094
37.3975 53.8966
37.9539 53.8058
38.4369 53.8397
38.5214 53.8244
38.6664 53.8544
38.8978 53.9794
38.9392 53.9655
39.0036 53.8816
39.0364 53.8525
39.0272 53.7647
39.0778 53.7311
39.24 53.7175
39.2008 53.6572
39.0792 53.6819
39.1244 53.64
39.3253 53.5719
39.3144 53.4455
39.3464 53.2933
39.3403 53.1522
39.2603 53.1689
39.21 53.1811
39.4019 53.0844
39.6319 53.2472
39.6578 53.3119
39.5497 53.2175
39.5153 53.2278
39.5353 53.4236
39.4639 53.57
39.5255 53.5805
39.4883 53.6342
39.5239 53.7344
39.5644 53.633
39.595 53.6547
39.6172 53.6156
39.6728 53.5464
39.668 53.4578
39.6708 53.4069
39.7236 53.4222
39.9661 53.5758
40.0017 53.3969
39.9386 53.2805
39.9961 53.1586
39.9722 52.9906
40.0119 52.9206
39.9947 52.8983
39.7728 53.0208
40.0564 52.7375
40.1605 52.7672
40.2719 52.6903
40.3419 52.7086
40.6869 52.8683
40.7161 52.8261
40.8264 52.8769
41.0817 52.9186
41.0503 52.9658
41.0061 52.9583
40.8778 53.0622
40.8339 53.0614
40.7678 53.1117
40.7628 53.1883
40.8139 53.2566
40.7597 53.2481
40.773 53.3341
40.8247 53.3511
40.8264 53.3842
40.7761 53.3797
40.7289 53.4736
40.7705 53.5578
40.8483 53.5567
40.8944 53.5967
40.8572 53.6572
40.635 53.7086
40.6161 53.753
40.6675 53.9361
40.6539 54.0311
40.6908 54.0953
40.713 54.06
40.7258 54.2369
40.6797 54.2236
40.6692 54.3975
40.7192 54.4269
40.72 54.3116
40.8519 54.2683
40.9267 54.3175
40.8567 54.4747
40.8142 54.4403
40.7994 54.4869
40.8783 54.7111
40.9733 54.76
41.0681 54.6758
41.0386 54.7661
41.1889 54.5942
41.4886 54.0647
41.8033 53.9889
41.8997 53.8964
42.0017 53.9167
42.0753 53.8925
42.1239 53.8039
42.1408 53.6308
42.0705 53.278
42.0955 53.1508
42.0636 53.0789
41.7197 52.7761
41.6597 52.7728
41.6989 52.8792
41.6597 52.9155
41.4072 52.8233
41.3444 52.8214
41.1089 52.9111
41.073 52.8833
41.0744 52.8472
41.3336 52.7864
41.5155 52.5567
41.5878 52.5883
41.6533 52.5833
41.7445 52.4433
