CIC_MPM_VERS = 1.0
COMMENT Generated by Spacebel CCSDS library
CREATION_DATE = 2017-02-24T16:25:06.747718
ORIGINATOR = SVG² Control

META_START

USER_DEFINED_PROTOCOL = NONE
USER_DEFINED_CONTENT = REGION OF INTEREST
USER_DEFINED_SIZE = 2
USER_DEFINED_TYPE = REAL
USER_DEFINED_UNIT = [deg]

META_STOP

0.230419 33.9995
0.103055 33.9072
-0.134167 33.9761
-0.452778 33.9186
-1.00149 33.9203
-1.00028 33.4333
-0.999722 32.7667
-0.999444 32.0944
-0.999339 31.8399
-0.999337 31.8357
-0.999308 31.7655
-0.999167 31.4236
-0.997581 30.7512
-1.07222 30.6414
-1.06162 30.4823
-1.065 30.3561
-1.21444 30.2797
-1.275 30.1847
-1.33972 30.1705
-1.46444 29.975
-1.45583 29.9019
-1.36778 29.8833
-1.31917 29.8292
-1.38525 29.5975
-0.9 29.5783
-0.888889 29.6283
-0.646111 29.6328
-0.572222 29.6719
-0.476124 29.6527
-0.474059 29.653
-0.0758099 29.7099
-0.0693014 29.7108
0.0722222 29.7167
0.175278 29.7772
0.158611 29.8139
0.366667 29.8583
0.487222 29.9625
0.5725 29.9442
0.830358 29.9619
0.9925 30.2161
1.125 30.2317
1.16889 30.278
1.15139 30.3322
1.19611 30.3486
1.2316 30.4724
1.23253 30.4757
1.49889 30.6933
1.76556 31.0367
2.12139 31.3028
2.17667 31.2797
2.1782 31.2775
2.22917 31.2025
2.30583 31.1969
2.30389 31.0497
2.335 31.0703
2.40833 30.9872
2.40889 30.9464
2.33528 30.8981
2.35361 30.8622
2.44222 30.8267
2.44778 30.7292
2.67472 30.7869
2.79083 30.8564
2.89722 30.8778
2.98805 30.825
3.06722 30.7636
3.42472 30.9356
3.52583 30.9092
3.49214 30.8685
3.67111 30.9547
3.79528 31.1767
3.79472 31.288
3.65361 31.5408
3.70555 31.6619
3.71305 31.7019
3.82333 31.7947
3.69194 31.9305
3.59472 31.9503
3.59028 32.0639
3.5325 32.0936
3.51139 32.1933
3.61194 32.1953
3.74361 32.4044
3.75528 32.7166
3.88861 33.0167
3.76611 33.1839
3.75222 33.5169
4.22176 33.9976
4.18555 34.0547
3.95444 34.1297
3.88 34.0994
3.8875 34.2141
3.84055 34.2105
3.82722 34.1633
3.77555 34.1761
3.78639 34.2636
3.70667 34.2994
3.73861 34.355
3.67139 34.4633
3.52417 34.4555
3.40667 34.405
3.18194 34.4542
3.11111 34.5592
2.93944 34.5908
2.86111 34.6622
2.85583 34.7497
2.60389 34.8391
2.50694 34.9358
2.45056 34.9405
2.41305 34.8822
2.21305 34.9447
2.09111 34.995
1.99472 34.9791
1.91972 35.0261
1.87667 34.9994
1.67194 35
1.39361 34.7922
1.28889 34.8297
1.23139 34.8197
1.15889 34.6058
1.0925 34.5775
1.11342 34.5274
0.821944 34.4108
0.686389 34.2911
0.641111 34.2608
0.603055 34.16
0.356944 34.1078
0.236989 34.0042
0.230419 33.9995
