CIC_MPM_VERS = 1.0
COMMENT Generated by Spacebel CCSDS library
CREATION_DATE = 2017-02-24T16:25:06.755719
ORIGINATOR = SVG² Control

META_START

USER_DEFINED_PROTOCOL = NONE
USER_DEFINED_CONTENT = REGION OF INTEREST
USER_DEFINED_SIZE = 2
USER_DEFINED_TYPE = REAL
USER_DEFINED_UNIT = [deg]

META_STOP

51.5283 23.5921
51.5208 23.6461
51.6081 23.6086
51.6406 23.6667
51.6525 23.7536
51.6358 23.8967
51.585 23.9539
51.6103 24.0431
51.7378 24.2794
51.8225 24.3133
51.8867 24.3967
51.8994 24.8853
51.9597 25.1794
51.9594 25.2442
51.9269 25.3611
51.9232 25.547
51.9228 25.6958
51.9392 25.7758
51.9122 25.9767
51.9175 26.0922
51.8614 26.1808
51.8569 26.4369
51.8206 26.4392
51.8128 26.4572
51.8203 26.6497
51.7497 26.9333
51.7694 27.0292
51.7628 27.1797
51.7431 27.2067
51.6703 27.2
51.6544 27.2989
51.5978 27.2794
51.6011 27.4456
51.6294 27.4717
51.6303 27.5125
51.5925 27.7197
51.5644 27.7247
51.5067 27.6711
51.4656 27.7469
51.5306 27.8175
51.5886 27.8117
51.6203 27.8514
51.62 27.8847
51.5678 27.9753
51.565 28.0881
51.5803 28.135
51.6431 28.1886
51.6611 28.2586
51.6178 28.2608
51.5769 28.3361
51.5306 28.3592
51.5797 28.4756
51.5664 28.6272
51.4519 28.6606
51.4386 28.6836
51.4522 28.7192
51.4208 28.7303
51.4111 28.7525
51.4169 28.765
51.4847 28.7661
51.5542 28.8453
51.5767 28.9289
51.5747 28.9953
51.5958 29.0283
51.6247 29.04
51.6383 29.0833
51.6122 29.1861
51.5683 29.205
51.5378 29.2433
51.5047 29.2508
51.4664 29.2361
51.4433 29.2819
51.385 29.3131
51.375 29.3539
51.4028 29.4097
51.3903 29.4831
51.4536 29.5239
51.4531 29.5944
51.49 29.6217
51.4989 29.6697
51.4944 29.7178
51.4411 29.7592
51.4361 29.8514
51.4694 29.8958
51.4572 29.9339
51.4864 29.9833
51.4919 30.1764
51.4053 30.3481
51.3583 30.3503
51.345 30.335
51.3072 30.3839
51.2969 30.46
51.27 30.4797
51.2528 30.5494
51.2733 30.5717
51.3019 30.5708
51.3328 30.6442
51.3553 30.6319
51.3708 30.6436
51.4161 30.6197
51.4303 30.5817
51.4542 30.5886
51.4583 30.6156
51.5158 30.5658
51.5367 30.5822
51.5511 30.5303
51.5669 30.5222
51.5772 30.5428
51.5978 30.5175
51.625 30.5567
51.6975 30.5739
51.7114 30.6283
51.7486 30.6456
51.7642 30.6175
51.7744 30.6569
51.7964 30.67
51.8239 30.6622
51.8953 30.7469
51.9028 30.7964
51.9444 30.8008
51.9656 30.8822
51.9978 30.8978
52.0064 30.9717
52.025 30.9669
52.0333 30.9314
52.0492 30.9439
52.0639 30.9358
52.0811 30.9631
52.0833 31.1617
52.0456 31.2517
52.0547 31.2797
52.0911 31.3011
52.1167 31.3619
52.1081 31.7839
52.0961 31.8978
52.0539 31.9042
52.0367 31.9264
52.0572 32.0186
52.0439 32.1244
52.0794 32.225
52.1094 32.2992
52.1572 32.3356
52.2214 32.3406
52.2547 32.3864
52.31 32.3583
52.3353 32.3942
52.3142 32.5028
52.32 32.5525
52.2614 32.7317
52.2703 32.86
52.2472 32.9236
52.3131 33.0556
52.31 33.0958
52.3797 33.2047
52.3569 33.3364
52.3661 33.3967
52.3436 33.4489
52.3667 33.4978
52.3475 33.5272
52.3111 33.5122
52.2933 33.5353
52.3617 33.6964
52.3433 33.8417
52.3167 33.8639
52.2942 33.9236
52.2308 33.9683
52.2014 34.0567
52.1519 34.0978
52.1169 34.0758
52.0603 34.0731
51.9897 34.1281
51.9597 34.1094
51.96 34.1694
51.9067 34.2481
51.8794 34.2578
51.8872 34.3028
51.8578 34.335
51.8433 34.384
51.7672 34.4406
51.7328 34.4333
51.715 34.3908
51.6808 34.1147
51.6661 34.0992
51.6447 34.1042
51.6286 34.1597
51.5883 34.1744
51.5467 34.2342
51.4278 34.2392
51.4067 34.2036
51.3794 34.2392
51.3689 34.2986
51.3472 34.3144
51.2919 34.2797
51.2594 34.2097
51.2308 34.3053
51.2636 34.3822
51.2342 34.5375
51.2422 34.6336
51.1794 34.67
51.1725 34.735
51.1972 34.9178
51.2222 34.9581
51.2072 35.0269
51.2214 35.0739
51.2017 35.1206
51.1447 35.1219
51.0547 35.1708
51.0606 35.3019
51.0386 35.3747
51.0108 35.3586
50.9997 35.2972
50.9594 35.3058
50.9444 35.3056
50.9261 35.3614
50.8722 35.3606
50.845 35.3975
50.8031 35.3978
50.7728 35.4567
50.6942 35.4583
50.6758 35.4886
50.6381 35.3936
50.5214 35.4364
50.4803 35.4672
50.4531 35.5672
50.3778 35.5892
50.3467 35.6875
50.3533 35.7289
50.3833 35.7392
50.3942 35.7942
50.4286 35.8503
50.4392 36.0078
50.4253 36.1392
50.4003 36.1606
50.4011 36.1883
50.3661 36.2053
50.2844 36.2975
50.2894 36.3606
50.3217 36.4128
50.2811 36.5128
50.2764 36.5633
50.2467 36.5467
50.2272 36.5556
50.2122 36.63
50.2147 36.65
50.2669 36.7011
50.3036 36.7908
50.3489 36.9733
50.3369 37.0528
50.3483 37.1306
50.3769 37.2397
50.4281 37.3158
50.4397 37.4586
50.4 37.4631
50.3514 37.4944
50.3053 37.6236
50.2167 37.6053
50.1336 37.7047
50.0878 37.7331
50.0247 37.9253
49.9344 38.0136
49.9039 38.0097
49.9033 38.0242
49.9386 38.1036
49.9281 38.1492
49.9511 38.1853
49.9894 38.1964
50.0656 38.1842
50.0731 38.3142
50.0592 38.3372
49.9875 38.3761
49.9842 38.4542
49.9519 38.4989
49.9658 38.5953
49.9569 38.6425
49.9789 38.6867
49.9275 38.6961
49.8872 38.7592
49.8681 38.8892
49.8075 38.9453
49.8178 39.0692
49.8761 39.145
49.8778 39.1928
49.7519 39.2736
49.7331 39.3653
49.7583 39.4642
49.7344 39.5206
49.7308 39.5808
49.6156 39.6397
49.5847 39.7611
49.5494 39.8217
49.5717 39.9392
49.6144 40.005
49.6048 40.1349
49.5689 40.1478
49.5228 40.07
49.4783 40.0531
49.4247 40.0889
49.355 40.1708
49.3269 40.1797
49.2836 40.1606
49.2486 40.1669
49.2317 40.1192
49.1839 40.0819
49.1239 39.9664
49.0939 39.9406
49.055 39.9389
49.0353 39.7033
48.9731 39.6944
48.9442 39.7461
48.9039 39.7672
48.8875 39.9236
48.86 39.9706
48.8958 40.0419
48.8839 40.0706
48.8642 40.0767
48.8203 40.0397
48.7894 39.9758
48.8225 39.8503
48.8178 39.8039
48.7664 39.7572
48.7622 39.7272
48.7142 39.7022
48.6769 39.7017
48.6167 39.6569
48.5881 39.67
48.5831 39.7989
48.5575 39.8508
48.5003 39.8669
48.4839 39.8383
48.4431 39.8883
48.3675 39.9214
48.3378 39.8936
48.3153 39.8358
48.2778 39.9128
48.2972 39.9989
48.2592 40.0103
48.235 39.9925
48.2133 39.9328
48.1408 39.8864
48.1131 39.8483
48.0408 39.8686
48.0264 39.7761
47.9697 39.82
47.9167 39.7961
47.8725 39.8058
47.8314 39.7681
47.8183 39.7239
47.8394 39.5992
47.8297 39.4117
47.8531 39.3453
47.8339 39.1364
47.8666 39.0409
47.8683 38.8972
47.8528 38.8383
47.7681 38.7825
47.6839 38.7506
47.6942 38.6914
47.6381 38.6058
47.6283 38.4489
47.6014 38.3394
47.5061 38.2808
47.3961 38.2856
47.3192 38.2081
47.2969 38.2278
47.3 38.3078
47.2783 38.3192
47.2558 38.3131
47.1947 38.2161
47.0904 38.2456
47.0594 38.1361
47.0947 38.0744
47.0803 38.0319
47.0786 37.5389
46.8717 37.3239
46.9039 37.3167
46.9286 37.2053
46.815 36.9039
46.6403 36.7742
46.718 36.8025
46.7631 36.7469
46.7753 36.6136
46.6978 36.3578
46.6039 36.268
46.6628 36.2089
46.6703 36.0675
46.6161 35.8058
46.4994 35.6464
46.4444 35.4872
46.2561 35.2833
46.1339 35.1708
46.0725 35.0017
46.0939 34.9878
46.175 35.1911
46.2467 35.2578
46.3317 35.3075
46.355 35.2644
46.4342 35.2839
46.48 35.1933
46.4875 35.1686
46.3933 35.2108
46.295 35.113
46.2267 34.9275
46.2553 34.8969
46.1769 34.8111
46.1036 34.8266
45.7975 34.9494
45.525 35.1761
45.3367 35.3867
45.2883 35.5175
45.338 35.7211
45.4666 35.82
45.4575 35.8636
45.4092 35.8567
45.3653 35.9469
45.3619 36.0216
45.4605 36.1397
45.4669 36.3055
45.4366 36.3044
45.4236 36.5986
45.3761 36.6372
45.3336 36.6255
45.338 36.4894
45.2592 36.4286
45.0705 36.4514
45.04 36.3658
45.0369 36.0297
44.9953 35.9911
44.9911 35.8347
45.0531 35.7858
45.1125 35.6364
45.1183 35.5239
45.0681 35.4183
45.0264 35.3942
44.9989 35.4314
44.9858 35.3619
44.9419 35.363
44.9642 35.3194
44.893 35.1511
44.8028 35.1008
44.7869 35.0669
44.8383 34.9544
44.7503 34.5347
44.6992 34.4356
44.5436 34.3319
44.5422 34.2678
44.4958 34.24
44.3953 34.0069
44.398 33.8469
44.5158 33.4536
44.5892 33.3683
44.6144 33.5683
44.6408 33.5139
44.7003 33.5483
44.7791 33.5194
44.8325 33.545
44.8692 33.6086
44.9694 33.6105
45.105 33.5505
45.1866 33.3872
45.1633 33.2997
45.3436 32.9322
45.3583 32.8136
45.3103 32.6439
45.3472 32.5011
45.4189 32.4914
45.4825 32.5739
45.5589 32.8253
45.605 32.8344
45.7325 33.1514
45.7478 33.2586
45.8355 33.4369
45.8608 33.6922
45.9075 33.69
45.9186 33.7514
45.9453 33.745
45.9441 33.6219
46.1061 33.6394
46.1572 33.5828
46.0433 33.495
46.12 33.3219
46.1417 33.2692
46.1278 33.215
46.1931 33.2094
46.1297 33.1125
46.1639 33.0283
46.1314 33.0311
46.1219 32.8666
46.075 32.5094
46.1272 32.2631
46.173 32.2433
46.3144 31.8822
46.2797 31.8906
46.28 31.8017
46.3108 31.7594
46.3253 31.7772
46.3528 31.9842
46.3958 32.0592
46.4511 32.0039
46.485 31.8097
46.4897 31.7033
46.4308 31.6803
46.5814 31.5108
46.5289 31.8425
46.4589 32.3567
46.4903 32.4225
46.5369 32.4216
46.5947 32.5514
46.5561 32.3258
46.603 32.2367
46.5592 32.1391
46.658 31.9894
46.8055 31.9364
46.8536 31.9855
46.9328 32.0086
46.9492 31.9322
47.01 31.9781
47.0214 31.8678
47.1086 31.8892
47.2228 31.7483
47.0811 31.8717
47.0164 31.8364
46.9914 31.8583
46.9975 31.9442
46.95 31.9006
46.9247 31.9047
46.9192 31.9744
46.8517 31.9397
46.8292 31.8825
46.7855 31.8636
46.7286 31.9089
46.6442 31.9008
46.6156 31.8092
46.6503 31.6214
46.6103 31.5572
46.6447 31.475
46.7839 31.5919
46.8253 31.6014
46.7392 31.5158
46.7633 31.4694
46.7205 31.5064
46.6625 31.4619
46.6011 31.335
46.625 31.1894
46.5525 30.7961
46.5056 30.7481
46.44 30.7931
46.3169 30.6889
46.2714 30.6689
46.048 30.4447
46.0251 30.414
45.9978 30.3319
45.9494 30.3132
45.8174 30.1384
45.8578 30.1283
45.81 30.09
45.8383 30.0183
45.8355 29.9647
45.7825 29.9578
45.7233 29.9344
45.7644 29.89
45.7369 29.8044
45.7119 29.7975
45.6692 29.8636
45.6096 29.7357
45.698 29.6794
45.7817 29.6972
45.8228 29.6372
45.7825 29.6492
45.6878 29.5969
45.5522 29.5953
45.535 29.6599
45.475 29.6008
45.4366 29.6419
45.4717 29.7344
45.4425 29.7553
45.2247 29.7306
45.2102 29.6618
45.2875 29.6708
45.3503 29.6369
45.3953 29.5619
45.4378 29.3142
45.3211 29.0044
45.3208 28.7844
45.2655 28.7569
45.2378 28.7997
45.225 28.7486
45.2461 28.5586
45.3375 28.3167
45.4333 28.2761
45.4482 28.212
45.5033 28.2381
45.5253 28.2839
45.5064 28.4775
45.5178 28.5228
45.5436 28.5303
45.5692 28.5114
45.5867 28.5561
45.6072 28.5336
45.6447 28.5283
45.665 28.4894
45.7142 28.5269
45.7197 28.5825
45.7631 28.5836
45.7753 28.6753
45.7944 28.6947
45.8189 28.6889
45.8386 28.7547
45.8669 28.7689
45.9292 28.7478
45.96 28.7558
46.0067 28.9719
46.0297 28.9806
46.1056 28.9572
46.1939 29.0411
46.2708 28.9494
46.3119 28.965
46.4283 28.9322
46.4953 29.0347
46.5414 29.205
46.5328 29.2194
46.4847 29.2283
46.4169 29.2264
46.3814 29.2008
46.3653 29.2242
46.3986 29.2639
46.4022 29.3067
46.445 29.3008
46.4764 29.3239
46.4764 29.3475
46.4161 29.3931
46.4381 29.3961
46.4922 29.4836
46.4811 29.5075
46.4322 29.4997
46.42 29.5761
46.3833 29.5908
46.3692 29.6267
46.3914 29.6728
46.4286 29.6633
46.4394 29.7331
46.4781 29.7333
46.4256 29.8017
46.3881 29.8303
46.3617 29.8272
46.3483 29.8483
46.3511 29.8847
46.3836 29.93
46.3819 30.1039
46.4156 30.1342
46.4228 30.0731
46.4567 30.0069
46.4697 30.0186
46.4961 29.9989
46.4881 29.9706
46.5053 29.9286
46.53 29.8986
46.5511 29.8958
46.5753 29.9689
46.6369 29.9483
46.7344 29.9728
46.7892 29.9464
46.8142 29.95
46.8142 29.9089
46.8614 29.8689
46.8664 29.7614
46.9117 29.7153
46.9431 29.5756
47.0253 29.5933
47.0461 29.6236
47.0844 29.6136
47.0986 29.5697
47.0669 29.5394
47.1183 29.4969
47.1408 29.5714
47.2331 29.5567
47.2633 29.5992
47.3197 29.585
47.3428 29.5594
47.3464 29.5058
47.2922 29.475
47.295 29.4056
47.3219 29.3794
47.3578 29.3803
47.38 29.3544
47.3786 29.3228
47.4144 29.3078
47.4319 29.2625
47.4553 29.2525
47.44 29.1867
47.5442 29.1314
47.5867 29.1667
47.6322 29.2056
47.7181 29.2081
47.7644 29.2581
47.78 29.2492
47.7931 29.195
47.8089 29.1942
47.8747 29.2575
47.895 29.1936
47.9519 29.1781
47.9861 29.1419
47.9828 29.0806
47.9394 29.0508
47.9331 29.0036
47.95 28.9561
48.01 28.8783
48.0319 28.8517
48.0556 28.8539
48.0789 28.8275
48.1017 28.8331
48.1214 28.8156
48.1536 28.6425
48.1606 28.5514
48.1183 28.4775
48.0714 28.4608
48.1186 28.4217
48.1383 28.4381
48.1694 28.4186
48.1639 28.3886
48.1269 28.3456
48.1394 28.3128
48.1961 28.3706
48.2411 28.3567
48.2381 28.295
48.2053 28.2225
48.2156 28.1872
48.2497 28.1819
48.2575 28.1656
48.2317 28.1281
48.2294 28.0944
48.2433 28.0819
48.2886 28.0967
48.3075 28.0856
48.325 27.9631
48.3543 27.9041
48.3983 27.87
48.4478 27.7708
48.4417 27.6533
48.4544 27.6072
48.4867 27.5997
48.465 27.5208
48.4167 27.4189
48.4389 27.3922
48.4428 27.3431
48.3789 27.2703
48.3678 27.2339
48.4069 27.0536
48.365 27.0494
48.3586 26.9689
48.405 26.8539
48.3789 26.8358
48.3817 26.7914
48.3219 26.8108
48.2972 26.8033
48.2994 26.7506
48.3447 26.7031
48.3117 26.6883
48.2981 26.6489
48.2409 26.635
48.1864 26.3164
48.0761 26.2722
47.985 26.1592
47.9794 26.0111
47.9297 25.4683
47.8814 25.2303
47.7639 25.1239
47.7289 25.0297
47.7161 24.8975
47.813 24.8164
47.8603 24.6761
47.9064 24.6603
47.9528 24.5311
47.9033 24.2381
47.9233 24.1686
47.9108 24.1311
47.9605 23.9755
47.9286 23.8742
47.9928 23.6414
48.0084 23.545
47.9775 23.4806
48.1086 23.1742
48.0883 23.1239
48.0158 23.0911
47.99 23.0342
48.0089 22.9342
47.965 22.9372
47.9533 22.8949
48.0105 22.8653
48.0367 22.8869
48.0868 22.841
48.1147 22.7442
48.1018 22.6205
48.2453 22.5078
48.2441 22.3833
48.3211 22.3158
48.3617 22.3194
48.3608 22.2603
48.4041 22.2714
48.4121 22.1514
48.5766 22.1572
48.6839 22.3264
48.9755 22.4653
49.0322 22.5475
49.0794 22.558
49.0911 22.598
49.0442 22.6742
49.0258 22.8283
49.0064 22.8826
49.1161 22.8217
49.1655 22.7003
49.22 22.7255
49.2819 22.76
49.5197 22.6561
49.5725 22.6808
49.835 22.9747
50.0814 23.2833
50.3089 23.6308
50.3805 23.7078
50.4072 23.9917
50.5444 24.1328
50.63 24.1083
50.7872 23.9547
50.8311 23.9958
50.835 24.1306
50.858 24.1447
50.9441 23.973
51.2075 23.7494
51.3078 23.6322
51.4317 23.6714
51.5283 23.5921
