CIC_MPM_VERS = 1.0
COMMENT Generated by Spacebel CCSDS library
CREATION_DATE = 2017-02-24T16:25:06.861719
ORIGINATOR = SVG² Control

META_START

USER_DEFINED_PROTOCOL = NONE
USER_DEFINED_CONTENT = REGION OF INTEREST
USER_DEFINED_SIZE = 2
USER_DEFINED_TYPE = REAL
USER_DEFINED_UNIT = [deg]

META_STOP

26.0664 56.0812
26.0836 56.1589
26.0147 56.1855
25.6761 56.1436
25.6153 56.2147
25.6349 56.2719
25.5969 56.3458
25.5131 56.3692
25.2114 56.3647
24.9644 56.3758
25.0392 56.0246
24.2061 56.0246
23.7962 55.694
22.2886 55.694
22.0572 55.5023
22.2975 53.7991
22.52 52.0904
23.6044 51.4953
24.2524 50.8473
24.7475 50.8261
24.7539 50.8276
24.5778 50.9694
24.5556 51.1086
24.619 51.216
24.6164 51.2755
24.51 51.305
24.5375 51.3425
24.6182 51.3964
24.5719 51.4928
24.4194 51.3142
24.34 51.2914
24.3086 51.4794
24.2519 51.5433
24.2678 51.5903
24.3783 51.5914
24.3447 51.6222
24.2097 51.6355
24.2178 51.7208
24.2864 51.7439
24.2667 51.7808
24.1406 51.7711
24.0025 51.8078
23.9881 51.8542
23.9936 51.9569
23.9555 52.0805
23.98 52.2544
24.0908 52.4892
24.1944 52.5817
24.1964 52.6306
24.1364 52.6819
24.1231 53.1619
24.1617 53.1458
24.1664 53.1653
24.0967 53.2553
24.1022 53.3405
24.0864 53.5
24.0558 53.7619
24.1439 54.1289
24.2008 54.1931
24.2725 54.0811
24.3006 54.0867
24.3286 54.1519
24.2389 54.1947
24.2178 54.2458
24.2494 54.2953
24.2522 54.3819
24.4361 54.4944
24.438 54.5703
24.4633 54.5839
24.5097 54.5267
24.5239 54.598
24.6289 54.6458
24.7089 54.653
24.8014 54.7078
24.7894 54.7675
24.8319 54.765
24.983 55.0169
25.2575 55.2791
25.2472 55.3297
25.2725 55.2966
25.3025 55.3247
25.5817 55.5597
25.5194 55.55
25.5328 55.6283
25.5892 55.6525
25.6961 55.8058
25.823 55.9547
25.7656 55.9478
26.0664 56.0812
