CIC_MPM_VERS = 1.0
COMMENT Generated by Spacebel CCSDS library
CREATION_DATE = 2017-02-24T16:25:06.978718
ORIGINATOR = SVG² Control

META_START

USER_DEFINED_PROTOCOL = NONE
USER_DEFINED_CONTENT = REGION OF INTEREST
USER_DEFINED_SIZE = 2
USER_DEFINED_TYPE = REAL
USER_DEFINED_UNIT = [deg]

META_STOP

57.3628 -135.688
57.4281 -135.888
57.5119 -136.011
57.5008 -135.92
57.4314 -135.789
57.4666 -135.806
57.5916 -136.061
57.6111 -136.035
57.6089 -135.953
57.6472 -136.075
57.6147 -136.109
57.6322 -136.141
57.6828 -136.089
57.8158 -136.412
57.8997 -136.377
57.9872 -136.344
57.97 -136.27
58.0647 -136.39
58.1078 -136.432
58.1353 -136.383
58.1047 -136.271
58.2072 -136.355
58.2189 -136.276
58.0855 -136.154
58.1716 -136.182
58.2219 -136.132
58.16 -135.966
58.225 -135.93
58.2764 -135.805
58.2486 -135.738
58.1758 -135.507
58.1555 -135.482
58.0439 -135.604
58.0478 -135.772
58.0225 -135.752
58.0128 -135.63
57.9933 -135.637
57.9769 -135.749
57.9803 -135.611
58.0855 -135.423
58.1189 -135.457
58.1394 -135.399
58.045 -134.965
57.9953 -134.909
57.9291 -134.906
57.8853 -134.97
57.9064 -135.087
57.9436 -135.197
57.8939 -135.145
57.8111 -134.935
57.7778 -135.052
57.778 -135.223
57.7972 -135.36
57.7406 -135.352
57.6983 -135.217
57.7611 -134.963
57.7533 -134.915
57.4861 -134.811
57.4506 -134.988
57.6572 -135.542
57.7478 -135.731
57.7622 -135.814
57.6742 -135.703
57.6453 -135.804
57.62 -135.647
57.5847 -135.566
57.5514 -135.657
57.5531 -135.581
57.5342 -135.553
57.3628 -135.688
180.0 180.0
56.7397 -154.136
56.7461 -154.149
56.8439 -154.071
56.9689 -153.839
57.0103 -153.827
57.0197 -153.855
56.9683 -153.882
56.9567 -153.964
57.0092 -153.949
57.1211 -153.782
57.1533 -153.784
57.0353 -154.008
56.9683 -154.069
56.9914 -154.134
57.0642 -154.084
57.1094 -153.963
57.1547 -154.225
57.1269 -154.466
57.1036 -154.485
57.0583 -154.454
57.0466 -154.376
57.1122 -154.284
57.1219 -154.116
57.1094 -154.101
56.9569 -154.161
56.8778 -154.256
56.8489 -154.298
56.9069 -154.301
56.9886 -154.488
56.9906 -154.53
57.1411 -154.526
57.2514 -154.599
57.3353 -154.803
57.3591 -154.783
57.3355 -154.705
57.4222 -154.728
57.5253 -154.603
57.6258 -154.356
57.6669 -154.241
57.6514 -154.03
57.6353 -153.996
57.5697 -153.975
57.4144 -153.895
57.3028 -153.748
57.3739 -153.768
57.4005 -153.808
57.5675 -153.851
57.5817 -153.833
57.5464 -153.761
57.5447 -153.682
57.6089 -153.841
57.643 -153.88
57.6508 -153.783
57.5992 -153.587
57.6414 -153.617
57.6975 -153.827
57.725 -153.926
57.8055 -153.93
57.8972 -153.752
57.89 -153.642
57.6644 -153.51
57.7083 -153.504
57.6894 -153.44
57.7044 -153.439
57.7422 -153.51
57.7678 -153.498
57.7672 -153.421
57.713 -153.378
57.7125 -153.328
57.7317 -153.317
57.7975 -153.465
57.8419 -153.465
57.7883 -153.213
57.7556 -153.162
57.8964 -153.24
57.8253 -153.057
57.8964 -153.137
58.0025 -153.261
57.9261 -153.011
57.9472 -152.95
57.9169 -152.817
57.8955 -152.827
57.85 -152.901
57.7689 -152.925
57.7289 -152.886
57.735 -152.858
57.8189 -152.858
57.8561 -152.813
57.8225 -152.731
57.8806 -152.692
57.8564 -152.62
57.9264 -152.628
57.8731 -152.437
57.8172 -152.422
57.825 -152.33
57.8067 -152.337
57.7111 -152.544
57.6955 -152.534
57.7225 -152.446
57.6519 -152.492
57.6858 -152.399
57.6094 -152.437
57.6283 -152.181
57.6105 -152.151
57.4297 -152.331
57.4242 -152.483
57.4547 -152.452
57.4669 -152.495
57.4455 -152.577
57.4761 -152.61
57.478 -152.715
57.505 -152.73
57.5042 -152.949
57.4839 -152.91
57.4736 -153.023
57.4314 -153.043
57.4722 -152.847
57.3872 -152.613
57.3178 -152.634
57.2739 -152.704
57.305 -152.722
57.2917 -152.887
57.3433 -152.875
57.3486 -153.162
57.2978 -153.165
57.2633 -152.96
57.2186 -153.058
57.2072 -153.389
57.175 -153.371
57.1125 -153.456
57.1769 -153.49
57.1344 -153.522
57.0681 -153.496
57.048 -153.598
57.0286 -153.587
56.9378 -153.603
56.9325 -153.669
56.8903 -153.774
56.8619 -153.764
56.8811 -153.695
56.8558 -153.712
56.7844 -153.9
56.7428 -153.961
56.7397 -154.136
180.0 180.0
56.9858 -135.827
57.0766 -135.827
57.1614 -135.709
57.1692 -135.812
57.3167 -135.847
57.3169 -135.7
57.2633 -135.59
57.2242 -135.554
57.2317 -135.625
57.135 -135.546
57.0078 -135.622
56.9858 -135.827
180.0 180.0
56.9897 -153.316
57.0408 -153.348
57.0728 -153.408
57.1986 -153.273
57.1842 -153.175
57.1328 -153.21
57.1744 -152.99
57.1358 -152.895
57.0825 -153.192
57.0005 -153.245
56.9897 -153.316
180.0 180.0
56.4372 -133.633
56.518 -133.661
56.5636 -133.645
56.6311 -133.659
56.6778 -133.707
56.8483 -133.671
56.8214 -133.774
56.878 -133.88
56.8983 -133.863
56.8739 -133.756
57.0147 -134.018
57.0575 -134.008
57.0861 -133.883
56.9969 -133.325
56.9272 -133.28
56.9461 -133.253
56.9936 -133.297
56.9964 -133.1
56.9775 -133.052
56.8603 -132.928
56.8128 -132.99
56.66 -132.925
56.625 -132.936
56.5997 -133.011
56.7166 -133.188
56.7886 -133.222
56.8394 -133.342
56.7358 -133.309
56.7408 -133.234
56.7089 -133.212
56.6364 -133.242
56.6189 -133.105
56.6006 -133.114
56.5286 -133.081
56.5242 -133.129
56.4883 -133.119
56.4586 -133.149
56.4708 -133.335
56.5019 -133.429
56.4547 -133.419
56.4372 -133.633
180.0 180.0
55.9991 -134.107
56.0222 -134.162
56.1125 -134.236
56.1558 -134.192
56.1658 -134.246
56.25 -134.266
56.2961 -134.16
56.3191 -134.199
56.2914 -134.281
56.4192 -134.232
56.4069 -134.184
56.3644 -134.155
56.4053 -134.108
56.3594 -134.049
56.4203 -134.033
56.4647 -134.069
56.4725 -134.029
56.5553 -134.068
56.4869 -134.124
56.5575 -134.227
56.5603 -134.306
56.6255 -134.095
56.6497 -134.128
56.6419 -134.249
56.6703 -134.208
56.6933 -134.223
56.6575 -134.307
56.6936 -134.375
56.8294 -134.409
56.8564 -134.393
56.8564 -134.352
56.7861 -134.292
56.8017 -134.272
56.8717 -134.334
56.8972 -134.315
56.8414 -134.115
56.8905 -134.151
56.9369 -134.264
56.8989 -134.087
56.8708 -133.988
56.7272 -133.92
56.655 -133.967
56.6464 -133.946
56.7236 -133.862
56.8041 -133.875
56.7744 -133.728
56.6278 -133.726
56.5997 -133.691
56.5547 -133.753
56.6083 -133.822
56.6142 -133.921
56.5772 -133.845
56.5064 -133.919
56.4405 -133.829
56.395 -133.902
56.3705 -133.915
56.3489 -133.844
56.2842 -133.849
56.3211 -133.919
56.3611 -133.969
56.2689 -133.984
56.2794 -133.923
56.2336 -133.891
56.1997 -133.948
56.1166 -133.936
56.0833 -133.955
56.1014 -134.031
56.2872 -134.027
56.3125 -134.053
56.1797 -134.094
56.183 -134.181
56.1311 -134.156
56.1425 -134.106
56.0811 -134.087
55.9991 -134.107
180.0 180.0
56.4947 -132.773
56.5028 -132.927
56.5942 -132.956
56.6308 -132.883
56.7964 -132.964
56.8191 -132.921
56.7864 -132.802
56.5994 -132.533
56.5778 -132.531
56.5203 -132.684
56.5553 -132.742
56.523 -132.735
56.4947 -132.773
180.0 180.0
58.5547 -161.085
58.6316 -161.085
58.6864 -161.075
58.7403 -160.948
58.7922 -160.71
58.5697 -160.912
58.5547 -161.085
180.0 180.0
56.2308 -132.834
56.3339 -133.048
56.3475 -133.058
56.4478 -132.94
56.4561 -132.703
56.3964 -132.614
56.3506 -132.663
56.2983 -132.635
56.2705 -132.662
56.2308 -132.834
180.0 180.0
56.1114 -132.056
56.2564 -132.331
56.3644 -132.348
56.3992 -132.326
56.4725 -132.376
56.48 -132.336
56.3405 -132.01
56.2075 -131.92
56.1114 -132.056
180.0 180.0
21.8919 -159.539
21.9778 -159.752
22.0328 -159.79
22.1528 -159.717
22.2253 -159.488
22.2017 -159.327
22.1833 -159.318
22.1269 -159.289
21.9017 -159.388
21.8919 -159.539
180.0 180.0
55.9183 -132.266
55.9561 -132.426
56.0222 -132.376
56.0814 -132.594
56.0478 -132.626
56.1078 -132.696
56.1791 -132.696
56.2222 -132.695
56.2314 -132.603
56.3319 -132.529
56.3361 -132.39
56.2414 -132.387
56.19 -132.478
56.1847 -132.397
56.2166 -132.359
56.1275 -132.123
56.0992 -132.09
56.0411 -132.179
55.9555 -132.116
55.9283 -132.128
55.9314 -132.167
55.9661 -132.18
55.9183 -132.266
180.0 180.0
55.8964 -133.695
55.9169 -133.786
55.9483 -133.793
56.0622 -133.686
56.0811 -133.49
56.1003 -133.581
56.1142 -133.62
56.1333 -133.61
56.1158 -133.501
56.1492 -133.314
56.1289 -133.286
56.0814 -133.314
56.0339 -133.288
56.0003 -133.305
56.0228 -133.477
55.9453 -133.586
55.9594 -133.617
55.9372 -133.643
55.8964 -133.695
180.0 180.0
51.6494 -177.642
51.7008 -177.704
51.7933 -177.243
51.8447 -177.2
51.9206 -177.196
51.9383 -177.146
51.8886 -177.046
51.7644 -177.134
51.7189 -177.13
51.6822 -177.316
51.7264 -177.374
51.6961 -177.621
51.6494 -177.642
180.0 180.0
55.1878 -131.211
55.235 -131.307
55.3492 -131.196
55.3933 -131.196
55.3914 -131.261
55.3594 -131.275
55.3217 -131.254
55.2739 -131.293
55.255 -131.389
55.2772 -131.455
55.3031 -131.457
55.4111 -131.291
55.4892 -131.281
55.6417 -131.342
55.6058 -131.367
55.4622 -131.315
55.3528 -131.395
55.3256 -131.456
55.3758 -131.419
55.4761 -131.47
55.5197 -131.419
55.5072 -131.491
55.4764 -131.52
55.3678 -131.461
55.2961 -131.515
55.3514 -131.68
55.4461 -131.818
55.4675 -131.82
55.5914 -131.617
55.6156 -131.7
55.6653 -131.7
55.7264 -131.513
55.7308 -131.63
55.6986 -131.696
55.7203 -131.716
55.7705 -131.594
55.7786 -131.49
55.8186 -131.522
55.7914 -131.68
55.8333 -131.684
55.8242 -131.458
55.845 -131.465
55.8553 -131.546
55.9014 -131.577
55.9539 -131.232
55.6983 -130.968
55.5792 -130.937
55.4747 -130.982
55.3975 -130.964
55.4105 -131.022
55.2772 -131.043
55.1969 -131.143
55.1878 -131.211
180.0 180.0
54.6905 -132.004
54.7119 -132.284
54.7566 -132.298
54.7886 -132.214
54.8164 -132.231
54.7994 -132.353
54.8394 -132.266
54.9644 -132.387
55.0189 -132.395
54.9216 -132.419
54.9008 -132.475
54.9186 -132.503
54.9425 -132.451
54.9778 -132.445
54.9991 -132.488
54.9475 -132.506
54.9328 -132.54
54.9686 -132.598
55.0161 -132.532
55.0372 -132.573
55.0436 -132.459
55.0608 -132.542
55.1064 -132.512
55.1219 -132.557
55.0583 -132.61
55.0875 -132.62
55.1655 -132.56
55.2503 -132.641
55.2058 -132.647
55.168 -132.609
55.1394 -132.649
55.1753 -132.767
55.2481 -132.807
55.2716 -132.837
55.2242 -132.866
55.2047 -133.024
55.2267 -133.006
55.2641 -132.906
55.2797 -132.901
55.2739 -133.199
55.3325 -133.262
55.3792 -133.217
55.3517 -132.848
55.4228 -133.064
55.4947 -133.129
55.6053 -133.012
55.6222 -132.913
55.6389 -132.957
55.5736 -133.254
55.6164 -133.368
55.6555 -133.385
55.6808 -133.336
55.7569 -133.31
55.7419 -133.251
55.8119 -133.144
55.8728 -133.154
55.8605 -133.187
55.9441 -133.257
56.0317 -133.243
56.0872 -133.28
56.1478 -133.255
56.1719 -133.365
56.1797 -133.569
56.2711 -133.633
56.2969 -133.565
56.3497 -133.586
56.3264 -133.324
56.2889 -133.299
56.3258 -133.267
56.328 -133.178
56.1767 -133.024
56.118 -133.063
56.1169 -133.138
56.0525 -133.078
56.0325 -132.837
55.8797 -132.566
55.7294 -132.453
55.6233 -132.436
55.6708 -132.399
55.6455 -132.35
55.5408 -132.295
55.5125 -132.182
55.4658 -132.137
55.4444 -132.159
55.6183 -132.52
55.573 -132.56
55.5561 -132.51
55.488 -132.58
55.4622 -132.67
55.4186 -132.653
55.5114 -132.505
55.4578 -132.281
55.4291 -132.284
55.4214 -132.445
55.4011 -132.483
55.3825 -132.458
55.4086 -132.426
55.3633 -132.153
55.268 -132.085
55.24 -132.131
55.2547 -132.24
55.2014 -132.247
55.1883 -132.223
55.2219 -132.206
55.1961 -132.11
55.2728 -132.011
55.2264 -131.969
55.1058 -131.992
55.0766 -132.051
55.0658 -132.121
55.0392 -132.073
54.9925 -132.219
54.9747 -132.089
55.0319 -131.979
54.9908 -131.975
54.895 -131.972
54.9044 -132.039
54.885 -132.051
54.8219 -131.955
54.7883 -131.949
54.7797 -132.006
54.6905 -132.004
180.0 180.0
51.3475 179.252
51.5603 178.898
51.615 178.667
51.6514 178.661
51.6489 178.694
51.5814 178.981
51.4825 179.111
51.3742 179.403
51.3475 179.252
180.0 180.0
21.2661 -157.704
21.2705 -157.774
21.2969 -157.869
21.3369 -157.902
21.3197 -157.949
21.3444 -157.967
21.3664 -157.939
21.3925 -157.98
21.3747 -158.026
21.3433 -157.978
21.3014 -157.98
21.2953 -158.104
21.4436 -158.189
21.4769 -158.235
21.5805 -158.273
21.5869 -158.118
21.7078 -157.983
21.6967 -157.967
21.5575 -157.852
21.4358 -157.806
21.4644 -157.722
21.3686 -157.708
21.3139 -157.64
21.2661 -157.704
180.0 180.0
55.1175 -160.811
55.3303 -160.848
55.4064 -160.731
55.4 -160.696
55.3872 -160.661
55.3403 -160.66
55.3194 -160.697
55.2972 -160.669
55.3875 -160.575
55.3855 -160.544
55.3503 -160.534
55.3169 -160.583
55.2283 -160.572
55.1933 -160.462
55.1505 -160.614
55.1639 -160.679
55.2086 -160.681
55.1175 -160.811
180.0 180.0
54.6742 166.663
54.7269 166.565
54.8286 166.486
54.8292 166.357
55.0625 166.07
55.1089 166.082
55.1747 166.016
55.2905 165.743
55.3628 165.945
55.3408 166.04
55.3274 166.241
55.3256 166.249
55.2328 166.223
55.1275 166.265
54.843 166.646
54.6742 166.663
180.0 180.0
54.8722 -160.204
54.8753 -160.226
54.9192 -160.247
55.0291 -160.1
55.0436 -160.091
55.0547 -160.171
55.0683 -160.119
55.1122 -160.194
55.1561 -160.106
55.1044 -160.013
55.1519 -160.026
55.1889 -160.062
55.1992 -160.039
55.1617 -159.961
55.2472 -159.949
55.278 -159.872
55.2428 -159.856
55.1878 -159.909
55.148 -159.911
55.183 -159.832
55.1369 -159.839
55.0972 -159.884
55.1017 -159.976
55.0736 -159.947
54.935 -160.168
54.8722 -160.204
180.0 180.0
54.9955 -131.573
55.0155 -131.622
55.1231 -131.579
55.1166 -131.523
55.1389 -131.52
55.198 -131.577
55.2519 -131.584
55.2544 -131.486
55.2358 -131.467
55.2105 -131.383
55.0672 -131.343
55.0136 -131.372
55.0008 -131.475
55.0892 -131.528
54.9955 -131.573
180.0 180.0
54.6703 -132.758
54.6961 -132.797
54.7261 -132.864
54.8367 -132.905
54.8711 -133.026
54.9216 -133.099
55.0894 -133.214
55.098 -133.119
55.17 -133.214
55.1933 -133.156
55.2128 -133.197
55.2489 -133.125
55.2455 -133.102
55.1444 -133.065
55.0872 -132.981
55.1003 -133.073
55.0753 -133.034
55.0425 -133.045
55.0167 -132.945
54.9105 -132.899
54.7847 -132.723
54.7397 -132.757
54.6791 -132.668
54.6703 -132.758
180.0 180.0
54.395 -164.759
54.4186 -164.841
54.57 -164.949
54.6014 -164.928
54.6405 -164.754
54.7464 -164.631
54.8811 -164.545
54.9305 -164.433
54.8875 -164.219
54.9622 -164.142
54.9853 -163.999
55.0547 -163.786
55.05 -163.546
54.9919 -163.493
54.9222 -163.423
54.7961 -163.378
54.758 -163.321
54.7797 -163.189
54.7436 -163.12
54.6683 -163.049
54.6589 -163.16
54.6869 -163.115
54.7556 -163.348
54.7091 -163.432
54.6583 -163.436
54.6108 -163.6
54.63 -164.008
54.5925 -164.214
54.5344 -164.321
54.4758 -164.336
54.4214 -164.437
54.395 -164.759
180.0 180.0
54.4989 168.084
54.5381 168.015
54.6605 167.736
54.8272 167.435
54.8625 167.433
54.8652 167.44
54.7814 167.665
54.5208 168.092
54.4989 168.084
180.0 180.0
54.0297 -165.89
54.0655 -165.974
54.0361 -166.039
54.1164 -166.123
54.2119 -165.989
54.2091 -165.873
54.1678 -165.868
54.1614 -165.76
54.1383 -165.766
54.1183 -165.722
54.1166 -165.659
54.0644 -165.763
54.0805 -165.842
54.0297 -165.89
180.0 180.0
53.2716 -167.543
53.2978 -167.83
53.3736 -167.718
53.4508 -167.292
53.4661 -167.161
53.5197 -167.182
53.5239 -166.97
53.545 -166.982
53.5267 -167.071
53.5744 -167.15
53.6175 -167.152
53.6314 -167.098
53.6156 -166.996
53.6744 -167.066
53.7042 -167.023
53.7105 -166.908
53.6255 -166.801
53.7006 -166.826
53.7108 -166.716
53.7242 -166.719
53.7855 -167.09
53.848 -167.16
53.9555 -167.024
54.0108 -166.676
53.9916 -166.615
53.9605 -166.59
53.9428 -166.627
53.875 -166.636
53.8767 -166.581
53.8297 -166.607
53.9419 -166.42
53.9994 -166.38
53.9483 -166.375
53.9675 -166.258
53.8861 -166.24
53.8639 -166.311
53.8847 -166.343
53.8353 -166.381
53.7461 -166.545
53.6856 -166.55
53.723 -166.51
53.6897 -166.484
53.7486 -166.446
53.7361 -166.388
53.7778 -166.351
53.7672 -166.317
53.6839 -166.274
53.6306 -166.532
53.6022 -166.531
53.5758 -166.579
53.5353 -166.591
53.5933 -166.664
53.5311 -166.632
53.4828 -166.659
53.5636 -166.789
53.5153 -166.789
53.4686 -166.744
53.4441 -166.76
53.4775 -166.886
53.4369 -166.913
53.4664 -166.943
53.4197 -166.975
53.4486 -166.989
53.3003 -167.471
53.2716 -167.543
180.0 180.0
52.8672 -169.005
53.0528 -168.779
53.0869 -168.765
53.1028 -168.796
53.1794 -168.764
53.2722 -168.621
53.253 -168.371
53.2947 -168.345
53.3275 -168.428
53.3753 -168.392
53.4097 -168.411
53.5255 -168.246
53.5636 -168.006
53.5219 -167.938
53.4955 -167.795
53.3808 -167.849
53.2111 -168.325
53.0508 -168.465
52.9603 -168.762
52.9255 -168.757
52.8672 -169.005
180.0 180.0
21.0458 -156.867
21.1008 -157.2
21.0889 -157.295
21.1408 -157.295
21.2275 -157.257
21.2033 -157.175
21.1589 -156.708
21.0889 -156.752
21.0458 -156.867
180.0 180.0
52.7455 172.939
52.7939 172.761
52.8783 172.814
52.8761 172.692
52.8617 172.628
52.9194 172.66
52.9144 172.494
52.9428 172.511
53.0031 172.661
52.9928 173.124
52.9664 173.181
52.9161 173.165
52.9258 173.285
52.908 173.323
52.8694 173.263
52.8519 173.437
52.8253 173.364
52.82 173.178
52.7794 173.148
52.8286 173.085
52.7455 172.939
180.0 180.0
52.0269 -173.564
52.0633 -173.684
52.0353 -173.827
52.1275 -174.042
52.1228 -174.011
52.1025 -173.441
52.0872 -172.964
52.0553 -173.157
52.0369 -173.47
52.0269 -173.564
180.0 180.0
52.0066 -175.274
52.0189 -175.332
52.0728 -174.931
52.0997 -174.868
52.0989 -174.585
52.13 -174.596
52.1589 -174.545
52.2128 -174.418
52.21 -174.279
52.2525 -174.225
52.3119 -174.329
52.2772 -174.354
52.295 -174.436
52.3191 -174.434
52.3147 -174.373
52.4186 -174.159
52.3261 -173.992
52.2911 -173.995
52.2236 -174.063
52.2311 -174.185
52.195 -174.195
52.1306 -174.09
52.1039 -174.099
52.1208 -174.215
52.0933 -174.258
52.1078 -174.424
52.0844 -174.391
52.0414 -174.409
52.0419 -174.444
52.0905 -174.521
52.035 -174.485
52.0586 -174.548
52.025 -174.609
52.0066 -175.274
180.0 180.0
51.8267 177.332
51.878 177.227
51.97 177.367
51.9831 177.499
52.1219 177.589
52.1186 177.639
52.0916 177.684
51.9744 177.551
51.9467 177.593
51.9117 177.565
51.9372 177.464
51.8944 177.351
51.8267 177.332
180.0 180.0
51.5853 -176.929
51.5958 -176.975
51.6578 -176.972
51.7644 -176.818
51.7872 -176.916
51.8205 -176.862
51.7878 -176.839
51.7833 -176.702
51.8247 -176.779
51.8447 -176.772
51.8478 -176.704
51.9017 -176.776
51.9369 -176.78
51.9572 -176.725
51.9719 -176.549
51.91 -176.546
51.8572 -176.642
51.8364 -176.426
51.7497 -176.417
51.7192 -176.467
51.7528 -176.488
51.6791 -176.708
51.6222 -176.761
51.6042 -176.798
51.7122 -176.821
51.5853 -176.929
180.0 180.0
51.5969 -177.894
51.6022 -177.946
51.6628 -178.029
51.6647 -178.101
51.6989 -178.091
51.7164 -177.964
51.7339 -177.948
51.7689 -177.96
51.8617 -178.214
51.8953 -178.19
51.9189 -177.957
51.9092 -177.925
51.8322 -177.834
51.8522 -177.619
51.8133 -177.649
51.7889 -177.797
51.6986 -177.803
51.6594 -177.911
51.5969 -177.894
180.0 180.0
20.5808 -156.374
20.6094 -156.443
20.7858 -156.471
20.8803 -156.684
20.9244 -156.702
21.035 -156.638
21.0506 -156.594
20.9006 -156.479
20.9394 -156.27
20.81 -156.025
20.7675 -155.988
20.7172 -156.002
20.6311 -156.133
20.5808 -156.374
180.0 180.0
47.9194 -122.372
48.0875 -122.607
48.1466 -122.6
48.2105 -122.741
48.2339 -122.758
48.3905 -122.66
48.3922 -122.588
48.3097 -122.505
48.2836 -122.546
48.2917 -122.651
48.2514 -122.654
48.2289 -122.719
48.2197 -122.624
48.1794 -122.572
48.0457 -122.528
48.0247 -122.507
48.0989 -122.515
48.0375 -122.365
47.9705 -122.335
47.9194 -122.372
180.0 180.0
18.9247 -155.66
19.0292 -155.791
19.0364 -155.861
19.0883 -155.901
19.4869 -155.915
19.5633 -155.955
19.7358 -156.05
19.7883 -156.037
19.9903 -155.82
20.0547 -155.817
20.1031 -155.867
20.1717 -155.895
20.2433 -155.881
20.2725 -155.823
20.06 -155.336
19.8844 -155.088
19.7419 -155.076
19.7453 -154.988
19.6131 -154.93
19.5422 -154.796
19.48 -154.814
19.3289 -155.006
19.2119 -155.377
19.1111 -155.534
18.9897 -155.588
18.9247 -155.66
180.0 180.0
40.563 -73.9145
40.5753 -73.9022
40.6158 -73.7645
40.6417 -73.7675
40.6597 -73.8439
40.6358 -73.9
40.6086 -73.8719
40.5803 -74.0078
40.6911 -74.0039
40.7897 -73.9225
40.8092 -73.71
40.8411 -73.715
40.8705 -73.7208
40.8675 -73.6847
40.82 -73.6536
40.8933 -73.6433
40.9206 -73.5897
40.8908 -73.4708
40.9461 -73.4847
40.9386 -73.4283
40.9033 -73.362
40.93 -73.3575
40.958 -73.397
40.9105 -73.227
40.935 -73.1558
40.9756 -73.1219
40.9797 -72.6475
41.1619 -72.2853
41.1605 -72.2397
41.1253 -72.2625
41.1339 -72.32
41.0647 -72.4111
40.9539 -72.5517
40.9183 -72.6219
40.9041 -72.4983
41.0044 -72.3275
41.0472 -72.2433
41.0128 -72.0656
41.0819 -71.9242
41.0736 -71.8595
41.048 -71.9122
40.8683 -72.4467
40.8878 -72.4958
40.8467 -72.4922
40.7897 -72.6986
40.8147 -72.6583
40.7153 -73.205
40.6336 -73.6825
40.6039 -73.6781
40.563 -73.9145
180.0 180.0
44.1047 -76.4347
44.3466 -76.0533
44.3933 -75.88
44.4757 -75.7817
44.7247 -75.485
44.9203 -75.1253
45.0167 -74.8503
45.0071 -74.678
45.0047 -73.6947
45.0097 -73.3555
45.01 -73.3353
45.0119 -73.2062
45.0136 -73.0904
45.0194 -72.6983
45.0203 -71.7083
45.0209 -71.495
45.0689 -71.4967
45.1994 -71.3986
45.2386 -71.4406
45.303 -71.303
45.2539 -71.1703
45.3553 -71.0106
45.3539 -70.955
45.238 -70.8861
45.3167 -70.8256
45.4161 -70.8242
45.4366 -70.7692
45.3919 -70.6689
45.405 -70.64
45.4283 -70.6342
45.4858 -70.7189
45.5653 -70.6967
45.7119 -70.4667
45.7183 -70.4169
45.7528 -70.3889
45.8044 -70.4114
45.9408 -70.2461
45.9647 -70.2486
45.9808 -70.3097
46.1229 -70.254
46.1508 -70.2344
46.1978 -70.2872
46.3758 -70.1392
46.4392 -70.0511
46.698 -70.0092
47.2716 -69.4353
47.4709 -69.2325
47.4386 -69.0556
47.2697 -69.0475
47.188 -68.8884
47.3041 -68.5045
47.2936 -68.405
47.3511 -68.3681
47.3658 -68.3233
47.2897 -68.1186
47.0707 -67.7929
46.3425 -67.7797
45.8333 -67.7572
45.7605 -67.7909
45.7314 -67.8044
45.6961 -67.797
45.6085 -67.5392
45.6017 -67.4832
45.5944 -67.424
45.53 -67.4108
45.5003 -67.4828
45.3175 -67.4503
45.2811 -67.465
45.1605 -67.3595
45.1486 -67.3192
45.1969 -67.2814
45.1922 -67.2008
44.985 -67.0347
44.9417 -67.0658
44.9639 -67.1064
44.9158 -67.1083
44.9283 -67.195
44.8353 -67.1436
44.9041 -67.0922
44.8367 -67.0575
44.8864 -67.0397
44.8311 -66.9689
44.6619 -67.187
44.6714 -67.3203
44.7194 -67.2978
44.7158 -67.382
44.6205 -67.3961
44.6803 -67.4356
44.625 -67.4331
44.6347 -67.5231
44.668 -67.5453
44.5547 -67.5608
44.5411 -67.6281
44.5819 -67.6447
44.5186 -67.7322
44.6128 -67.735
44.5439 -67.7814
44.5947 -67.7731
44.5589 -67.8667
44.4986 -67.8397
44.4961 -67.8845
44.4167 -67.8939
44.44 -67.9169
44.4375 -67.9533
44.51 -67.9564
44.4869 -68.0181
44.415 -67.9647
44.3459 -68.0526
44.5128 -68.1369
44.4753 -68.1706
44.5389 -68.1844
44.535 -68.2047
44.4811 -68.2139
44.5222 -68.2842
44.47 -68.265
44.4441 -68.3797
44.4128 -68.4181
44.4989 -68.4142
44.5064 -68.4714
44.4036 -68.4506
44.4264 -68.5594
44.2583 -68.5086
44.2494 -68.5294
44.3591 -68.7417
44.3283 -68.8114
44.3891 -68.7872
44.4189 -68.692
44.4575 -68.7131
44.4064 -68.7997
44.4419 -68.8047
44.5606 -68.7294
44.5808 -68.7889
44.4839 -68.8031
44.4844 -68.8439
44.4428 -68.9806
44.3514 -68.9303
44.1316 -69.0828
44.0983 -69.0894
44.0689 -69.0636
43.938 -69.2486
43.9889 -69.2372
44.0267 -69.2203
43.9847 -69.3525
44.0703 -69.3406
44.043 -69.3978
43.8519 -69.4978
43.91 -69.5278
43.9483 -69.5597
43.9333 -69.5831
43.8525 -69.602
43.8761 -69.6722
44.035 -69.6069
44.0383 -69.6306
43.9128 -69.7489
43.8517 -69.6986
43.7803 -69.7259
43.7708 -69.7536
43.9967 -69.8
44.07 -69.7597
44.0511 -69.8075
44.0008 -69.8714
43.9725 -69.8492
43.9875 -69.8175
43.7511 -69.7753
43.7142 -69.8314
43.8544 -69.8703
43.8086 -69.8781
43.7403 -69.9789
43.8597 -69.9153
43.8058 -69.9681
43.7566 -69.9947
43.7753 -70.0072
43.8597 -69.9436
43.83 -70.0859
43.7192 -70.2272
43.6689 -70.2353
43.5808 -70.1895
43.5639 -70.3258
43.4997 -70.3667
43.4617 -70.3539
43.4092 -70.3758
43.3508 -70.5231
43.2736 -70.5831
43.1567 -70.6153
43.0839 -70.6675
43.1239 -70.7222
43.0583 -70.7511
43.0606 -70.7039
42.8217 -70.8606
42.7811 -70.7931
42.7114 -70.7631
42.6594 -70.7553
42.6308 -70.6692
42.6839 -70.6378
42.6628 -70.5803
42.5972 -70.6261
42.6136 -70.6586
42.5661 -70.7603
42.5419 -70.8686
42.5028 -70.8353
42.4464 -70.9564
42.3747 -70.9636
42.37 -71.0433
42.3014 -71.0372
42.2467 -70.8892
42.2655 -70.862
42.3041 -70.9047
42.2472 -70.7597
42.0144 -70.5878
42.0044 -70.6297
42.0539 -70.6395
42.0141 -70.6945
41.9544 -70.6178
41.9328 -70.5314
41.8158 -70.5353
41.7572 -70.4575
41.7089 -70.2936
41.79 -70.0217
41.8364 -69.9889
41.9339 -70.0258
41.8886 -70.0631
42.0086 -70.0864
42.058 -70.1281
42.0583 -70.1703
42.0228 -70.1842
42.0644 -70.2464
42.0886 -70.2328
42.0875 -70.1442
42.0286 -70.0395
41.8567 -69.9347
41.8278 -69.9363
41.6783 -69.9428
41.5867 -70.4575
41.5267 -70.6564
41.7211 -70.6481
41.7461 -70.7106
41.6469 -70.7656
41.6308 -70.8506
41.5867 -70.852
41.6391 -70.8997
41.523 -70.9856
41.4978 -71.0414
41.5422 -71.0939
41.4666 -71.1861
41.6322 -71.2072
41.795 -71.1114
41.6583 -71.2953
41.7108 -71.2953
41.8089 -71.3853
41.7406 -71.392
41.7128 -71.3645
41.6733 -71.3853
41.6928 -71.422
41.6708 -71.4264
41.5994 -71.4145
41.5178 -71.4245
41.3747 -71.4814
41.3294 -72.0453
41.3511 -72.0856
41.3053 -72.1097
41.2861 -72.3089
41.3633 -72.3742
41.3405 -72.3661
41.2842 -72.35
41.2497 -72.8781
41.3022 -72.9053
41.1667 -73.1044
41.0928 -73.3922
40.9311 -73.742
40.8233 -73.7995
40.8121 -73.9218
40.7304 -73.9918
40.7564 -73.9967
40.9436 -73.892
41.1511 -73.8722
41.3022 -73.9439
41.28 -73.9808
41.2155 -73.9703
41.1655 -73.9156
40.9594 -73.9042
40.6742 -74.0825
40.7153 -74.112
40.5748 -74.2815
40.5099 -74.2564
40.4747 -74.2692
40.4358 -74.1945
40.4467 -74.1217
40.3989 -73.9811
40.4008 -73.9567
40.1325 -74.015
40.0547 -74.045
39.9314 -74.1336
39.9192 -74.0919
39.7603 -74.1781
39.7089 -74.1489
39.5658 -74.317
39.5125 -74.2881
39.5519 -74.4053
39.4439 -74.3922
39.4583 -74.4303
39.3969 -74.4703
39.3936 -74.4311
39.3605 -74.4139
39.308 -74.5231
39.3625 -74.4845
39.338 -74.5495
39.3058 -74.5675
39.305 -74.6444
39.2833 -74.6281
39.2867 -74.5467
39.1158 -74.7383
39.0905 -74.7109
38.9383 -74.8764
38.923 -74.9489
38.9808 -74.9589
39.1319 -74.8839
39.1678 -74.8928
39.1917 -74.93
39.1811 -75.1356
39.3394 -75.3297
39.3761 -75.4131
39.4947 -75.5317
39.5589 -75.5108
39.618 -75.5575
39.795 -75.3336
39.8975 -75.1069
39.9431 -75.1203
39.9458 -75.1339
39.9047 -75.1361
39.7925 -75.4525
39.6061 -75.6039
39.5564 -75.5475
39.4753 -75.5783
39.255 -75.3989
39.08 -75.39
38.8167 -75.1886
38.7966 -75.0772
38.6694 -75.0711
38.6992 -75.0881
38.695 -75.14
38.6316 -75.0956
38.5667 -75.2047
38.6166 -75.0647
38.4522 -75.0414
38.4153 -75.06
38.4564 -75.0683
38.4414 -75.1147
38.4041 -75.0958
38.3792 -75.1308
38.3361 -75.0928
38.2378 -75.1583
38.2236 -75.1956
38.2605 -75.1906
38.1389 -75.2756
37.9311 -75.4283
37.5789 -75.6139
37.5639 -75.5917
37.4955 -75.6597
37.555 -75.7025
37.5272 -75.7389
37.5066 -75.6964
37.4794 -75.7833
37.2166 -75.8692
37.1755 -75.8614
37.1716 -75.8939
37.1525 -75.9619
37.2672 -76.0183
37.4928 -75.9564
37.6497 -75.882
37.7617 -75.772
37.7956 -75.7972
37.8394 -75.6642
37.9105 -75.695
37.9172 -75.7319
37.9497 -75.6361
37.9778 -75.6844
37.9717 -75.7825
37.9272 -75.8503
37.9533 -75.8822
38.048 -75.8056
38.0964 -75.7456
38.095 -75.7742
38.0836 -75.8458
38.1353 -75.8172
38.1522 -75.89
38.1217 -75.9275
38.153 -75.94
38.1967 -75.927
38.2261 -75.8217
38.2503 -75.8961
38.3806 -75.8492
38.27 -75.9525
38.3208 -75.9997
38.3333 -75.9606
38.3711 -75.9628
38.3142 -76.0333
38.2439 -76.022
38.2283 -76.0433
38.3864 -76.2089
38.3869 -76.2231
38.3147 -76.2128
38.4833 -76.3253
38.5008 -76.2919
38.4567 -76.2711
38.5644 -76.1664
38.5808 -76.2033
38.5497 -76.2631
38.5747 -76.287
38.6308 -76.165
38.5758 -76.057
38.5916 -75.9775
38.6486 -75.9567
38.6036 -76.0131
38.6292 -76.0925
38.6486 -76.1481
38.7214 -76.1647
38.6825 -76.1989
38.7186 -76.2264
38.7683 -76.2144
38.7214 -76.2681
38.7719 -76.2722
38.753 -76.3042
38.6847 -76.3103
38.6847 -76.3436
38.8183 -76.3011
38.8439 -76.257
38.7639 -76.1675
38.7908 -76.1078
38.7875 -76.1647
38.8375 -76.1764
38.895 -76.1522
38.9008 -76.1922
38.9633 -76.2169
38.9158 -76.3261
38.8778 -76.3103
38.8517 -76.3564
38.9583 -76.3422
39.0275 -76.3056
38.9822 -76.2353
39.0216 -76.15
39.0789 -76.1336
39.1428 -76.0622
39.1122 -76.1864
39.0378 -76.1961
39.0383 -76.2242
39.1508 -76.2614
39.3197 -76.1664
39.3675 -75.9847
39.3814 -75.8478
39.4136 -76.0125
39.4747 -75.9183
39.4569 -75.8436
39.5011 -75.8961
39.5578 -75.8383
39.5811 -75.8417
39.4692 -75.9878
39.4978 -75.9892
39.6017 -75.9364
39.5561 -76.0797
39.4897 -76.12
39.4617 -76.0594
39.3758 -76.1806
39.365 -76.2147
39.3966 -76.23
39.4666 -76.2147
39.4572 -76.2467
39.3789 -76.2681
39.3458 -76.2431
39.31 -76.282
39.3886 -76.3011
39.4036 -76.3381
39.3886 -76.3997
39.3642 -76.3336
39.3067 -76.3631
39.3256 -76.4167
39.3069 -76.4306
39.2569 -76.4142
39.3047 -76.4728
39.2586 -76.4517
39.2278 -76.3867
39.2122 -76.4703
39.2605 -76.5964
39.0761 -76.4333
39.0989 -76.515
39.0744 -76.4997
39.0414 -76.4103
39.0108 -76.3925
38.9894 -76.4522
39.0744 -76.5553
39.0378 -76.5533
38.9455 -76.447
38.9131 -76.4525
38.9628 -76.5283
38.9281 -76.5264
38.8855 -76.4964
38.8389 -76.5361
38.8433 -76.4872
38.8191 -76.4864
38.7328 -76.5395
38.6358 -76.5053
38.5311 -76.505
38.3894 -76.3822
38.3569 -76.3803
38.335 -76.4161
38.4836 -76.632
38.6753 -76.6772
38.4805 -76.6664
38.3955 -76.5819
38.3003 -76.3708
38.2436 -76.3933
38.153 -76.3175
38.0478 -76.3175
38.1133 -76.4161
38.1883 -76.4256
38.1772 -76.4508
38.1347 -76.4606
38.2097 -76.5681
38.2394 -76.63
38.2392 -76.7672
38.2897 -76.8072
38.3686 -76.8239
38.3919 -76.8828
38.2911 -76.8325
38.2697 -76.8522
38.3564 -76.9689
38.4808 -77.0225
38.4158 -77.0756
38.4186 -77.0964
38.3656 -77.1906
38.3983 -77.2447
38.5183 -77.2503
38.6964 -77.0594
38.7006 -77.0217
38.8847 -77.0336
38.7172 -77.0575
38.668 -77.1506
38.6272 -77.1925
38.6583 -77.1992
38.66 -77.227
38.4342 -77.3317
38.3614 -77.2833
38.3318 -77.2475
38.3992 -77.0236
38.3572 -76.9986
38.3172 -77.0464
38.2586 -76.9553
38.2042 -76.9492
38.0933 -76.5575
38.0622 -76.52
38.0208 -76.53
37.935 -76.2908
37.8861 -76.2283
37.8236 -76.2489
37.8506 -76.3214
37.6791 -76.317
37.6267 -76.3058
37.6458 -76.4131
37.703 -76.4689
37.6555 -76.4908
37.743 -76.5658
37.8097 -76.642
38.0022 -76.882
38.1055 -76.9609
38.1469 -77.0642
37.9039 -76.8114
37.6444 -76.5495
37.5683 -76.2881
37.5464 -76.3539
37.5342 -76.3989
37.488 -76.3078
37.5244 -76.2897
37.4953 -76.2453
37.4622 -76.2758
37.4297 -76.2367
37.313 -76.2636
37.41 -76.4122
37.3792 -76.4445
37.2908 -76.3714
37.2739 -76.3814
37.2683 -76.4794
37.4511 -76.7028
37.5294 -76.7772
37.5066 -76.7981
37.295 -76.5897
37.2261 -76.4575
37.2333 -76.3775
37.1675 -76.3781
37.1428 -76.297
37.0975 -76.3397
37.1055 -76.2756
37.0097 -76.2872
36.9661 -76.4125
37.2242 -76.6544
37.2436 -76.8325
37.3158 -76.8606
37.238 -76.9081
37.2447 -76.9386
37.3147 -76.9928
37.323 -77.2289
37.3433 -77.2469
37.3186 -77.2781
37.2858 -77.1767
37.2897 -77.005
37.2103 -76.9164
37.2025 -76.7936
37.1475 -76.7272
37.1914 -76.6761
37.0014 -76.5803
36.9611 -76.4803
36.863 -76.5231
36.8855 -76.4456
36.8905 -76.3442
36.8833 -76.3195
36.9453 -76.3158
36.9214 -76.1142
36.8914 -75.9764
36.5458 -75.8501
36.1644 -75.7319
35.79 -75.5231
35.8469 -75.5864
35.9775 -75.6622
36.0117 -75.7078
36.0325 -75.677
36.0572 -75.727
36.4189 -75.8414
36.7064 -75.9303
36.7144 -75.9525
36.5764 -75.9781
36.5389 -75.9597
36.5744 -75.9139
36.4886 -75.8994
36.5311 -75.9969
36.5205 -76.0389
36.3828 -75.9464
36.4289 -75.9306
36.0803 -75.7839
36.0691 -75.7914
36.1083 -75.852
36.3041 -75.9628
36.2025 -75.9611
36.1672 -75.9361
36.238 -76.0822
36.3189 -76.19
36.2936 -76.2247
36.1642 -76.0583
36.1261 -76.13
36.125 -76.18
36.2105 -76.2831
36.1617 -76.2517
36.1058 -76.1956
36.093 -76.2189
36.2033 -76.4586
36.1236 -76.3828
36.0889 -76.3297
36.0083 -76.4978
36.0144 -76.5911
36.1142 -76.7109
36.1886 -76.7247
36.2836 -76.6708
36.3178 -76.7289
36.28 -76.6986
36.2097 -76.757
36.0658 -76.7325
36.0039 -76.6847
35.9392 -76.7297
35.93 -76.3156
35.9947 -76.1808
35.9919 -76.0711
35.9583 -76.0236
35.9247 -76.0695
35.9267 -76.0197
35.835 -76.0597
35.783 -76.0536
35.6853 -76.0392
35.6972 -76.1387
35.6592 -76.1006
35.6497 -76.0311
35.7703 -75.9889
35.8867 -75.9864
35.9222 -75.9344
35.9219 -75.8381
35.9711 -75.8547
35.9272 -75.7917
35.8183 -75.7217
35.6903 -75.7211
35.7003 -75.7692
35.58 -75.7828
35.583 -75.8542
35.6314 -75.8842
35.4169 -76.0258
35.4378 -76.062
35.3386 -76.1439
35.3506 -76.2872
35.4122 -76.3553
35.3383 -76.3547
35.3666 -76.4208
35.3714 -76.3783
35.4553 -76.4008
35.438 -76.4228
35.3722 -76.4586
35.4041 -76.5228
35.5078 -76.5733
35.5336 -76.4792
35.5192 -76.6442
35.4411 -76.5947
35.393 -76.5817
35.3989 -76.6353
35.43 -76.6986
35.463 -76.9203
35.5303 -77.0511
35.4375 -76.9783
35.4272 -76.8681
35.3047 -76.5336
35.2758 -76.4719
35.2222 -76.4883
35.2367 -76.5617
35.188 -76.62
35.1689 -76.672
35.1689 -76.5675
35.1439 -76.5514
35.0466 -76.65
34.9819 -76.7783
34.9916 -76.8506
35.153 -77.0642
35.1255 -77.0495
34.9803 -76.9478
34.9053 -76.7531
34.9822 -76.6367
34.9255 -76.5453
34.9814 -76.57
35.0047 -76.5333
34.9705 -76.4858
35.0678 -76.4644
35.0619 -76.4425
34.9819 -76.422
34.9553 -76.4669
34.9339 -76.4586
34.968 -76.3275
35.0233 -76.3533
34.97 -76.2758
34.9336 -76.2961
34.9361 -76.3386
34.8905 -76.3333
34.773 -76.4997
34.7364 -76.4989
34.7289 -76.5695
34.8153 -76.6061
34.7105 -76.6233
34.7528 -76.6583
34.7994 -76.6844
34.75 -76.7595
34.7594 -76.7256
34.723 -76.6994
34.6753 -77.0922
34.7239 -77.1245
34.6822 -77.1342
34.5575 -77.3142
34.585 -77.3942
34.6397 -77.33
34.7513 -77.4332
34.6367 -77.3739
34.6119 -77.3908
34.6189 -77.4406
34.5928 -77.4406
34.5236 -77.3706
34.398 -77.6367
34.1791 -77.8445
33.9975 -77.9508
33.8919 -78.0136
33.8953 -78.4664
33.7617 -78.7753
33.5731 -78.9969
33.4119 -79.14
33.215 -79.1825
33.3108 -79.2694
33.4347 -79.1875
33.3733 -79.2714
33.2803 -79.2939
33.1742 -79.1886
33.1511 -79.342
33.1264 -79.2895
33.0647 -79.3617
33.0078 -79.3864
33.0355 -79.5261
32.9961 -79.5945
32.9183 -79.6136
32.8003 -79.737
32.7578 -79.8497
32.7905 -79.9003
32.8486 -79.9242
32.7919 -79.9706
32.7286 -79.8856
32.705 -79.8703
32.6433 -79.9506
32.6389 -80.0247
32.6183 -79.9878
32.5583 -80.1678
32.5325 -80.2428
32.4803 -80.3264
32.5269 -80.3617
32.4786 -80.3842
32.5017 -80.485
32.5572 -80.5436
32.5167 -80.5339
32.4989 -80.6783
32.4903 -80.5194
32.4642 -80.5092
32.4225 -80.4556
32.3792 -80.4672
32.4058 -80.4283
32.3233 -80.4595
32.2564 -80.6317
32.3411 -80.6414
32.3883 -80.6645
32.4533 -80.6481
32.4261 -80.6764
32.3053 -80.6634
32.3169 -80.7069
32.4567 -80.797
32.4922 -80.7772
32.5389 -80.8378
32.5069 -80.8336
32.2969 -80.7734
32.2283 -80.6717
32.1583 -80.7189
32.1019 -80.8197
32.2164 -80.7878
32.0555 -80.8947
32.0197 -80.8575
31.9764 -80.8528
31.9497 -80.9047
31.9753 -80.9403
31.9292 -80.9667
31.9044 -80.9256
31.8592 -80.9828
31.8697 -81.1228
31.8072 -81.0475
31.7286 -81.1219
31.7711 -81.2686
31.7414 -81.2428
31.7039 -81.1895
31.6622 -81.2356
31.6986 -81.1295
31.6086 -81.1381
31.563 -81.1697
31.6236 -81.1981
31.5647 -81.2247
31.5589 -81.3222
31.5275 -81.2972
31.4908 -81.2911
31.5389 -81.1844
31.4828 -81.1989
31.3842 -81.2672
31.4367 -81.3297
31.3792 -81.3036
31.3419 -81.2739
31.323 -81.2897
31.3623 -81.4909
31.2836 -81.2803
31.2597 -81.2672
31.1389 -81.3853
31.1444 -81.4217
31.2055 -81.4083
31.2089 -81.4447
31.1255 -81.4969
31.0725 -81.4347
31.1136 -81.4019
31.0242 -81.4217
31.0925 -81.507
31.0142 -81.4486
30.9789 -81.5172
30.9655 -81.4547
30.8181 -81.5153
30.7103 -81.5061
30.6967 -81.4386
30.5292 -81.4358
30.55 -81.4642
30.6142 -81.4753
30.6153 -81.4953
30.5511 -81.5033
30.4694 -81.4139
30.0283 -81.3183
29.6094 -81.1822
29.1953 -80.9811
28.8403 -80.7619
28.5342 -80.5572
28.4567 -80.5297
28.4022 -80.5972
28.1586 -80.5609
27.8644 -80.4475
28.0872 -80.5814
28.3058 -80.6203
28.5401 -80.6165
28.5862 -80.6375
28.6003 -80.745
28.6406 -80.7847
28.7153 -80.7428
28.7883 -80.84
28.4256 -80.7592
28.0344 -80.5767
27.6322 -80.3719
27.2253 -80.2178
27.2094 -80.2608
27.0681 -80.1175
26.9492 -80.0736
26.5794 -80.0322
26.1128 -80.1067
25.9019 -80.1289
25.8517 -80.1764
25.745 -80.19
25.6194 -80.3033
25.4033 -80.3381
25.3717 -80.3156
25.2411 -80.4261
25.1857 -80.3993
25.2155 -80.4733
25.1983 -80.5011
25.2414 -80.5589
25.1355 -80.7169
25.1794 -80.8578
25.1155 -81.0881
25.2286 -81.1764
25.3292 -81.1325
25.2111 -81.0033
25.2119 -80.9467
25.2314 -80.9186
25.3169 -80.9772
25.3783 -81.1375
25.6958 -81.2753
25.7461 -81.3486
25.7761 -81.3222
25.8367 -81.3789
25.9425 -81.6219
25.9017 -81.7222
25.9594 -81.737
25.9397 -81.6886
25.9761 -81.6645
25.975 -81.7128
26.1131 -81.8053
26.4469 -81.8818
26.4769 -82.0097
26.5178 -81.9606
26.5655 -81.9031
26.6751 -81.8383
26.6272 -81.9164
26.5422 -81.9467
26.54 -82.0594
26.8972 -82.0981
26.9575 -82.0597
26.9208 -82.1539
26.9997 -82.2647
26.8833 -82.1683
26.8144 -82.1611
26.8283 -82.2886
27.0939 -82.4586
27.3794 -82.5672
27.4531 -82.6625
27.4458 -82.6914
27.5267 -82.7328
27.5133 -82.6689
27.5244 -82.5936
27.6406 -82.5475
27.8097 -82.3922
27.9128 -82.4203
27.9331 -82.4492
27.9033 -82.4847
27.82 -82.4786
27.8258 -82.5306
27.9331 -82.5322
28.0322 -82.6878
27.9692 -82.6911
27.928 -82.7192
27.8864 -82.5611
27.7194 -82.6844
27.8011 -82.805
27.8614 -82.8556
28.1053 -82.7692
28.1817 -82.7947
28.3603 -82.7042
28.5772 -82.6408
28.885 -82.6314
28.9425 -82.7167
29.1708 -82.8003
29.1644 -83.0053
29.2064 -83.0681
29.2594 -83.0764
29.3011 -83.1542
29.4156 -83.2167
29.5208 -83.3947
29.6503 -83.3961
29.7581 -83.5764
29.8694 -83.6261
30.0069 -83.8558
30.0917 -84.1122
30.0708 -84.3295
29.9953 -84.3739
29.9792 -84.4164
29.9539 -84.3761
29.9403 -84.3339
29.8964 -84.3439
29.9153 -84.5092
29.7258 -84.8775
29.768 -84.8708
29.8036 -84.8658
29.7044 -85.0145
29.7 -85.2025
29.6767 -85.3542
29.7517 -85.4006
29.8472 -85.412
29.6933 -85.3595
29.695 -85.3142
29.8028 -85.3047
29.9289 -85.3997
30.09 -85.6336
30.1328 -85.657
30.0153 -85.4522
30.0378 -85.3939
30.0708 -85.4281
30.035 -85.46
30.0483 -85.4825
30.1361 -85.495
30.1403 -85.6417
30.1869 -85.7211
30.28 -85.6097
30.2806 -85.737
30.2911 -85.8333
30.25 -85.8481
30.2267 -85.8336
30.2408 -85.7625
30.1303 -85.7228
30.3394 -86.2061
30.3944 -86.3547
30.4331 -86.2492
30.375 -86.1081
30.4217 -86.1203
30.495 -86.257
30.4575 -86.4106
30.4997 -86.4281
30.5119 -86.4531
30.5208 -86.4864
30.4769 -86.485
30.4158 -86.5914
30.3592 -87.1683
30.393 -87.1219
30.4358 -86.8925
30.4597 -86.9064
30.5039 -87.0106
30.5458 -86.9956
30.5847 -86.9969
30.5442 -87.04
30.4508 -87.0717
30.4508 -87.0992
30.5214 -87.0997
30.5794 -87.1583
30.5786 -87.1814
30.4833 -87.1533
30.4139 -87.2045
30.3214 -87.3067
30.3044 -87.485
30.3339 -87.4222
30.395 -87.4106
30.4292 -87.3417
30.4561 -87.3533
30.4814 -87.4214
30.4442 -87.3942
30.3269 -87.5172
30.3147 -87.58
30.2794 -87.5689
30.2322 -87.8439
30.2608 -87.7833
30.28 -87.7572
30.4105 -87.8253
30.3767 -87.8497
30.4103 -87.9103
30.4839 -87.9425
30.5786 -87.9106
30.6767 -87.9675
30.6944 -88.0353
30.3183 -88.13
30.4036 -88.3383
30.3858 -88.4061
30.3228 -88.4492
30.3478 -88.5628
30.3925 -88.5939
30.348 -88.6842
30.3722 -88.7781
30.4044 -88.8572
30.3175 -89.2511
30.3725 -89.2989
30.3614 -89.3475
30.2997 -89.3247
30.2175 -89.4306
30.1836 -89.4886
30.1764 -89.7103
30.2642 -89.947
30.3569 -90.0578
30.3892 -90.1992
30.3027 -90.3039
30.1983 -90.42
30.1297 -90.4267
30.07 -90.3661
30.0317 -90.07
30.0594 -89.9736
30.1544 -89.8597
30.0919 -89.7936
30.1136 -89.7525
30.153 -89.6597
30.0764 -89.6811
30.0342 -89.8267
30.0089 -89.8439
29.945 -89.8195
29.9569 -89.7097
29.9256 -89.7294
29.8828 -89.6922
29.8728 -89.6239
29.9558 -89.5683
29.9956 -89.5717
30.0764 -89.4797
30.0522 -89.3653
30.0269 -89.3944
30.0167 -89.4386
29.9647 -89.4442
29.9711 -89.3758
29.9333 -89.3722
29.9033 -89.4167
29.9128 -89.3658
29.8553 -89.3442
29.8267 -89.3761
29.79 -89.3475
29.7861 -89.422
29.8325 -89.4708
29.7314 -89.5981
29.6897 -89.5975
29.6614 -89.5108
29.6633 -89.6108
29.7061 -89.6967
29.6189 -89.6158
29.6005 -89.727
29.4958 -89.6064
29.4653 -89.5203
29.3978 -89.5453
29.3539 -89.28
29.3106 -89.2495
29.3192 -89.1745
29.2572 -89.1117
29.2131 -89.0989
29.1808 -89.0117
29.1625 -89.0495
29.0897 -89.0514
29.0461 -89.145
28.9844 -89.1328
29.1039 -89.2386
28.9269 -89.4103
29.1275 -89.2953
29.0847 -89.3592
29.0964 -89.3994
29.2539 -89.4606
29.2536 -89.5058
29.2472 -89.5992
29.2958 -89.6361
29.3294 -89.6186
29.3194 -89.8114
29.3547 -89.7533
29.4133 -89.7714
29.4264 -89.8295
29.4689 -89.8133
29.4597 -89.9503
29.5725 -90.1783
29.5347 -90.202
29.4694 -90.1378
29.4608 -90.0592
29.4253 -90.0258
29.4017 -90.0553
29.2978 -90.0172
29.2842 -90.0939
29.2211 -90.0831
29.1656 -90.0878
29.0905 -90.237
29.2522 -90.2975
29.3092 -90.3453
29.2422 -90.3928
29.3519 -90.4245
29.2914 -90.5192
29.3064 -90.5978
29.14 -90.6389
29.163 -90.6583
29.1108 -90.7497
29.1292 -90.8036
29.1619 -90.7744
29.1364 -90.8869
29.2189 -90.9969
29.2269 -91.1947
29.2528 -91.2731
29.3344 -91.3378
29.3136 -91.3175
29.378 -91.2278
29.3208 -91.1953
29.335 -91.1642
29.2505 -91.1544
29.2608 -91.1181
29.3303 -91.1158
29.4528 -91.2617
29.5392 -91.2545
29.5683 -91.2156
29.6028 -91.2225
29.6114 -91.2522
29.5094 -91.2817
29.4833 -91.2989
29.5578 -91.4172
29.5289 -91.5453
29.6355 -91.5583
29.6319 -91.6442
29.7325 -91.6256
29.7505 -91.7531
29.7106 -91.8556
29.7608 -91.88
29.8019 -91.8589
29.8286 -91.8467
29.7908 -92.0231
29.7619 -92.1975
29.69 -92.1725
29.7106 -92.1078
29.6792 -92.14
29.6206 -92.1003
29.6369 -92.0328
29.5869 -92.0556
29.5719 -92.5342
29.6439 -92.8136
29.7581 -93.0997
29.7867 -93.2931
29.7044 -93.8325
29.7458 -93.8866
29.8067 -93.9017
29.8833 -93.7842
29.9675 -93.7631
29.9944 -93.7878
29.9831 -93.8558
29.8197 -93.9589
29.6905 -93.8539
29.6744 -93.9022
29.6792 -94.0367
29.4853 -94.5517
29.4328 -94.727
29.5286 -94.575
29.5167 -94.5031
29.5614 -94.4759
29.5497 -94.7833
29.6253 -94.7247
29.7505 -94.7086
29.7878 -94.7536
29.7525 -94.8375
29.6742 -94.88
29.6569 -94.9267
29.7172 -95.0408
29.5969 -94.9839
29.5561 -95.0211
29.5228 -95.0031
29.5025 -94.9211
29.4247 -94.9486
29.3725 -94.8236
29.3731 -94.8922
29.3144 -94.9028
29.2505 -95.0119
29.1805 -95.0894
29.2067 -95.1661
29.0614 -95.1406
28.8305 -95.4889
28.7344 -95.7153
28.6958 -95.9253
28.6319 -95.9547
28.6306 -95.9164
28.6053 -95.9942
28.6364 -95.9806
28.6467 -96.0167
28.6019 -96.1861
28.6922 -96.1856
28.6861 -96.265
28.6275 -96.3497
28.7603 -96.4386
28.708 -96.4286
28.6233 -96.37
28.5994 -96.4361
28.6344 -96.4486
28.6422 -96.5444
28.7144 -96.5803
28.7228 -96.6497
28.5653 -96.5978
28.5533 -96.52
28.5094 -96.4903
28.4861 -96.5514
28.4653 -96.5272
28.4936 -96.4847
28.4606 -96.4089
28.4361 -96.3984
28.3161 -96.6508
28.3319 -96.6975
28.4739 -96.787
28.475 -96.7997
28.4086 -96.7631
28.3964 -96.7772
28.423 -96.8378
28.4019 -96.8445
28.3461 -96.7814
28.2339 -96.7803
28.1403 -96.8828
28.1542 -96.9344
28.2533 -96.9064
28.2181 -96.9536
28.1317 -96.965
28.1367 -97.0214
28.1878 -97.0006
28.1742 -97.0594
28.0872 -97.2086
28.0028 -97.1489
28.1136 -97.0372
28.0394 -97.0228
27.8283 -97.2167
27.8733 -97.2472
27.878 -97.4928
27.845 -97.4972
27.8286 -97.4156
27.72 -97.3256
27.7017 -97.2547
27.3236 -97.4245
27.2761 -97.5175
27.2989 -97.515
27.3375 -97.4567
27.3964 -97.4881
27.2961 -97.6028
27.3486 -97.6572
27.4636 -97.7642
27.3219 -97.7119
27.3155 -97.6675
27.2942 -97.6722
27.2547 -97.6395
27.2344 -97.5353
27.27 -97.4339
27.1858 -97.4442
27.0192 -97.4742
27.0086 -97.5556
26.9511 -97.5606
26.8772 -97.4811
26.8711 -97.5167
26.8997 -97.5444
26.848 -97.5614
26.77 -97.4881
26.5106 -97.4178
26.4544 -97.4467
26.4081 -97.447
26.3869 -97.4042
26.3472 -97.3439
26.2825 -97.3583
26.2556 -97.3145
26.1614 -97.3175
26.1036 -97.2931
26.0878 -97.2142
26.0244 -97.2667
25.9847 -97.2531
26.0092 -97.1881
26.0772 -97.1675
25.9647 -97.1368
25.9125 -97.3519
25.8586 -97.3439
25.8394 -97.3675
25.8858 -97.4797
26.0078 -97.6197
26.0275 -97.7133
26.0644 -97.7886
26.0383 -98.0667
26.0697 -98.0833
26.0592 -98.1475
26.1064 -98.3003
26.2394 -98.5239
26.3928 -98.9322
26.3867 -99.0056
26.4225 -99.1067
26.4953 -99.0897
26.5636 -99.1725
26.8614 -99.2711
26.8817 -99.3492
27.0039 -99.3808
27.0469 -99.4586
27.2536 -99.4408
27.2828 -99.4839
27.5658 -99.5031
27.6108 -99.5442
27.6617 -99.7072
27.7214 -99.745
27.7753 -99.8356
27.9064 -99.8819
27.9994 -99.9947
28.0686 -100.013
28.2089 -100.197
28.4056 -100.332
28.5092 -100.327
28.6169 -100.44
28.7403 -100.496
28.8397 -100.566
29.1133 -100.668
29.1744 -100.766
29.233 -100.775
29.3886 -101.018
29.453 -101.034
29.4919 -101.142
29.6161 -101.235
29.5764 -101.302
29.6311 -101.306
29.6605 -101.356
29.7728 -101.405
29.7642 -101.531
29.8147 -101.542
29.7733 -101.576
29.7958 -101.834
29.8833 -102.315
29.7697 -102.385
29.7428 -102.67
29.5928 -102.761
29.3967 -102.82
29.3405 -102.886
29.2242 -102.863
29.2161 -102.904
29.0986 -103.035
29.0911 -103.077
29.0033 -103.11
28.9814 -103.154
29.0364 -103.401
29.1492 -103.543
29.1583 -103.636
29.2247 -103.761
29.3136 -103.999
29.5881 -104.442
29.9456 -104.68
30.1875 -104.682
30.3497 -104.811
30.5022 -104.867
30.7497 -105.125
30.7997 -105.267
30.9542 -105.497
31.2919 -105.871
31.4753 -106.214
31.6894 -106.336
31.7806 -106.52
31.7833 -108.209
31.333 -108.208
31.333 -111.046
31.9142 -112.87
32.5039 -114.809
32.7183 -114.719
32.6866 -115.162
32.5368 -117.124
32.6878 -117.213
32.6722 -117.172
32.6211 -117.152
32.6147 -117.115
32.67 -117.132
32.7281 -117.2
32.7128 -117.232
32.6592 -117.246
32.6894 -117.268
32.9993 -117.28
33.2311 -117.401
33.4561 -117.648
33.7561 -118.106
33.7847 -118.219
33.7658 -118.27
33.7247 -118.27
33.7172 -118.305
33.7494 -118.4
33.7786 -118.421
33.8319 -118.385
33.935 -118.43
34.0383 -118.517
34.0497 -118.647
34.0114 -118.801
34.1605 -119.214
34.3069 -119.342
34.4142 -119.542
34.4233 -119.655
34.3944 -119.71
34.4789 -120.123
34.4536 -120.447
34.5264 -120.49
34.5594 -120.609
34.6236 -120.628
34.6986 -120.591
34.9303 -120.656
35.0564 -120.604
35.1311 -120.612
35.1808 -120.704
35.1644 -120.743
35.2214 -120.851
35.2603 -120.87
35.3553 -120.841
35.4192 -120.85
35.5211 -121.044
35.6208 -121.113
35.7267 -121.291
35.8542 -121.387
35.9364 -121.445
36.0033 -121.478
36.0483 -121.567
36.1669 -121.648
36.2978 -121.852
36.5236 -121.923
36.5405 -121.893
36.58 -121.947
36.6394 -121.909
36.613 -121.855
36.6417 -121.813
36.7305 -121.745
36.7592 -121.775
36.8219 -121.758
36.9544 -121.854
36.9811 -121.908
36.953 -122.034
37.0141 -122.175
37.1955 -122.377
37.2489 -122.395
37.3355 -122.372
37.4775 -122.422
37.5136 -122.486
37.7789 -122.488
37.808 -122.456
37.8153 -122.38
37.7341 -122.335
37.6747 -122.363
37.6133 -122.357
37.4794 -122.03
37.7406 -122.227
37.7958 -122.302
37.8917 -122.293
37.9528 -122.391
38.0172 -122.346
38.0655 -122.024
38.0317 -121.686
38.0623 -121.647
38.0752 -121.575
38.0033 -121.429
38.0372 -121.449
38.1119 -121.556
38.1036 -121.654
38.0642 -121.676
38.0646 -121.727
38.065 -121.762
38.0841 -121.839
38.0858 -121.931
38.1006 -121.982
38.1422 -121.961
38.1528 -121.998
38.0828 -122.119
38.1689 -122.383
38.1294 -122.404
38.1186 -122.481
37.8467 -122.448
37.8289 -122.476
37.9122 -122.637
37.9017 -122.679
38.0853 -122.909
37.9989 -122.949
38.0233 -122.981
38.1439 -122.927
38.24 -122.966
38.3319 -123.022
38.3075 -123.034
38.4528 -123.099
38.6444 -123.38
38.9325 -123.704
38.9686 -123.715
39.0192 -123.667
39.353 -123.796
39.488 -123.777
39.5531 -123.736
39.8286 -123.822
40.1597 -124.176
40.258 -124.325
40.5158 -124.354
40.7219 -124.243
40.6953 -124.212
40.7983 -124.161
40.8386 -124.069
40.8583 -124.065
40.8614 -124.125
40.7742 -124.2
40.9919 -124.099
41.1428 -124.14
41.3944 -124.046
41.6081 -124.087
41.743 -124.141
41.7928 -124.24
41.853 -124.195
41.9872 -124.183
42.0544 -124.25
42.1019 -124.324
42.3408 -124.429
42.6289 -124.382
42.7472 -124.464
42.8458 -124.545
43.1719 -124.393
43.3525 -124.362
43.3605 -124.316
43.2989 -124.306
43.3528 -124.27
43.4133 -124.254
43.4303 -124.215
43.3858 -124.201
43.3636 -124.147
43.4356 -124.18
43.4783 -124.181
43.7172 -124.062
43.7572 -124.119
43.6969 -124.168
43.7086 -124.18
44.228 -124.095
44.4247 -124.068
44.6067 -124.056
44.6172 -124.015
44.6872 -124.056
44.9203 -123.997
45.0614 -123.994
45.285 -123.927
45.4158 -123.946
45.3964 -123.919
45.4203 -123.904
45.4742 -123.954
45.5208 -123.944
45.4858 -123.869
45.5264 -123.869
45.5919 -123.931
45.6919 -123.896
45.7761 -123.975
45.8822 -123.937
45.9567 -123.975
45.9919 -123.918
46.0597 -123.911
46.23 -123.97
46.1883 -123.823
46.2233 -123.759
46.1894 -123.719
46.2194 -123.561
46.2503 -123.506
46.2194 -123.434
46.175 -123.399
46.1444 -123.259
46.1953 -123.164
46.1706 -123.267
46.2228 -123.372
46.2803 -123.415
46.2978 -123.779
46.26 -123.853
46.2867 -124.032
46.2869 -124.071
46.5005 -124.038
46.6386 -124.033
46.3978 -123.99
46.3911 -123.942
46.4569 -123.909
46.4144 -123.832
46.4358 -123.832
46.4922 -123.921
46.555 -123.88
46.6578 -123.917
46.6975 -123.894
46.7164 -123.833
46.7252 -123.836
46.7447 -123.956
46.7339 -124.046
46.7464 -124.077
46.8958 -124.087
46.85 -124.017
46.8914 -124.041
46.9761 -123.797
46.9886 -123.967
47.06 -124.044
47.0619 -124.107
47.0394 -124.135
46.9764 -124.109
46.9389 -124.155
47.305 -124.221
47.3711 -124.301
47.7481 -124.398
47.9222 -124.617
48.1608 -124.713
48.2755 -124.664
48.3364 -124.651
48.4015 -124.711
48.3797 -124.566
48.1931 -124.04
48.1322 -123.298
48.1347 -123.223
48.1614 -123.15
48.1503 -123.087
48.0486 -123.001
48.0853 -122.996
48.1114 -122.977
48.0703 -122.863
48.008 -122.862
48.0225 -122.827
48.0564 -122.817
48.1008 -122.872
48.1375 -122.844
48.1625 -122.759
48.1353 -122.74
48.1083 -122.781
47.8994 -122.604
47.8247 -122.716
47.7094 -122.763
47.6969 -122.804
47.8547 -122.793
47.8364 -122.85
47.7111 -122.872
47.4694 -123.104
47.3747 -123.148
47.3572 -123.123
47.4039 -122.905
47.4433 -122.832
47.4544 -122.831
47.3905 -123.096
47.4431 -123.084
47.6316 -122.909
47.6772 -122.75
47.7556 -122.725
47.8561 -122.616
47.8341 -122.556
47.9264 -122.572
47.9311 -122.526
47.8233 -122.477
47.7744 -122.455
47.75 -122.481
47.7636 -122.54
47.713 -122.57
47.7467 -122.646
47.62 -122.584
47.5995 -122.588
47.6636 -122.67
47.625 -122.68
47.5875 -122.62
47.5433 -122.667
47.6028 -122.542
47.5278 -122.488
47.3514 -122.571
47.2978 -122.541
47.2775 -122.563
47.3106 -122.674
47.3978 -122.613
47.3775 -122.676
47.3 -122.746
47.2183 -122.728
47.1883 -122.744
47.2178 -122.787
47.2733 -122.812
47.3617 -122.766
47.4139 -122.794
47.2058 -122.939
47.1228 -123.062
47.1241 -123.026
47.1925 -122.924
47.1233 -122.951
47.095 -122.914
47.0642 -122.879
47.1561 -122.888
47.1455 -122.832
47.1844 -122.807
47.1042 -122.711
47.2339 -122.557
47.3305 -122.523
47.2764 -122.42
47.2942 -122.386
47.3197 -122.42
47.37 -122.313
47.5925 -122.399
47.5936 -122.35
47.6105 -122.326
47.6722 -122.418
47.7289 -122.35
47.8172 -122.377
47.9605 -122.289
48.0096 -122.184
48.0878 -122.339
48.2083 -122.368
48.2278 -122.442
48.1672 -122.472
48.0575 -122.349
48.0711 -122.394
48.1653 -122.521
48.223 -122.529
48.25 -122.501
48.2278 -122.391
48.2917 -122.379
48.368 -122.497
48.4083 -122.564
48.4291 -122.588
48.4019 -122.632
48.4161 -122.678
48.4947 -122.702
48.5108 -122.616
48.4547 -122.586
48.4886 -122.569
48.4492 -122.497
48.4678 -122.475
48.5505 -122.507
48.5667 -122.442
48.603 -122.44
48.6933 -122.524
48.7364 -122.496
48.7742 -122.556
48.7136 -122.652
48.8228 -122.699
48.8666 -122.767
48.9344 -122.764
48.9328 -122.81
48.963 -122.78
48.9572 -122.732
48.9987 -122.757
48.9997 -120.068
48.9994 -116.801
48.9994 -113.534
48.9997 -110.268
49 -107.001
48.9994 -103.735
49 -100.469
48.9997 -97.2025
48.9994 -95.2771
48.9994 -95.1542
49.1807 -95.1535
49.3767 -95.1528
49.3609 -95.0691
49.3161 -94.8317
48.8997 -94.7006
48.8627 -94.705
48.8615 -94.7048
48.7747 -94.6903
48.6955 -94.4928
48.7025 -94.2789
48.6711 -94.2511
48.6303 -93.8856
48.5178 -93.7933
48.5161 -93.6506
48.5597 -93.4545
48.595 -93.4567
48.6086 -93.3617
48.6097 -93.3576
48.6405 -93.245
48.5322 -92.6261
48.498 -92.6203
48.4825 -92.7025
48.445 -92.6906
48.4467 -92.4986
48.3522 -92.4389
48.2336 -92.3639
48.2467 -92.2903
48.305 -92.3006
48.3453 -92.2611
48.3539 -92.0519
48.2358 -91.9564
48.1905 -91.7344
48.1005 -91.6967
48.0465 -91.4407
48.1897 -91.0372
48.2372 -90.8819
48.2086 -90.8381
48.1075 -90.7786
48.0908 -90.7408
48.0972 -90.39
48.1225 -90.1564
48.1083 -90.0653
48.0228 -89.9931
47.9892 -89.9042
48.0155 -89.6744
48.0041 -89.5893
48.0033 -89.5833
47.9797 -89.3567
48.2575 -88.6886
48.3122 -88.3681
47.9558 -87.4447
47.5933 -86.5317
47.2253 -85.6289
46.9053 -84.8636
46.653 -84.7753
46.4664 -84.5653
46.4603 -84.48
46.4864 -84.4351
46.5353 -84.142
46.518 -84.1183
46.425 -84.1603
46.2328 -84.0994
46.0717 -83.9589
46.1239 -83.7122
46.1191 -83.6105
46.0119 -83.448
45.827 -83.5977
45.443 -82.735
45.3558 -82.5433
44.6428 -82.3747
43.9303 -82.2094
43.5853 -82.1303
43.0193 -82.418
43.0141 -82.4206
42.9647 -82.4133
42.8294 -82.4811
42.7517 -82.4747
42.6189 -82.5214
42.5586 -82.5864
42.5554 -82.6459
42.5551 -82.6507
42.365 -82.923
42.3112 -83.0484
42.3012 -83.0733
42.2922 -83.0878
42.2812 -83.0983
42.2513 -83.1132
42.1123 -83.138
42.0461 -83.1686
41.8597 -83.072
41.6839 -82.6967
41.6755 -82.4253
42.1805 -81.3464
42.225 -81.2492
42.3686 -80.2672
42.3964 -80.0972
42.8116 -79.0095
42.8525 -78.9425
42.9162 -78.9171
42.9741 -78.9799
43.0222 -79.0051
43.0561 -79.0314
43.0841 -79.0534
43.0997 -79.0656
43.2708 -79.0617
43.2723 -79.0626
43.4655 -79.1847
43.638 -78.7025
43.6389 -77.74
43.6461 -76.7933
44.1047 -76.4347
180.0 180.0
57.008 -134.607
57.2094 -134.636
57.225 -134.624
57.213 -134.526
57.2364 -134.521
57.2556 -134.579
57.2758 -134.577
57.3125 -134.452
57.3408 -134.555
57.3917 -134.556
57.3283 -134.331
57.35 -134.337
57.375 -134.34
57.4311 -134.51
57.4897 -134.572
57.5355 -134.361
57.5492 -134.378
57.5061 -134.563
57.5983 -134.654
58.0442 -134.804
58.1761 -134.726
58.1853 -134.744
58.1055 -134.779
58.2053 -134.913
58.2544 -134.88
58.2539 -134.927
58.3642 -134.972
58.4078 -134.957
58.3628 -134.872
58.1872 -134.697
58.1628 -134.686
58.1639 -134.202
58.1597 -134.169
58.1228 -134.161
58.0836 -134.178
57.9361 -134.004
57.6103 -133.84
57.743 -133.989
57.8053 -134.008
57.8503 -134.095
57.963 -134.148
58.0953 -134.303
58.0283 -134.262
57.9694 -134.224
57.9928 -134.312
57.8317 -134.289
57.8589 -134.237
57.6836 -134.044
57.6494 -134.079
57.6283 -133.949
57.4605 -133.84
57.4711 -134.09
57.408 -133.995
57.4333 -133.911
57.3764 -133.863
57.3483 -133.867
57.3011 -133.946
57.385 -134.167
57.3003 -134.143
57.2755 -134.077
57.2469 -134.095
57.2605 -134.129
57.2025 -134.148
57.008 -134.607
180.0 180.0
57.9983 -152.772
58.0072 -152.895
58.0497 -153.033
58.1105 -153.055
58.1022 -153.149
58.1631 -153.23
58.1961 -153.219
58.2166 -153.181
58.1653 -152.905
58.2589 -153.103
58.3019 -153.048
58.2566 -152.765
58.3297 -152.759
58.3664 -152.767
58.3975 -152.877
58.4553 -152.727
58.4225 -152.692
58.4772 -152.658
58.4628 -152.497
58.4136 -152.526
58.4053 -152.468
58.3519 -152.475
58.3753 -152.43
58.3158 -152.399
58.4242 -152.302
58.3878 -152.243
58.3533 -152.221
58.3603 -152.091
58.2625 -152.148
58.2328 -152.13
58.3033 -152.1
58.315 -152.069
58.2753 -152.064
58.3475 -151.995
58.328 -151.967
58.2331 -151.973
58.1564 -152.08
58.1744 -152.192
58.2631 -152.27
58.2197 -152.327
58.1575 -152.33
58.1278 -152.274
58.0853 -152.543
58.1817 -152.56
58.1569 -152.601
58.0786 -152.626
58.0528 -152.752
57.9983 -152.772
180.0 180.0
60.243 -146.585
60.2678 -146.667
60.2878 -146.678
60.3639 -146.485
60.3736 -146.592
60.3358 -146.639
60.3589 -146.716
60.4022 -146.709
60.4736 -146.615
60.4772 -146.386
60.4253 -146.357
60.4072 -146.34
60.4356 -146.155
60.4167 -146.136
60.3928 -146.097
60.243 -146.585
180.0 180.0
60.3028 -172.28
60.3394 -172.344
60.325 -172.599
60.4944 -173.048
60.5603 -173.033
60.5855 -172.914
60.5586 -172.928
60.4958 -172.864
60.3983 -172.586
60.3961 -172.397
60.3172 -172.209
60.3028 -172.28
180.0 180.0
59.7544 -166.193
59.8225 -166.285
59.8922 -166.747
60.0153 -167.069
59.9958 -167.115
60.0717 -167.316
60.1275 -167.329
60.2075 -167.451
60.2242 -166.955
60.2047 -166.839
60.238 -166.792
60.2803 -166.808
60.3244 -166.68
60.3108 -166.583
60.3844 -166.465
60.3725 -166.405
60.3408 -166.396
60.3942 -166.191
60.3806 -166.144
60.4103 -166.109
60.3317 -166.072
60.3175 -165.926
60.3436 -165.88
60.2983 -165.687
60.0425 -165.669
59.9453 -165.553
59.915 -165.571
59.8378 -166.266
59.8114 -166.117
59.7758 -166.083
59.758 -166.102
59.7544 -166.193
180.0 180.0
59.7758 -147.861
59.8064 -147.892
59.8419 -147.895
59.8939 -147.741
59.9092 -147.802
59.948 -147.758
59.9703 -147.667
59.9947 -147.7
60.1114 -147.404
60.2253 -147.304
60.2383 -147.206
60.3494 -147.199
60.3808 -147.112
60.3442 -147.121
60.3461 -147.015
60.2744 -147.105
60.2864 -146.938
60.2416 -146.985
60.0828 -147.298
60.0267 -147.366
59.9753 -147.352
59.9683 -147.442
59.9364 -147.488
59.905 -147.445
59.8619 -147.484
59.7758 -147.861
180.0 180.0
62.9433 -169.666
62.9603 -169.747
63.0089 -169.758
63.0205 -169.71
63.0553 -169.711
63.1505 -169.888
63.1333 -169.931
63.1989 -170.083
63.1939 -170.251
63.2478 -170.212
63.2825 -170.237
63.46 -170.845
63.438 -171.08
63.4322 -171.092
63.3266 -171.539
63.4142 -171.8
63.5086 -171.851
63.6358 -171.808
63.6622 -171.744
63.7897 -171.736
63.7925 -171.666
63.7578 -171.623
63.6989 -171.64
63.643 -171.403
63.62 -171.521
63.6047 -171.375
63.6325 -171.366
63.5989 -171.067
63.5772 -171.091
63.6111 -170.795
63.7033 -170.486
63.6667 -170.239
63.5408 -170.037
63.4839 -170.038
63.4472 -169.761
63.3692 -169.501
63.3561 -169.271
63.3028 -169.2
63.2992 -169.111
63.3153 -169.07
63.3447 -169.218
63.3031 -168.69
63.1853 -168.78
63.1553 -168.85
63.2039 -169.197
63.1503 -169.404
63.0533 -169.568
63 -169.557
62.9433 -169.666
180.0 180.0
56.1811 -134.647
56.2136 -134.675
56.2605 -134.799
56.5616 -135.039
56.6817 -134.846
56.6833 -134.887
56.6231 -134.953
56.6358 -134.982
56.71 -134.937
56.6936 -134.995
56.6153 -135.041
56.5939 -135.1
56.658 -135.125
56.755 -135.042
56.6786 -135.161
56.6969 -135.195
56.8275 -135.12
56.8191 -135.336
56.828 -135.367
56.8803 -135.365
56.8808 -135.29
56.9133 -135.309
56.9403 -135.376
57.008 -135.159
57.0447 -135.199
57.0305 -135.244
57.0522 -135.33
57.0986 -135.378
57.1328 -135.372
57.1592 -135.265
57.1778 -135.337
57.1455 -135.372
57.1497 -135.406
57.2444 -135.333
57.2297 -135.532
57.3464 -135.673
57.3639 -135.655
57.3475 -135.476
57.37 -135.511
57.3816 -135.604
57.5072 -135.514
57.5533 -135.408
57.5364 -135.319
57.5094 -135.281
57.4475 -135.406
57.4833 -135.186
57.4486 -135.154
57.4314 -135.105
57.3897 -134.982
57.3297 -134.906
57.305 -134.976
57.1928 -134.819
57.1605 -134.797
57.0758 -134.792
57.0705 -134.757
56.5756 -134.61
56.5803 -134.656
56.1811 -134.647
180.0 180.0
69.6446 -140.999
66.8325 -141.001
65.1997 -141.001
63.5664 -141.001
61.9373 -140.999
60.3076 -140.997
60.2222 -140.521
60.3097 -140.451
60.1878 -139.979
60.3405 -139.677
60.3522 -139.068
60.3169 -139.066
60.0889 -139.189
59.9975 -139.048
59.9069 -138.69
59.8147 -138.655
59.7566 -138.584
59.4516 -137.999
59.4461 -137.989
59.2386 -137.591
58.998 -137.48
58.9378 -137.507
58.9119 -137.496
58.9114 -137.428
59.1653 -136.809
59.1633 -136.584
59.2619 -136.481
59.4697 -136.464
59.4711 -136.3
59.5258 -136.234
59.5614 -136.239
59.6028 -136.344
59.8019 -135.474
59.5675 -135.014
59.4711 -135.021
59.4269 -135.092
59.39 -134.989
59.3478 -135.016
59.2789 -134.947
59.2433 -134.688
59.1305 -134.566
59.1267 -134.461
59.0439 -134.378
58.983 -134.395
58.9644 -134.311
58.9297 -134.332
58.8569 -134.245
58.7261 -133.827
58.5955 -133.683
58.4242 -133.366
58.3772 -133.447
58.1358 -133.137
58.0294 -133.084
57.6191 -132.649
57.2047 -132.227
57.0883 -132.337
57.0364 -132.027
56.8666 -132.103
56.7997 -131.861
56.595 -131.816
56.5966 -131.54
56.4242 -131.126
56.3661 -130.774
56.2586 -130.627
56.2353 -130.462
56.1289 -130.414
56.0903 -130.229
56.118 -130.089
56.0239 -130.014
55.9124 -130.016
55.76 -130.174
55.558 -130.144
55.2869 -129.991
55.0819 -130.21
54.9178 -130.35
54.7961 -130.579
54.8005 -130.605
54.8578 -130.576
54.7672 -130.672
54.7678 -130.713
54.7905 -130.728
54.7969 -130.683
54.9441 -130.724
54.9633 -130.748
54.7942 -130.787
54.7678 -130.819
54.7805 -130.894
54.8719 -130.932
55.0458 -130.985
55.103 -130.839
55.0761 -130.728
55.0928 -130.754
55.1428 -130.816
55.0905 -130.912
55.0867 -131.012
55.1736 -131.07
55.205 -131.05
55.283 -130.937
55.2878 -130.633
55.3022 -130.637
55.3336 -130.65
55.3008 -130.843
55.3133 -130.867
55.7053 -130.886
55.7769 -130.957
55.9692 -131.198
56.0222 -131.117
56.1064 -131.01
55.965 -131.322
55.9625 -131.373
56.0056 -131.41
55.865 -131.853
55.8583 -131.916
55.813 -131.754
55.7436 -131.787
55.7253 -131.863
55.6694 -131.815
55.5986 -131.88
55.665 -131.999
55.5514 -131.923
55.5011 -131.955
55.5675 -132.143
55.6133 -132.191
55.7505 -132.266
55.7367 -132.205
55.7219 -132.168
55.7894 -132.183
55.8058 -132.048
55.8447 -132.083
55.8908 -132.032
55.9372 -132.061
55.9955 -131.944
56.1603 -131.963
56.1969 -131.77
56.1692 -131.598
56.2208 -131.49
56.2286 -131.906
56.3572 -131.97
56.485 -132.236
56.5155 -132.331
56.5425 -132.351
56.6339 -132.305
56.6036 -132.447
56.6278 -132.548
56.6583 -132.539
56.6719 -132.455
56.7086 -132.526
56.7508 -132.495
56.8341 -132.746
56.9769 -132.923
56.9583 -132.774
56.9897 -132.766
57.088 -132.791
57.0319 -132.972
57.0839 -133.165
57.1444 -133.115
57.1644 -133.157
57.1364 -133.203
57.1747 -133.234
57.1114 -133.261
57.0967 -133.296
57.1755 -133.547
57.2794 -133.472
57.3278 -133.059
57.348 -133.033
57.3278 -133.342
57.3469 -133.432
57.3744 -133.452
57.4064 -133.341
57.4297 -133.356
57.4192 -133.434
57.4628 -133.495
57.5319 -133.497
57.5694 -133.446
57.5797 -133.321
57.5919 -133.357
57.5658 -133.549
57.6094 -133.648
57.7008 -133.644
57.7097 -133.563
57.7147 -133.4
57.7458 -133.518
57.8094 -133.55
57.9025 -133.557
57.8506 -133.133
57.8828 -133.166
57.9244 -133.548
57.9131 -133.588
57.8597 -133.589
57.8783 -133.639
57.8106 -133.622
57.7858 -133.647
57.7903 -133.701
57.9539 -133.856
57.9916 -133.784
57.9356 -133.7
57.9714 -133.7
58.0139 -133.669
58.0072 -133.726
58.0505 -133.766
58.1419 -133.671
58.1358 -133.742
58.0097 -133.798
57.9764 -133.898
58.0678 -134.05
58.1011 -134.07
58.2769 -134.066
58.3122 -133.98
58.3914 -134.011
58.4978 -133.921
58.5175 -133.77
58.5047 -133.959
58.2947 -134.145
58.2478 -134.096
58.1978 -134.154
58.2086 -134.24
58.3647 -134.607
58.3425 -134.633
58.3806 -134.652
58.3728 -134.738
58.3867 -134.765
58.4911 -134.776
58.6075 -134.936
58.6755 -134.989
58.6528 -134.915
58.8147 -134.947
58.7878 -135.027
58.7369 -135.023
58.8319 -135.141
58.9828 -135.158
59.2633 -135.363
59.4497 -135.323
59.4539 -135.36
59.3053 -135.399
59.3214 -135.548
59.1203 -135.308
59.0836 -135.305
59.1865 -135.426
59.2339 -135.546
59.2147 -135.542
59.0811 -135.376
58.9642 -135.391
58.7808 -135.238
58.6808 -135.201
58.6367 -135.163
58.6089 -135.224
58.3405 -135.049
58.2936 -135.054
58.2692 -135.09
58.2331 -135.086
58.2067 -135.152
58.2528 -135.329
58.418 -135.469
58.3806 -135.461
58.3728 -135.495
58.4203 -135.61
58.3792 -135.911
58.4605 -135.873
58.49 -135.867
58.5325 -135.836
58.5719 -135.889
58.5997 -135.82
58.648 -135.92
58.8116 -136.07
58.8747 -135.928
58.8555 -135.925
58.883 -135.759
58.9003 -135.77
58.9164 -135.964
58.8764 -135.967
58.8517 -136.034
59.0069 -136.097
59.0344 -136.152
58.9506 -136.135
58.8686 -136.093
58.7614 -136.159
58.7494 -136.222
58.8044 -136.383
58.8278 -136.466
58.9047 -136.508
58.9655 -136.489
58.963 -136.54
58.9136 -136.571
59.0203 -136.699
58.9078 -136.608
58.8903 -136.649
59.0203 -137.005
58.953 -136.913
58.9206 -136.907
58.8569 -137.099
58.8197 -137.116
58.8803 -136.852
58.8089 -136.635
58.7436 -136.498
58.7208 -136.382
58.6839 -136.337
58.6075 -136.443
58.6225 -136.386
58.6253 -136.29
58.6572 -136.297
58.6166 -136.193
58.5294 -136.154
58.4683 -136.06
58.3872 -136.027
58.3383 -136.083
58.3078 -136.255
58.3186 -136.283
58.3494 -136.26
58.4017 -136.324
58.3731 -136.328
58.4089 -136.466
58.3764 -136.554
58.3825 -136.474
58.3617 -136.377
58.3403 -136.355
58.2986 -136.362
58.3591 -136.592
58.3175 -136.633
58.2728 -136.561
58.2256 -136.587
58.2153 -136.654
58.238 -136.705
58.2641 -136.713
58.3083 -136.732
58.295 -136.781
58.3328 -136.772
58.3175 -136.843
58.3539 -136.832
58.3816 -136.865
58.3408 -136.893
58.3883 -136.923
58.4578 -137.276
58.5989 -137.626
58.6222 -137.658
58.708 -137.749
58.785 -137.911
58.9047 -137.965
59.0736 -138.288
59.1144 -138.595
59.1261 -138.579
59.1197 -138.498
59.1825 -138.436
59.1866 -138.513
59.1394 -138.626
59.2694 -138.979
59.3416 -139.227
59.3778 -139.225
59.3439 -139.299
59.3808 -139.346
59.3989 -139.345
59.5128 -139.778
59.5445 -139.852
59.6039 -139.585
59.6725 -139.538
59.7019 -139.473
59.8478 -139.606
59.8966 -139.616
59.9822 -139.494
59.9769 -139.443
59.855 -139.293
59.8144 -139.336
59.7186 -139.338
59.6228 -139.262
59.6108 -139.337
59.5875 -139.323
59.5705 -139.265
59.6161 -139.225
59.7308 -139.294
59.8314 -139.274
59.8458 -139.055
59.8619 -139.106
59.8666 -139.223
60.0494 -139.505
60.0033 -139.586
59.9533 -139.582
59.9317 -139.682
59.8233 -139.835
59.7086 -140.24
59.715 -140.651
59.8761 -141.431
59.8989 -141.466
59.9364 -141.283
59.9897 -141.257
60.0717 -141.28
60.1372 -141.379
60.1258 -141.469
60.0861 -141.462
60.0433 -141.383
60.028 -141.379
59.9539 -141.706
60.0567 -142.212
60.1105 -142.743
60.0175 -143.787
59.9906 -143.887
60.0325 -144.009
60.0478 -144.005
60.1455 -144.251
60.1986 -144.183
60.1858 -144.574
60.3005 -144.831
60.2864 -144.913
60.3017 -144.936
60.4814 -144.791
60.475 -144.824
60.4647 -144.871
60.4975 -144.876
60.5494 -144.817
60.6633 -144.762
60.6658 -144.634
60.7155 -144.611
60.6781 -144.754
60.3619 -145.237
60.3522 -145.35
60.465 -145.644
60.4864 -145.887
60.5411 -145.764
60.658 -145.619
60.6739 -145.637
60.6228 -145.836
60.6358 -145.844
60.695 -145.836
60.6308 -145.952
60.6544 -145.981
60.6933 -145.921
60.7064 -145.923
60.6353 -146.174
60.6383 -146.254
60.658 -146.261
60.7433 -146.017
60.7958 -146.033
60.7236 -146.255
60.7256 -146.304
60.7747 -146.283
60.6786 -146.486
60.7019 -146.58
60.6892 -146.633
60.7422 -146.691
60.8161 -146.199
60.8336 -146.242
60.8511 -146.208
60.8341 -146.089
60.8928 -146.231
60.835 -146.31
60.8164 -146.516
60.9117 -146.723
60.9553 -146.757
60.9375 -146.583
60.9753 -146.702
61.033 -146.668
61.0258 -146.574
61.0511 -146.594
61.0625 -146.642
61.0833 -146.528
61.0855 -146.244
61.1169 -146.273
61.1375 -146.424
61.1314 -146.585
60.9472 -146.935
60.9506 -147.026
60.995 -146.975
61.0033 -147.012
60.9847 -147.155
60.9522 -147.143
60.9511 -147.186
61.0019 -147.273
60.9366 -147.249
60.9011 -147.421
60.9289 -147.436
60.9841 -147.379
60.9555 -147.454
61.0097 -147.422
60.9975 -147.473
60.9144 -147.509
60.93 -147.54
61.0558 -147.526
61.0742 -147.479
61.1294 -147.531
61.1519 -147.555
61.0236 -147.595
60.965 -147.635
60.9147 -147.603
60.865 -147.598
60.853 -147.668
60.8975 -147.666
60.8875 -147.729
60.9478 -147.704
60.9239 -147.786
60.8428 -147.746
60.8217 -147.787
60.8325 -147.865
60.945 -148.048
61.1667 -147.792
61.2042 -147.699
61.2122 -147.734
61.2775 -147.726
61.0286 -148.035
61.0189 -148.076
61.1166 -148.139
61.0619 -148.391
61.0458 -148.357
60.995 -148.45
60.9831 -148.418
61.0622 -148.242
61.0466 -148.165
60.9511 -148.244
60.9683 -148.325
60.8705 -148.301
60.8414 -148.312
60.8106 -148.463
60.7881 -148.472
60.7503 -148.631
60.6767 -148.7
60.6955 -148.6
60.7586 -148.524
60.7778 -148.394
60.7494 -148.358
60.6589 -148.443
60.6253 -148.421
60.755 -148.276
60.7406 -148.253
60.6811 -148.235
60.6261 -148.197
60.5364 -148.322
60.5847 -148.436
60.5397 -148.566
60.4775 -148.676
60.4483 -148.684
60.54 -148.463
60.5064 -148.338
60.4436 -148.266
60.4614 -148.225
60.545 -148.196
60.4928 -148.183
60.6014 -148.094
60.5686 -148.042
60.5047 -147.956
60.4697 -147.997
60.4622 -147.937
60.4297 -147.953
60.4144 -148.18
60.3675 -148.124
60.3494 -148.155
60.3472 -148.239
60.3386 -148.213
60.2994 -148.232
60.2519 -148.314
60.2894 -148.372
60.2542 -148.38
60.2319 -148.359
60.188 -148.435
60.1764 -148.424
60.238 -148.234
60.2203 -148.241
60.2019 -148.184
60.2344 -148.125
60.1941 -148.112
60.143 -148.163
60.1164 -148.26
60.1269 -148.294
60.1744 -148.32
60.0003 -148.409
59.9489 -148.436
60.0283 -148.524
59.9555 -148.548
59.9211 -148.644
59.9617 -148.746
59.9319 -148.861
59.9733 -148.929
59.9617 -149.071
59.9978 -149.101
60.0425 -149.04
60.0564 -149.077
60.0053 -149.194
59.8741 -149.261
59.8731 -149.291
60.01 -149.293
60.0778 -149.35
60.1158 -149.369
60.1183 -149.417
60.0678 -149.44
59.9589 -149.443
59.9269 -149.461
59.9267 -149.531
59.8247 -149.628
59.7369 -149.523
59.7166 -149.526
59.7394 -149.625
59.7719 -149.597
59.8041 -149.664
59.8847 -149.644
59.9542 -149.689
59.9605 -149.732
59.8405 -149.755
59.8508 -149.86
59.7275 -149.75
59.6586 -149.744
59.6697 -149.792
59.7728 -149.916
59.7986 -150.025
59.7678 -150.029
59.7194 -149.92
59.6669 -149.957
59.6275 -150.014
59.6955 -150.109
59.6758 -150.113
59.588 -150.087
59.5886 -150.191
59.5305 -150.176
59.5044 -150.343
59.533 -150.36
59.705 -150.217
59.718 -150.232
59.4644 -150.474
59.5111 -150.546
59.533 -150.552
59.5911 -150.492
59.6006 -150.519
59.5461 -150.655
59.4886 -150.571
59.4305 -150.606
59.3211 -150.915
59.2633 -150.88
59.2022 -150.957
59.2269 -151.002
59.2694 -150.992
59.3142 -151.242
59.2983 -151.267
59.2425 -151.096
59.2175 -151.105
59.2169 -151.302
59.2594 -151.402
59.2269 -151.514
59.2022 -151.476
59.1608 -151.723
59.17 -151.759
59.2217 -151.759
59.21 -151.866
59.2397 -151.884
59.2711 -151.972
59.3058 -151.983
59.3475 -151.931
59.3533 -151.812
59.3969 -151.901
59.4206 -151.87
59.4792 -151.674
59.438 -151.39
59.4683 -151.386
59.4997 -151.446
59.5289 -151.444
59.5942 -151.177
59.6358 -151.2
59.7722 -150.997
59.7905 -151.008
59.7747 -151.111
59.6536 -151.442
59.618 -151.454
59.6925 -151.781
59.7439 -151.869
59.7797 -151.881
60.0653 -151.671
60.19 -151.453
60.2989 -151.386
60.3603 -151.392
60.3855 -151.304
60.5325 -151.275
60.7055 -151.416
60.7275 -151.409
60.7878 -151.052
60.9639 -150.669
61.0364 -150.409
61.0319 -150.34
60.9558 -150.271
60.9055 -150.054
60.9736 -149.836
60.8444 -149.044
60.8797 -149.042
60.9392 -149.145
60.9903 -149.616
61.1508 -150.057
61.1986 -150.031
61.2239 -149.905
61.3164 -149.826
61.463 -149.394
61.488 -149.247
61.4991 -149.258
61.4908 -149.607
61.4422 -149.762
61.3539 -149.906
61.2647 -149.933
61.2403 -149.996
61.2494 -150.477
61.2847 -150.546
61.365 -150.539
61.3608 -150.576
61.2886 -150.582
61.1856 -151.001
61.093 -151.135
61.0569 -151.154
60.9153 -151.741
60.853 -151.803
60.8019 -151.785
60.735 -151.709
60.7169 -151.725
60.7286 -151.921
60.4989 -152.322
60.4611 -152.34
60.4172 -152.316
60.3986 -152.244
60.2297 -152.571
60.2458 -152.791
60.265 -152.819
60.2505 -152.886
60.3031 -152.895
60.3114 -153.007
60.2791 -153.081
60.2939 -152.999
60.2844 -152.938
60.2389 -152.93
60.0944 -152.596
60.0703 -152.575
59.918 -152.712
59.8789 -152.928
59.868 -153.218
59.8256 -153.282
59.8144 -153.14
59.8311 -153.019
59.8014 -152.997
59.7069 -153.044
59.6439 -153.226
59.6783 -153.302
59.6344 -153.304
59.6478 -153.426
59.7166 -153.323
59.7894 -153.444
59.6647 -153.463
59.6286 -153.556
59.6939 -153.591
59.6378 -153.702
59.6081 -153.563
59.5561 -153.589
59.5531 -153.849
59.5425 -153.828
59.4942 -153.735
59.4386 -153.74
59.3775 -154.143
59.3494 -154.1
59.3628 -153.951
59.3039 -154.112
59.2433 -154.149
59.2025 -154.126
59.1422 -154.261
59.0897 -154.176
59.0558 -154.201
59.0261 -154.177
59.0794 -154.041
59.0708 -153.712
58.9958 -153.591
58.9291 -153.331
58.8789 -153.291
58.8633 -153.257
58.84 -153.291
58.85 -153.349
58.6983 -153.508
58.6275 -153.649
58.58 -153.896
58.5053 -153.93
58.4855 -154.097
58.4072 -154.067
58.3955 -154.003
58.3608 -154.047
58.2878 -154.355
58.2481 -154.355
58.3172 -154.192
58.2869 -154.115
58.2658 -154.134
58.2558 -154.243
58.2294 -154.156
58.195 -154.189
58.1892 -154.302
58.1458 -154.226
58.1283 -154.241
58.1558 -154.337
58.0808 -154.327
58.1328 -154.426
58.1961 -154.491
58.1036 -154.46
58.0828 -154.47
58.1244 -154.601
58.0639 -154.541
58.0253 -154.568
58.0311 -154.634
58.0686 -154.657
58.0553 -154.717
58.0125 -154.749
58.0253 -155.018
57.9506 -155.12
57.8975 -155.063
57.8625 -155.182
57.8783 -155.247
57.8439 -155.219
57.7989 -155.358
57.7578 -155.295
57.7233 -155.364
57.7936 -155.561
57.7633 -155.621
57.7128 -155.635
57.685 -155.584
57.6692 -155.588
57.6472 -155.764
57.5452 -155.734
57.5414 -155.803
57.5803 -155.82
57.5269 -155.921
57.533 -156.076
57.4553 -156.026
57.4339 -156.045
57.4333 -156.261
57.3158 -156.546
57.2714 -156.558
57.3106 -156.369
57.2708 -156.347
57.225 -156.446
57.1797 -156.343
57.1419 -156.368
57.1214 -156.473
57.0528 -156.501
57.0433 -156.562
57.0569 -156.64
56.9825 -156.546
56.9969 -156.685
57.0428 -156.76
57.0333 -156.795
56.9975 -156.759
56.9094 -156.798
56.8933 -156.832
56.9767 -156.947
56.9125 -156.94
56.8942 -157.022
56.8236 -157.087
56.848 -157.188
56.8119 -157.146
56.7783 -157.168
56.7917 -157.277
56.8517 -157.366
56.8494 -157.403
56.8189 -157.465
56.7653 -157.396
56.7583 -157.512
56.7189 -157.6
56.6514 -157.461
56.6158 -157.481
56.6091 -157.685
56.6744 -157.748
56.6508 -157.903
56.5681 -158.11
56.5261 -158.112
56.5742 -157.925
56.5572 -157.849
56.5108 -157.835
56.4675 -157.877
56.4925 -158.128
56.4625 -158.134
56.4467 -158.415
56.2817 -158.65
56.2558 -158.609
56.2472 -158.538
56.2844 -158.565
56.3289 -158.501
56.3403 -158.448
56.2942 -158.409
56.3003 -158.261
56.2886 -158.211
56.2589 -158.235
56.208 -158.387
56.2025 -158.321
56.1708 -158.329
56.2394 -158.134
56.1839 -158.204
56.125 -158.357
56.1772 -158.395
56.1267 -158.439
56.0883 -158.405
56.0628 -158.416
56.1017 -158.492
56.043 -158.49
56.04 -158.428
56.0094 -158.42
55.9936 -158.44
56.0317 -158.497
55.9903 -158.497
56.0239 -158.566
56.0453 -158.605
56.1436 -158.55
56.1789 -158.471
56.2 -158.629
56.1647 -158.563
56.1111 -158.647
56.1486 -158.69
56.1044 -158.698
56.0661 -158.659
56.0369 -158.736
56.0186 -158.648
55.9897 -158.646
55.95 -158.735
56.0022 -158.74
56.0108 -158.855
55.9144 -158.928
55.9328 -158.957
55.9203 -159.021
55.8753 -159.36
55.8264 -159.416
55.793 -159.411
55.7878 -159.442
55.8722 -159.476
55.9 -159.473
55.8733 -159.554
55.7655 -159.504
55.5733 -159.624
55.5653 -159.739
55.6006 -159.696
55.635 -159.615
55.6617 -159.708
55.695 -159.632
55.738 -159.68
55.8036 -159.621
55.8411 -159.704
55.8511 -159.841
55.7903 -159.851
55.7814 -159.905
55.8164 -159.966
55.7755 -159.975
55.7914 -160.033
55.7655 -160.058
55.7272 -160.023
55.6964 -160.076
55.7311 -160.154
55.6711 -160.134
55.6347 -160.29
55.6517 -160.418
55.628 -160.413
55.6072 -160.365
55.5375 -160.463
55.4939 -160.473
55.4742 -160.53
55.5511 -160.589
55.6083 -160.592
55.5411 -160.766
55.5208 -160.708
55.5094 -160.66
55.4658 -160.667
55.4464 -160.786
55.4683 -160.842
55.5133 -160.833
55.5155 -160.921
55.3489 -161.244
55.3594 -161.503
55.4811 -161.486
55.5728 -161.374
55.518 -161.187
55.5222 -161.142
55.5425 -161.148
55.6319 -161.413
55.6228 -161.562
55.5141 -161.711
55.4055 -161.699
55.2192 -161.919
55.2367 -162.011
55.2275 -162.044
55.1208 -161.955
55.0744 -162.046
55.0958 -162.119
55.1622 -162.096
55.1494 -162.171
55.1067 -162.227
55.0539 -162.194
55.0247 -162.224
55.0175 -162.279
55.0681 -162.321
55.0358 -162.355
55.0383 -162.454
55.0905 -162.525
55.1153 -162.514
55.0942 -162.369
55.2933 -162.562
55.2975 -162.637
55.2544 -162.707
55.2194 -162.722
55.1336 -162.596
55.0722 -162.646
55.045 -162.597
54.9594 -162.558
55.0056 -162.657
55.0114 -162.611
55.0494 -162.644
54.9855 -162.712
54.9417 -162.749
54.93 -162.87
54.995 -162.975
55.0133 -162.917
55.1011 -163.065
55.1397 -163.184
55.0442 -163.22
55.0111 -163.204
54.9683 -163.061
54.9425 -163.043
54.8092 -163.326
54.8514 -163.382
54.9128 -163.275
54.9192 -163.352
54.9628 -163.331
54.9419 -163.258
54.9639 -163.24
55 -163.289
55.114 -163.326
55.2144 -163.04
55.1828 -163.079
55.1642 -162.966
55.218 -162.839
55.2425 -162.846
55.2394 -162.885
55.2661 -162.89
55.3483 -162.664
55.3711 -162.494
55.4389 -162.499
55.4366 -162.596
55.5744 -162.384
55.7597 -162.089
55.9133 -161.645
55.9508 -161.318
55.935 -161.068
55.9953 -160.889
55.9383 -160.863
55.9366 -160.962
55.9069 -161.022
55.8789 -161.017
55.6972 -160.697
55.7261 -160.66
55.8722 -160.798
55.8497 -160.481
55.7966 -160.471
55.7705 -160.25
55.8222 -160.315
55.8369 -160.234
55.9358 -160.517
55.9297 -160.57
55.9689 -160.534
55.9928 -160.575
56.27 -160.367
56.5628 -159.772
56.7236 -159.24
56.8064 -159.03
56.7791 -158.981
56.8339 -158.958
56.7611 -158.641
56.9772 -158.7
57.1436 -158.541
57.3242 -158.285
57.4136 -158.043
57.5383 -157.816
57.5675 -157.679
57.5389 -157.687
57.4747 -157.657
57.485 -157.412
57.5203 -157.405
57.5592 -157.389
57.5494 -157.445
57.5035 -157.436
57.4869 -157.584
57.6183 -157.621
57.6133 -157.682
57.6433 -157.707
57.8692 -157.643
58.1094 -157.599
58.1692 -157.541
58.1692 -157.436
58.1896 -157.391
58.1625 -157.139
58.2133 -157.233
58.21 -157.457
58.3036 -157.565
58.4653 -157.501
58.7033 -157.107
58.7225 -157.055
58.7406 -157.075
58.9397 -156.984
58.9942 -156.86
59.1512 -156.779
59.1081 -156.86
59.0139 -156.879
58.8525 -157.185
58.6214 -158.092
58.6069 -158.199
58.6458 -158.318
58.7344 -158.351
58.8325 -158.566
58.8547 -158.518
58.9492 -158.495
58.9719 -158.42
58.9878 -158.491
59.0208 -158.439
59.0375 -158.364
59.0005 -158.146
58.9461 -158.061
58.9216 -158.077
58.8708 -158.024
58.905 -157.993
58.9108 -158.044
58.9792 -158.061
59.0283 -158.13
59.0769 -158.423
59.0597 -158.443
58.8844 -158.693
58.8969 -158.74
58.9286 -158.731
58.9617 -158.789
58.9389 -158.791
58.8611 -158.772
58.7617 -158.786
58.7272 -158.837
58.7336 -158.885
58.7636 -158.887
58.7867 -158.806
58.8111 -158.817
58.8053 -158.882
58.7689 -158.912
58.5772 -158.808
58.4922 -158.704
58.4158 -158.796
58.3955 -158.898
58.425 -159.057
58.7194 -159.346
58.8419 -159.542
58.8364 -159.651
58.8986 -159.603
58.9494 -159.622
58.9344 -159.769
58.9161 -159.746
58.7889 -159.85
58.7697 -159.91
58.8767 -159.999
58.8875 -160.079
58.8628 -160.106
58.8714 -160.163
58.9114 -160.162
58.9506 -160.32
58.9822 -160.253
59.0569 -160.319
59.0625 -160.386
58.9225 -160.73
58.8225 -160.841
58.8528 -160.827
58.8828 -160.866
58.8319 -161.063
58.7905 -161.251
58.8153 -161.267
58.798 -161.314
58.7755 -161.281
58.7178 -161.369
58.6708 -161.385
58.5625 -161.693
58.5525 -161.763
58.6133 -161.711
58.6439 -161.749
58.5883 -161.758
58.6261 -161.843
58.6194 -162.076
58.6497 -162.171
58.6805 -161.995
58.6458 -161.934
58.6686 -161.854
58.7575 -161.794
58.7594 -161.704
58.8005 -161.656
58.8244 -161.699
58.783 -161.771
58.8181 -161.753
58.8953 -161.795
58.9692 -161.788
59.0228 -161.854
59.0447 -161.834
59.0161 -161.806
59.0992 -161.57
59.1389 -161.619
59.1036 -161.944
59.2558 -162.05
59.2347 -162.01
59.305 -161.961
59.3755 -161.962
59.4878 -161.713
59.575 -161.796
59.6783 -161.887
59.8594 -162.058
60.0606 -162.236
60.1397 -162.197
60.1978 -162.251
60.2178 -162.162
60.2455 -162.151
60.1905 -162.291
60.1614 -162.27
60.1333 -162.325
60.1628 -162.367
60.2033 -162.332
60.2978 -162.472
60.3408 -162.375
60.5817 -162.222
60.7022 -161.88
60.6586 -162.084
60.713 -162.131
60.65 -162.124
60.6128 -162.268
60.4347 -162.381
60.4308 -162.436
60.3814 -162.417
60.3636 -162.458
60.3478 -162.538
60.3 -162.597
60.2836 -162.548
60.2572 -162.556
60.2611 -162.7
60.2047 -162.473
60.1808 -162.447
60.1225 -162.499
60.0691 -162.471
60.0003 -162.509
59.9814 -162.605
60.0028 -162.752
59.9506 -162.773
59.8286 -163.304
59.7997 -163.832
59.8303 -164.092
59.8597 -164.158
59.9458 -164.219
59.9981 -164.115
60.0844 -164.41
60.2958 -164.678
60.3273 -164.651
60.2911 -164.741
60.3355 -164.974
60.4394 -165.143
60.5119 -164.971
60.5442 -164.984
60.5089 -165.35
60.5447 -165.42
60.58 -165.376
60.6214 -165.202
60.7011 -165.005
60.7217 -164.982
60.7803 -165.033
60.8294 -164.881
60.8489 -164.87
60.8994 -164.957
60.9244 -164.946
60.8669 -164.839
60.9097 -164.703
60.9072 -164.636
60.8475 -164.697
60.8278 -164.681
60.79 -164.285
60.6889 -164.218
60.5661 -164.441
60.5531 -164.406
60.6472 -164.269
60.6633 -164.13
60.7564 -164.042
60.7747 -163.871
60.7497 -163.809
60.6314 -163.835
60.5814 -163.799
60.5872 -163.669
60.6786 -163.451
60.71 -163.423
60.7514 -163.469
60.7566 -163.41
60.8405 -163.724
60.8453 -163.915
60.8741 -163.871
60.8656 -163.669
60.9125 -163.575
60.9339 -163.756
60.9642 -163.698
60.9894 -163.669
60.9711 -163.801
60.8555 -163.958
60.8508 -164.557
60.8953 -164.579
60.9228 -164.609
60.9322 -164.728
60.8975 -164.802
60.9444 -164.851
60.9519 -164.949
60.908 -165.049
60.9214 -165.135
60.9664 -165.195
61.0044 -165.132
61.0136 -164.947
61.085 -164.939
61.0994 -164.783
61.1194 -164.778
61.1128 -164.993
61.058 -165.012
61.0772 -165.106
61.1236 -165.185
61.2114 -165.062
61.205 -165.125
61.1597 -165.144
61.1492 -165.212
61.1958 -165.365
61.2248 -165.284
61.2556 -165.219
61.3175 -165.197
61.3283 -165.257
61.3591 -165.155
61.3961 -165.176
61.5955 -164.696
61.6255 -164.716
61.5319 -164.86
61.4086 -165.195
61.3289 -165.29
61.2747 -165.222
61.2172 -165.399
61.1975 -165.405
61.1572 -165.341
61.0769 -165.357
61.0753 -165.494
61.1089 -165.593
61.173 -165.638
61.2808 -165.609
61.3106 -165.842
61.39 -165.919
61.4261 -165.891
61.4433 -165.787
61.48 -165.761
61.5497 -165.874
61.5342 -166.079
61.4989 -166.057
61.4892 -166.115
61.5828 -166.196
61.7139 -166.163
61.6883 -166.148
61.6389 -166.144
61.6791 -165.789
61.7272 -166
61.81 -166.097
61.8308 -165.849
61.8475 -165.596
61.8722 -165.612
61.9736 -165.745
62.0153 -165.756
62.1353 -165.68
62.3603 -165.336
62.4036 -165.309
62.5297 -165.081
62.5361 -164.874
62.4747 -164.859
62.4317 -164.608
62.4253 -164.574
62.4564 -164.59
62.4591 -164.673
62.4914 -164.738
62.4817 -164.833
62.535 -164.79
62.56 -164.852
62.578 -164.84
62.6828 -164.571
62.7458 -164.479
62.6744 -164.658
62.615 -164.768
62.6183 -164.808
62.7814 -164.887
62.7894 -164.764
62.8236 -164.872
62.9692 -164.768
63.0186 -164.701
63.0325 -164.538
63.0033 -164.326
63.0169 -164.314
63.0661 -164.361
63.1241 -164.583
63.2119 -164.411
63.2589 -164.16
63.2183 -163.746
63.1492 -163.636
63.1119 -163.662
63.1355 -163.552
63.1117 -163.561
63.1036 -163.55
63.0686 -163.401
63.0219 -163.342
63.1194 -162.933
63.2148 -162.799
63.2305 -162.68
63.4894 -162.273
63.5369 -162.318
63.5147 -162.092
63.4817 -162.014
63.4356 -162.163
63.4253 -162.142
63.5372 -161.117
63.7325 -160.794
63.7992 -160.764
63.8686 -160.777
64.1428 -160.957
64.2225 -160.946
64.3928 -161.251
64.4283 -161.396
64.3864 -161.538
64.5075 -161.467
64.5369 -161.388
64.5011 -161.158
64.5094 -161.018
64.5322 -161.027
64.5514 -161.003
64.6078 -160.831
64.7053 -160.784
64.8125 -160.882
64.91 -161.139
64.9208 -161.124
64.9108 -161.071
64.9386 -160.99
64.9375 -161.182
64.7755 -161.412
64.7455 -161.548
64.8167 -161.716
64.8219 -161.801
64.7883 -161.715
64.7355 -161.879
64.7147 -161.88
64.6886 -162.169
64.5208 -162.576
64.4172 -162.642
64.3875 -162.632
64.3361 -162.79
64.478 -162.863
64.5422 -162.944
64.6155 -163.137
64.6566 -163.154
64.593 -163.388
64.5139 -163.154
64.5205 -163.044
64.4914 -163.044
64.413 -163.135
64.4111 -163.197
64.5236 -163.4
64.5778 -163.732
64.5844 -164.313
64.4858 -164.89
64.5339 -164.928
64.4961 -164.962
64.4558 -164.91
64.4461 -164.973
64.5719 -166.086
64.6292 -166.348
64.7291 -166.485
64.7969 -166.477
64.8211 -166.386
64.9191 -166.422
64.9514 -166.523
64.993 -166.698
65.0514 -166.715
65.0916 -166.855
65.1528 -166.943
65.2105 -166.959
65.2653 -166.909
65.2839 -166.856
65.2691 -166.847
65.2266 -166.92
65.1575 -166.931
65.1222 -166.81
65.1211 -166.612
65.1728 -166.479
65.2347 -166.484
65.2597 -166.261
65.2369 -166.054
65.2519 -166.051
65.3025 -166.196
65.3394 -166.701
65.4519 -167.586
65.55 -167.863
65.5803 -168.065
65.643 -168.13
65.6744 -168.122
65.7614 -167.846
65.6764 -168.049
65.6347 -168.042
65.6891 -167.833
65.718 -167.817
65.7144 -167.64
65.7336 -167.508
65.7691 -167.499
65.7852 -167.571
65.8044 -167.558
65.903 -167.302
65.8605 -167.203
65.8736 -167.058
65.9344 -166.873
65.97 -166.97
66.1736 -166.292
66.1811 -166.211
66.1508 -166.092
66.1419 -166.152
66.1022 -165.78
66.145 -165.501
66.19 -165.631
66.2191 -165.867
66.2578 -165.868
66.3578 -165.652
66.4433 -165.161
66.4353 -165.074
66.4066 -165.065
66.4311 -164.976
66.5494 -164.717
66.6061 -163.995
66.5894 -163.705
66.5672 -163.625
66.5677 -163.83
66.5364 -163.768
66.5011 -163.756
66.3925 -163.894
66.2825 -163.854
66.2278 -163.953
66.1997 -164.18
66.1889 -164.135
66.2011 -163.904
66.1216 -163.844
66.0789 -163.714
66.0919 -162.88
66.1072 -162.758
66.0044 -162.681
66.0639 -162.477
66.0325 -162.386
66.0689 -162.062
66.0386 -161.916
65.9828 -161.919
65.975 -161.816
65.9947 -161.815
66.013 -161.838
66.2511 -161.578
66.27 -161.369
66.2325 -161.332
66.2416 -161.087
66.203 -161.102
66.1347 -161.108
66.1225 -161.091
66.1839 -161.016
66.2386 -160.999
66.3353 -161.119
66.4008 -161.508
66.3716 -161.886
66.3347 -161.923
66.2872 -161.859
66.2722 -161.885
66.3327 -161.962
66.4375 -161.872
66.4958 -161.871
66.5614 -161.949
66.7105 -162.224
66.738 -162.501
66.8689 -162.636
66.9033 -162.634
66.9583 -162.337
66.7769 -162.015
66.6964 -162.077
66.658 -162.075
66.538 -161.885
66.4477 -161.601
66.4828 -161.342
66.535 -161.228
66.3686 -160.662
66.3941 -160.253
66.4241 -160.216
66.5244 -160.21
66.6233 -160.317
66.6441 -160.24
66.6486 -160.334
66.5869 -160.542
66.6628 -160.839
66.6475 -161.14
66.5911 -161.234
66.5608 -161.229
66.5352 -161.306
66.5339 -161.507
66.7066 -161.876
66.8 -161.888
66.8461 -161.799
66.8997 -161.8
66.9639 -161.651
66.9525 -161.507
66.9791 -161.501
67.0503 -161.841
67.0072 -162.234
67.0658 -162.273
67.0325 -162.317
67.0033 -162.296
66.9889 -162.452
67.0044 -162.467
67.1447 -162.332
67.1614 -162.351
67.0105 -162.619
67.0453 -162.934
67.0016 -162.844
67.1108 -163.722
67.1308 -163.763
67.3008 -163.793
67.5216 -163.988
67.61 -164.124
67.84 -164.757
68.0478 -165.393
68.1308 -165.919
68.2697 -166.218
68.3466 -166.82
68.3633 -166.757
68.3503 -166.589
68.3952 -166.319
68.4391 -166.367
68.4825 -166.307
68.5222 -166.307
68.5725 -166.226
68.8702 -166.236
68.8839 -166.199
68.8797 -165.089
68.9355 -164.272
69.0855 -163.703
69.3339 -163.246
69.4189 -163.184
69.3989 -163.175
69.2986 -163.271
69.2972 -163.245
69.3847 -163.12
69.4892 -163.11
69.4983 -163.07
69.568 -163.065
69.5964 -163.144
69.6544 -163.033
69.6975 -162.936
69.7194 -162.944
69.7286 -163.026
69.8408 -162.829
69.938 -162.575
69.9994 -162.485
70.0472 -162.486
70.0889 -162.339
70.1083 -162.355
70.29 -161.857
70.2664 -161.701
70.2503 -161.792
70.2564 -161.896
70.216 -161.844
70.1887 -161.894
70.1903 -162.023
70.1555 -162.121
70.193 -161.7
70.2469 -161.651
70.29 -160.949
70.3197 -160.982
70.4277 -160.612
70.4372 -160.631
70.5683 -160.22
70.6047 -160.15
70.5786 -160.135
70.5933 -159.938
70.5503 -159.937
70.5189 -159.934
70.4716 -160.199
70.4636 -160.096
70.4889 -159.927
70.3303 -160.128
70.3286 -160.069
70.3683 -159.982
70.3597 -159.934
70.1922 -159.77
70.233 -159.771
70.3091 -159.848
70.3916 -159.887
70.4908 -159.82
70.4666 -159.674
70.5266 -159.294
70.5244 -159.565
70.4955 -159.676
70.5294 -159.794
70.6253 -159.919
70.6352 -159.997
70.605 -160.118
70.638 -160.094
70.8592 -159.332
70.8516 -159.169
70.8167 -159.159
70.7797 -159.445
70.6878 -159.217
70.7511 -159.28
70.768 -159.25
70.7705 -159.017
70.7872 -158.991
70.8136 -159.077
70.798 -158.557
70.8175 -158.339
70.8353 -158.514
70.845 -158.481
70.8247 -158.235
70.8355 -157.995
71.0064 -157.398
71.1155 -157.146
71.3003 -156.816
71.4066 -156.482
71.3958 -156.473
71.35 -156.601
71.2636 -156.447
71.2497 -156.139
71.2097 -156.043
71.1719 -156.109
71.205 -155.807
71.1833 -155.632
71.1178 -155.547
71.0883 -155.548
70.9814 -155.824
70.9672 -156.095
70.9453 -156.014
70.9291 -156.02
70.9228 -156.176
70.8664 -155.956
70.8494 -155.941
70.8291 -155.983
70.7605 -155.981
70.7672 -155.901
70.8105 -155.925
70.8391 -155.72
70.8216 -155.65
70.8642 -155.663
70.838 -155.595
70.8705 -155.534
70.9358 -155.535
71.0325 -155.283
70.9902 -155.236
70.9989 -155.181
71.0355 -155.191
71.08 -155.29
71.1214 -155.186
71.0844 -155.095
71.135 -155.121
71.1514 -155.087
71.1314 -155.04
71.0166 -155.092
71.0191 -155.017
71.1139 -155.015
71.1005 -154.845
71.0194 -154.61
70.9975 -154.593
70.9175 -154.654
70.8786 -154.728
70.8666 -154.648
70.8275 -154.618
70.8303 -154.351
70.7766 -154.213
70.7894 -154.13
70.8891 -153.915
70.9022 -152.945
70.8675 -152.92
70.8553 -152.855
70.8866 -152.81
70.8133 -152.714
70.8383 -152.662
70.8669 -152.675
70.8819 -152.74
70.87 -152.435
70.812 -152.217
70.7394 -152.431
70.7203 -152.409
70.6939 -152.508
70.6494 -152.499
70.5983 -152.27
70.5833 -152.189
70.5711 -152.609
70.5503 -152.611
70.56 -151.741
70.52 -151.784
70.4703 -151.961
70.4444 -151.948
70.4405 -151.538
70.3711 -151.22
70.395 -151.197
70.4247 -151.209
70.4666 -150.951
70.4933 -150.794
70.5052 -150.526
70.4861 -150.369
70.4114 -150.417
70.4378 -150.116
70.515 -149.888
70.5047 -149.579
70.4905 -149.415
70.468 -149.059
70.4111 -148.822
70.3986 -148.607
70.3622 -148.512
70.3114 -148.505
70.3555 -148.148
70.2983 -147.985
70.2972 -147.816
70.23 -147.803
70.1639 -147.166
70.175 -146.217
70.1705 -145.839
70.065 -145.608
70.0933 -145.533
70.0411 -145.425
69.9986 -145.306
69.9722 -144.708
70.0644 -144.114
70.0164 -144.065
70.0325 -144.027
70.0791 -144.065
70.1089 -143.349
70.045 -143.306
70.0622 -143.295
70.1114 -143.3
70.0855 -143.018
69.9419 -142.431
69.8486 -142.269
69.8503 -142.111
69.7928 -141.866
69.7283 -141.566
69.6411 -141.388
69.6344 -141.26
69.668 -141.219
69.6446 -140.999
180.0 180.0
9.13038e-315 7.94458e-321
