CIC_MPM_VERS = 1.0
COMMENT Generated by Spacebel CCSDS library
CREATION_DATE = 2017-02-24T16:25:06.898718
ORIGINATOR = SVG² Control

META_START

USER_DEFINED_PROTOCOL = NONE
USER_DEFINED_CONTENT = REGION OF INTEREST
USER_DEFINED_SIZE = 2
USER_DEFINED_TYPE = REAL
USER_DEFINED_UNIT = [deg]

META_STOP

56.2589 -6.265
56.3028 -6.36139
56.33 -6.36389
56.34 -6.29083
56.3311 -6.17472
56.3697 -6.01889
56.3666 -6.09583
56.3567 -6.18528
56.378 -6.20306
56.4703 -6.01
56.4925 -6.03222
56.4739 -6.12639
56.5858 -6.31778
56.6117 -6.26917
56.6503 -6.11694
56.5911 -6.00611
56.5228 -5.96278
56.4833 -5.72306
56.4511 -5.65139
56.3955 -5.66333
56.3678 -5.78722
56.3755 -5.70333
56.3591 -5.70222
56.3089 -5.84056
56.3519 -5.86028
56.2589 -6.265
180.0 180.0
53.1258 -4.40222
53.1828 -4.38528
53.175 -4.49083
53.3197 -4.57278
53.3914 -4.56722
53.425 -4.41639
53.4075 -4.29278
53.2919 -4.20417
53.3047 -4.05333
53.255 -4.09
53.1258 -4.40222
180.0 180.0
55.4328 -5.15445
55.4439 -5.27306
55.5042 -5.3575
55.5519 -5.35167
55.6006 -5.40028
55.6686 -5.38139
55.7172 -5.26556
55.6842 -5.16833
55.6133 -5.12972
55.4633 -5.075
55.4328 -5.15445
180.0 180.0
57.7256 -6.96583
57.8142 -7.12
57.8378 -7.12556
57.8397 -7.00917
57.9253 -6.84083
58.0058 -7.06361
58.0461 -6.93611
58.0586 -7.07361
58.1233 -7.12695
58.1805 -7.10889
58.1866 -7.02056
58.2006 -7.05806
58.2333 -7.04083
58.2128 -6.90833
58.1114 -6.86195
58.1783 -6.87389
58.1961 -6.81361
58.1694 -6.72889
58.2233 -6.75722
58.2597 -6.80806
58.3022 -6.79778
58.4717 -6.33083
58.5086 -6.24472
58.4253 -6.16639
58.365 -6.21278
58.3428 -6.16833
58.2308 -6.36583
58.2047 -6.28722
58.2605 -6.16806
58.2183 -6.15833
58.1803 -6.24278
58.2094 -6.39417
58.1355 -6.375
58.0819 -6.62028
58.1058 -6.4025
58.0528 -6.36722
58.0039 -6.39278
58.0092 -6.55333
57.9861 -6.46445
57.9403 -6.47417
57.9108 -6.5775
57.9553 -6.68861
57.9989 -6.70694
58.0466 -6.65944
57.9983 -6.76139
57.8847 -6.66056
57.8783 -6.80333
57.8242 -6.76083
57.8055 -6.81556
57.7892 -6.87889
57.7256 -6.96583
180.0 180.0
57.0222 -6.01222
57.0547 -6.035
57.1472 -5.94472
57.2247 -6.03333
57.1264 -6.07361
57.1708 -6.11111
57.1733 -6.22139
57.1575 -6.31472
57.1983 -6.27917
57.1894 -6.35389
57.2253 -6.35389
57.2972 -6.47639
57.3347 -6.42195
57.3978 -6.48278
57.3861 -6.57028
57.3375 -6.5675
57.3639 -6.70028
57.4461 -6.78611
57.5119 -6.71583
57.438 -6.61195
57.4972 -6.62972
57.4994 -6.56167
57.5442 -6.62389
57.6025 -6.64139
57.5886 -6.58667
57.5089 -6.46361
57.4764 -6.43945
57.5222 -6.39444
57.583 -6.35778
57.6347 -6.42028
57.695 -6.32306
57.5972 -6.16333
57.4742 -6.13195
57.3964 -6.19
57.4011 -6.12806
57.3214 -6.10111
57.3058 -6.03972
57.2419 -5.89945
57.2617 -5.65417
57.205 -5.66417
57.0386 -5.92833
57.0222 -6.01222
180.0 180.0
58.8894 -2.91111
58.9364 -3.04194
58.91 -3.18861
58.9675 -3.23889
59.0247 -3.22083
58.9872 -3.27111
58.9469 -3.29083
58.9922 -3.36139
59.1264 -3.32139
59.1486 -3.21889
59.0769 -3.01111
59.0428 -3.01917
59.0008 -3.13417
58.9894 -2.78278
58.963 -2.80972
58.9281 -2.82389
58.9242 -2.77889
58.9514 -2.79333
58.9689 -2.70861
58.9172 -2.70833
58.8894 -2.91111
180.0 180.0
57.5042 -7.315
57.5733 -7.41861
57.5811 -7.51917
57.6369 -7.50028
57.6611 -7.39611
57.6533 -7.31361
57.6844 -7.18472
57.6483 -7.18667
57.6422 -7.07556
57.6081 -7.09583
57.6381 -7.20167
57.6086 -7.18
57.5864 -7.10695
57.5561 -7.13806
57.5094 -7.15417
57.5042 -7.315
180.0 180.0
55.573 -6.26722
55.6108 -6.32278
55.6536 -6.245
55.7186 -6.32611
55.7672 -6.25111
55.7814 -6.32556
55.6739 -6.46278
55.6733 -6.50139
55.7336 -6.49528
55.7667 -6.45444
55.8486 -6.45
55.8886 -6.3225
55.8261 -6.3175
55.8797 -6.26639
55.9172 -6.11944
55.7966 -6.09778
55.685 -6.02611
55.6267 -6.14
55.573 -6.26722
180.0 180.0
55.7883 -5.97222
55.8039 -6.06333
55.8775 -6.08833
55.938 -6.02278
55.9666 -5.89
55.9728 -5.995
56.0236 -5.96833
56.1422 -5.69639
56.113 -5.68639
55.8189 -5.95056
55.7883 -5.97222
180.0 180.0
50.5789 -1.28278
50.6575 -1.56945
50.7264 -1.4325
50.7686 -1.27528
50.6778 -1.07361
50.6489 -1.15333
50.6019 -1.16833
50.5789 -1.28278
180.0 180.0
57.0994 -7.34972
57.1147 -7.38694
57.2783 -7.42278
57.3039 -7.39194
57.3822 -7.42528
57.4061 -7.34972
57.3416 -7.22472
57.3266 -7.2525
57.3833 -7.38417
57.3514 -7.35361
57.3028 -7.20056
57.2261 -7.25917
57.1525 -7.25917
57.1217 -7.24472
57.0994 -7.34972
180.0 180.0
59.8511 -1.26889
59.9064 -1.37806
60.1069 -1.26306
60.1875 -1.27361
60.2011 -1.33167
60.2433 -1.35028
60.2433 -1.39361
60.1925 -1.35833
60.1525 -1.45389
60.1944 -1.52694
60.2158 -1.46972
60.2144 -1.63139
60.2883 -1.69167
60.3072 -1.62833
60.2869 -1.55778
60.3208 -1.41306
60.2833 -1.36167
60.34 -1.34583
60.3508 -1.25917
60.4233 -1.43417
60.4847 -1.44389
60.4742 -1.61
60.4925 -1.60194
60.5541 -1.51111
60.5028 -1.43861
60.51 -1.38695
60.5414 -1.47639
60.6169 -1.32972
60.6311 -1.29445
60.5275 -1.31722
60.4071 -1.35545
60.4392 -1.23695
60.465 -1.29445
60.4936 -1.21111
60.4661 -1.19056
60.4211 -1.15472
60.4053 -1.23195
60.4164 -1.09583
60.3844 -1.12167
60.3858 -1.06111
60.3461 -1.09
60.3475 -1.17056
60.3108 -1.09083
60.2714 -1.12778
60.2633 -1.20056
60.228 -1.18056
60.1755 -1.195
60.1858 -1.14167
60.1342 -1.1725
59.9794 -1.2025
59.993 -1.24833
59.8511 -1.26889
180.0 180.0
57.9711 -5.26306
58.0644 -5.44445
58.0939 -5.44306
58.0639 -5.31111
58.1064 -5.28333
58.1617 -5.3
58.2425 -5.39639
58.2611 -5.38667
58.2491 -5.17667
58.27 -5.11556
58.223 -4.94639
58.2617 -4.92944
58.2858 -5.12167
58.3611 -5.16833
58.4097 -5.14611
58.4194 -5.08972
58.4508 -5.07333
58.5083 -5.10972
58.5383 -5.02861
58.6233 -5.005
58.6008 -4.82972
58.5219 -4.8175
58.5783 -4.7675
58.5522 -4.66
58.4433 -4.76472
58.518 -4.61139
58.5708 -4.58889
58.5514 -4.44083
58.5214 -4.42833
58.4453 -4.495
58.5339 -4.36
58.5889 -4.04111
58.5606 -3.8575
58.6225 -3.57111
58.5953 -3.36528
58.6494 -3.41028
58.6725 -3.37417
58.6444 -3.30889
58.6475 -3.02556
58.6003 -3.03
58.52 -3.12639
58.4822 -3.12333
58.4778 -3.05556
58.3694 -3.12194
58.2778 -3.33139
58.1955 -3.47139
57.9836 -3.90222
57.9605 -3.97944
57.948 -4.05722
57.8611 -4.01111
57.8528 -4.23472
57.8044 -3.93639
57.8611 -3.78861
57.8269 -3.79944
57.7025 -3.96889
57.6941 -4.02917
57.728 -4.01944
57.6464 -4.32944
57.5822 -4.43056
57.5728 -4.415
57.6594 -4.24944
57.6822 -4.01111
57.6578 -4.02
57.4953 -4.24889
57.5175 -4.11806
57.5572 -4.03861
57.5797 -4.08194
57.6536 -3.60695
57.6611 -3.52722
57.7166 -3.41444
57.6864 -3.19806
57.6622 -3.04194
57.7025 -2.79083
57.6697 -2.34111
57.6842 -2.24639
57.6778 -1.93
57.5433 -1.79945
57.4666 -1.76306
57.2292 -2.04556
57.1514 -2.07528
57.1133 -2.04944
56.8047 -2.30944
56.7586 -2.41556
56.5811 -2.52472
56.4586 -2.73417
56.4639 -2.91028
56.4486 -3.08111
56.36 -3.32528
56.3461 -3.265
56.4394 -2.82889
56.4186 -2.79944
56.3636 -2.83806
56.2839 -2.58583
56.268 -2.58306
56.1875 -2.78833
56.2042 -2.945
56.1136 -3.13583
56.06 -3.15833
56.0336 -3.52306
56.1114 -3.82056
56.0972 -3.81056
56.0072 -3.66639
55.9436 -3.05333
56.0058 -2.86111
56.0603 -2.79445
56.0586 -2.65028
56.0192 -2.57139
55.9122 -2.16417
55.8167 -2.03056
55.6342 -1.81972
55.6272 -1.75111
55.5589 -1.63
55.4236 -1.57389
55.3464 -1.58139
55.0456 -1.44556
54.8041 -1.30389
54.7325 -1.25695
54.6749 -1.18496
54.6386 -1.16861
54.5564 -0.777222
54.4033 -0.480833
54.2556 -0.381945
54.1166 -0.0786111
54.0547 -0.202778
54.0225 -0.216389
53.8731 -0.134444
53.6008 0.154167
53.6994 -0.207778
53.7344 -0.266667
53.7028 -0.653333
53.6836 -0.259747
53.5819 -0.1175
53.3994 0.235555
53.1939 0.351111
53.0958 0.341667
52.8917 0.0108333
52.793 0.383611
52.9625 0.537222
52.9519 0.927778
52.9281 1.27472
52.7711 1.64528
52.6306 1.7425
52.393 1.73305
52.2764 1.63972
52.0855 1.58861
51.9291 1.33389
52.0239 1.175
52.0197 1.15861
51.9648 1.25986
51.9558 1.24833
51.9511 1.07667
51.9397 1.15639
51.9392 1.29083
51.8744 1.20111
51.8775 1.29361
51.8089 1.22361
51.7733 1.11167
51.8055 1.00444
51.8078 0.936667
51.7375 0.85
51.7222 0.704167
51.6914 0.758611
51.7406 0.918889
51.6769 0.953056
51.61 0.953889
51.5283 0.803889
51.503 0.465
51.4506 0.382778
51.4728 0.683889
51.4553 0.725278
51.4369 0.714444
51.4111 0.558056
51.3786 0.611667
51.4161 0.719167
51.3572 0.767778
51.3761 1.17472
51.3922 1.42417
51.3471 1.44221
51.32 1.37667
51.2011 1.41111
51.1358 1.36889
51.0722 1.09556
51.0164 0.994444
50.9725 0.968611
50.9175 0.978611
50.9356 0.781389
50.8492 0.571944
50.7822 0.311389
50.7386 0.253889
50.8189 -0.2975
50.7275 -0.780833
50.7703 -0.907222
50.8008 -0.863889
50.8394 -0.927222
50.8403 -1.025
50.7914 -1.03917
50.7783 -1.08778
50.8222 -1.09111
50.8444 -1.14806
50.8053 -1.11583
50.7794 -1.13722
50.8575 -1.38028
50.8167 -1.31306
50.7914 -1.33167
50.7544 -1.52722
50.7108 -1.56111
50.7389 -1.67806
50.7139 -1.99611
50.7175 -2.06139
50.643 -1.93806
50.5986 -1.95861
50.6194 -2.17
50.6417 -2.39417
50.5983 -2.46472
50.5528 -2.42333
50.5233 -2.45806
50.5839 -2.47972
50.7055 -2.76222
50.7333 -2.90722
50.6128 -3.38194
50.6755 -3.46028
50.605 -3.4375
50.5389 -3.49889
50.4255 -3.55333
50.3867 -3.495
50.3022 -3.63806
50.2244 -3.64833
50.2122 -3.78944
50.3125 -3.94083
50.3228 -4.0925
50.4055 -4.19417
50.4572 -4.15889
50.435 -4.23333
50.4111 -4.21639
50.3217 -4.19556
50.3661 -4.3375
50.2864 -4.77306
50.2353 -4.78694
50.143 -5.005
50.1972 -5.035
50.1597 -5.06556
50.1344 -5.0725
50.0958 -5.12333
50.0619 -5.055
50.0092 -5.09417
49.9886 -5.17139
49.9553 -5.19306
50.0428 -5.26917
50.103 -5.38195
50.1272 -5.48945
50.1133 -5.5375
50.0594 -5.55195
50.0358 -5.66
50.0536 -5.71278
50.1494 -5.69778
50.2164 -5.50139
50.1928 -5.43278
50.3425 -5.15417
50.4105 -5.11361
50.4222 -5.05222
50.5564 -4.95667
50.5125 -4.84972
50.5825 -4.92195
50.5928 -4.78583
50.7564 -4.60889
50.7853 -4.55361
51.01 -4.52722
51.0141 -4.47472
50.9894 -4.35139
51.0705 -4.21195
51.1864 -4.23
51.243 -3.77722
51.1883 -3.23889
51.1908 -3.02528
51.2472 -3.00639
51.3464 -2.98972
51.4808 -2.79306
51.523 -2.68139
51.7219 -2.475
51.7403 -2.47889
51.585 -2.70667
51.5392 -2.88695
51.5203 -3.04139
51.4547 -3.16444
51.4097 -3.16417
51.3797 -3.33417
51.3978 -3.54278
51.5958 -3.82556
51.6125 -3.93583
51.5969 -3.99611
51.5522 -4.01722
51.565 -4.11195
51.5317 -4.21167
51.5569 -4.29528
51.6378 -4.24278
51.6461 -4.07806
51.7353 -4.35611
51.783 -4.36333
51.7278 -4.63417
51.6875 -4.69083
51.6319 -4.78333
51.6419 -4.85667
51.6067 -4.99389
51.6733 -5.11583
51.7069 -4.84389
51.7511 -4.88611
51.7016 -4.96722
51.7311 -5.21278
51.7708 -5.10444
51.8455 -5.12
51.8697 -5.2525
51.8617 -5.30944
51.9236 -5.22889
51.9961 -5.07694
52.0216 -5.07639
52.0141 -4.83778
52.113 -4.72278
52.1647 -4.44139
52.3153 -4.15028
52.4767 -4.06139
52.5239 -4.0575
52.5364 -3.96667
52.5511 -3.97472
52.5408 -4.05556
52.6017 -4.12639
52.6997 -4.05944
52.7317 -3.98917
52.7561 -4.09833
52.7983 -4.14833
52.9155 -4.06556
52.8905 -4.395
52.8294 -4.50056
52.7964 -4.49306
52.7789 -4.52528
52.8153 -4.59195
52.7887 -4.76188
52.9164 -4.615
53.0222 -4.37306
53.2061 -4.19667
53.2825 -3.83389
53.3311 -3.8775
53.2791 -3.61333
53.345 -3.37611
53.3467 -3.31528
53.2303 -3.0875
53.3155 -3.12
53.3811 -3.19056
53.4253 -3.07278
53.4233 -3.02722
53.3106 -2.9425
53.29 -2.78639
53.3464 -2.7025
53.3411 -2.76528
53.3205 -2.83361
53.3603 -2.95417
53.5517 -3.10778
53.7061 -2.94611
53.7267 -2.89778
53.7397 -3.02167
53.7808 -3.05806
53.9094 -3.0525
53.9989 -2.87139
54.0253 -2.92028
54.1147 -2.79944
54.1861 -2.85778
54.2436 -2.80361
54.1553 -2.92667
54.1486 -2.985
54.2244 -3.0375
54.0672 -3.13861
54.1008 -3.23083
54.165 -3.24889
54.1997 -3.20861
54.2611 -3.20861
54.1925 -3.24417
54.1914 -3.31667
54.2767 -3.40945
54.3416 -3.41222
54.5028 -3.62722
54.7128 -3.50917
54.7592 -3.43861
54.8764 -3.39194
54.9017 -3.33972
54.8736 -3.29222
54.8989 -3.25917
54.9136 -3.31667
54.9494 -3.20861
54.9514 -3.08778
54.9789 -3.04139
54.9783 -3.57556
54.8911 -3.56944
54.8489 -3.8125
54.7675 -3.95389
54.7685 -4.04319
54.8311 -4.06639
54.7683 -4.08917
54.8047 -4.19667
54.863 -4.20472
54.8364 -4.26194
54.8792 -4.37611
54.908 -4.39333
54.8722 -4.42944
54.8258 -4.41139
54.8008 -4.34028
54.6992 -4.34806
54.6767 -4.37611
54.7325 -4.54945
54.8097 -4.69556
54.8686 -4.85222
54.8086 -4.95528
54.7011 -4.90028
54.6344 -4.85695
54.6405 -4.9225
54.6803 -4.96361
54.7669 -5.00528
54.885 -5.16445
54.9847 -5.17861
55.0239 -5.10528
54.9214 -5.0575
54.9055 -5.01361
54.9255 -4.99139
55.023 -5.05139
55.1316 -5.01361
55.2753 -4.84167
55.3305 -4.81972
55.4864 -4.61389
55.5344 -4.64611
55.6044 -4.695
55.6919 -4.90833
55.7047 -4.91722
55.7464 -4.85945
55.9322 -4.88139
55.9597 -4.78667
55.93 -4.52528
56.0072 -4.765
56.0808 -4.83333
56.0278 -4.82528
55.9797 -4.77583
55.9825 -4.84889
56.0494 -4.87389
56.1997 -4.74611
56.1472 -4.81945
56.1075 -4.85889
56.1169 -4.88611
56.1692 -4.89111
56.1644 -4.91833
55.9861 -4.89583
55.8661 -4.97889
55.875 -5.04083
55.9782 -5.12475
55.9136 -5.0775
55.8994 -5.09167
55.9655 -5.18444
55.893 -5.23889
55.8336 -5.20278
55.8506 -5.30333
55.9897 -5.33528
56.1172 -5.20278
56.2453 -4.97583
56.085 -5.28611
56.0058 -5.37722
56.0228 -5.44556
55.9142 -5.42139
55.7867 -5.31861
55.7478 -5.38389
55.643 -5.48667
55.4847 -5.50972
55.4175 -5.58722
55.368 -5.51889
55.3167 -5.56722
55.2919 -5.75278
55.3014 -5.78611
55.3861 -5.79528
55.4366 -5.72111
55.673 -5.68056
55.7861 -5.53667
55.7797 -5.63278
55.8389 -5.67
55.9283 -5.57389
55.883 -5.67667
55.9242 -5.69083
56.0372 -5.57083
55.9814 -5.66945
55.9333 -5.69445
55.9608 -5.71056
56.0875 -5.58444
56.1817 -5.51194
56.1719 -5.55444
56.2308 -5.55722
56.2539 -5.49278
56.26 -5.53889
56.2494 -5.59389
56.3319 -5.56945
56.4464 -5.44667
56.4358 -5.22083
56.5571 -5.06903
56.4542 -5.20306
56.4553 -5.39667
56.5005 -5.41444
56.4683 -5.45806
56.5286 -5.42833
56.5442 -5.2825
56.5439 -5.41139
56.6644 -5.30306
56.7103 -4.99444
56.7014 -5.21056
56.7325 -5.22611
56.8128 -5.12194
56.6108 -5.48195
56.5028 -5.65056
56.5319 -5.76833
56.5697 -5.93056
56.6219 -6.00945
56.6475 -5.99306
56.6941 -5.5675
56.6808 -6.14722
56.6842 -6.20917
56.7103 -6.235
56.7558 -6.15222
56.7908 -5.78556
56.813 -5.85667
56.838 -5.79306
56.8889 -5.73889
56.9111 -5.87611
57.0008 -5.82972
57.0194 -5.73278
56.9728 -5.64917
57.0355 -5.67583
57.0494 -5.78444
57.075 -5.78139
57.1231 -5.65417
57.1058 -5.4
57.1428 -5.6675
57.1711 -5.67556
57.2444 -5.63722
57.27 -5.53694
57.2214 -5.45
57.2586 -5.47583
57.2728 -5.50861
57.3197 -5.4575
57.2808 -5.7025
57.3405 -5.69056
57.3591 -5.52083
57.3961 -5.45278
57.4216 -5.45806
57.3578 -5.55361
57.3694 -5.63611
57.3881 -5.60667
57.415 -5.62028
57.3467 -5.74083
57.3419 -5.78361
57.383 -5.82528
57.5389 -5.85194
57.5728 -5.83972
57.54 -5.70667
57.5258 -5.63583
57.5317 -5.51194
57.5494 -5.52167
57.5789 -5.715
57.6378 -5.81056
57.6953 -5.78528
57.6875 -5.68806
57.728 -5.70806
57.7433 -5.80556
57.8483 -5.80556
57.8694 -5.71695
57.8256 -5.66889
57.7861 -5.66194
57.7811 -5.58528
57.83 -5.58083
57.8883 -5.65056
57.9236 -5.61139
57.8486 -5.47278
57.9025 -5.42528
57.8439 -5.22222
57.9208 -5.33889
57.8286 -5.0775
57.8853 -5.13556
57.9192 -5.22
57.9411 -5.18639
57.9711 -5.26306
180.0 180.0
9.13038e-315 7.9841e-321
