CIC_MPM_VERS = 1.0
COMMENT Generated by Spacebel CCSDS library
CREATION_DATE = 2017-02-24T16:25:07.044219
ORIGINATOR = SVG² Control

META_START

USER_DEFINED_PROTOCOL = NONE
USER_DEFINED_CONTENT = REGION OF INTEREST
USER_DEFINED_SIZE = 2
USER_DEFINED_TYPE = REAL
USER_DEFINED_UNIT = [deg]

META_STOP

-32.4534 -58.1983
-32.3281 -58.1014
-32.2592 -58.0994
-32.155 -58.1844
-31.9903 -58.1464
-31.9217 -58.1839
-31.8542 -58.1789
-31.7864 -58.0372
-31.6103 -57.9792
-31.5525 -57.9869
-31.4842 -58.0775
-31.4567 -58.0761
-31.4017 -57.9889
-31.0464 -57.8517
-30.9342 -57.9103
-30.9122 -57.8136
-30.8769 -57.7958
-30.7347 -57.8089
-30.5922 -57.89
-30.5044 -57.8747
-30.4283 -57.7575
-30.2858 -57.6261
-30.19 -57.6403
-30.1827 -57.6135
-30.2056 -57.567
-30.2528 -57.5681
-30.2753 -57.5217
-30.2928 -57.2142
-30.2433 -57.1506
-30.185 -57.1455
-30.1094 -57.0717
-30.1006 -56.9758
-30.1128 -56.7953
-30.2522 -56.6194
-30.2947 -56.6253
-30.5289 -56.2742
-30.6456 -56.1639
-30.7964 -56.0019
-30.8603 -55.9767
-30.9445 -56.007
-31.0822 -56.0006
-31.0711 -55.8325
-30.9422 -55.7167
-30.9419 -55.6422
-30.8486 -55.6292
-30.8486 -55.5767
-30.9714 -55.4156
-31.2453 -55.2358
-31.327 -55.0653
-31.2706 -55.02
-31.3767 -54.9083
-31.4628 -54.5881
-31.5814 -54.4703
-31.6725 -54.4639
-31.9156 -54.1242
-31.875 -54.0672
-31.9492 -53.9075
-32.0117 -53.8639
-32.0556 -53.7469
-32.1428 -53.7189
-32.3661 -53.6294
-32.5706 -53.4003
-32.6028 -53.2553
-32.6661 -53.1717
-32.7242 -53.095
-32.747 -53.1117
-33.0928 -53.4967
-33.1995 -53.5306
-33.4081 -53.5011
-33.5808 -53.5242
-33.5852 -53.5241
-33.6814 -53.5231
-33.7477 -53.3758
-33.8445 -53.4775
-34.0661 -53.5372
-34.2622 -53.7531
-34.3908 -53.7714
-34.4508 -53.9042
-34.6358 -54.1408
-34.6714 -54.1453
-34.6894 -54.257
-34.5767 -54.2536
-34.5931 -54.2817
-34.6436 -54.3458
-34.6739 -54.2803
-34.6978 -54.2831
-34.7564 -54.4167
-34.9778 -54.9525
-34.9403 -54.9564
-34.8858 -55.0836
-34.9072 -55.257
-34.8703 -55.2864
-34.8061 -55.3858
-34.78 -55.7189
-34.8908 -56.0247
-34.9103 -56.28
-34.8381 -56.4264
-34.7944 -56.3675
-34.6636 -56.8936
-34.4622 -57.1181
-34.4431 -57.365
-34.4947 -57.8403
-34.187 -58.0836
-34.1592 -58.2086
-33.9097 -58.4103
-33.5545 -58.4386
-33.2742 -58.3464
-33.1508 -58.3667
-33.1186 -58.3464
-33.1119 -58.1667
-33.055 -58.0878
-32.9347 -58.0456
-32.8781 -58.0553
-32.7986 -58.132
-32.4534 -58.1983
