CIC_MPM_VERS = 1.0
COMMENT Generated by Spacebel CCSDS library
CREATION_DATE = 2017-02-24T16:25:07.051219
ORIGINATOR = SVG² Control

META_START

USER_DEFINED_PROTOCOL = NONE
USER_DEFINED_CONTENT = REGION OF INTEREST
USER_DEFINED_SIZE = 2
USER_DEFINED_TYPE = REAL
USER_DEFINED_UNIT = [deg]

META_STOP

45.5683 58.5606
45.5707 58.5714
45.5643 58.5691
45.5138 58.6757
44.2926 60.9731
44.2972 60.9733
44.3222 60.9516
44.3336 60.9797
44.2737 61.0086
44.2445 61.0634
44.3433 61.0272
44.3816 61.0497
44.2173 61.1147
44.2068 61.1345
44.2263 61.1367
44.1693 61.205
43.4861 62.0239
43.6364 63.2114
43.5706 63.9972
43.5481 64.4581
43.7378 64.9314
43.4325 65.2683
43.3172 65.5269
42.8772 65.8219
42.9969 66.1239
42.4242 66.0708
42.4233 66.0367
42.0031 66.0292
42.0031 66.5264
41.7328 66.5586
41.175 66.72
41.15 66.8758
41.1436 67.0714
41.1533 67.4558
41.1925 67.755
41.1628 67.8611
41.1944 67.9344
41.12 67.9969
41.0436 68.0281
41.0536 68.0592
41.0436 68.0825
41.0656 68.1056
41.0514 68.1439
41.0308 68.1511
41.02 68.1225
40.9978 68.1444
40.9356 68.135
40.8625 68.0878
40.8139 68.0156
40.8011 68.075
40.6914 68.2333
40.5978 68.4553
40.5911 68.4844
40.6256 68.5375
40.5997 68.6081
40.6075 68.6317
40.6261 68.6483
40.6364 68.6239
40.6717 68.6519
40.7222 68.6322
40.7303 68.5897
40.8614 68.5681
40.8739 68.5936
40.92 68.5936
40.9131 68.6119
40.9369 68.6167
40.9789 68.7244
41.0772 68.7744
41.1092 68.8683
41.1614 68.8983
41.1758 68.9839
41.2161 69.0631
41.3508 69.0806
41.3794 69.0564
41.4083 69.1231
41.4017 69.1508
41.4258 69.1567
41.4706 69.2478
41.4586 69.2925
41.4842 69.3464
41.475 69.4194
41.5253 69.4036
41.5678 69.4431
41.5828 69.5067
41.6733 69.6422
41.7064 69.8453
41.7117 69.9308
41.7803 70.0092
41.7803 70.0581
41.8089 70.0869
41.8281 70.1403
41.9414 70.2256
41.9772 70.3022
42.0394 70.3331
42.0642 70.3733
42.1 70.4883
42.0689 70.5311
42.0381 70.5392
42.0197 70.6244
42.1017 70.6689
42.2011 70.7528
42.1964 70.8569
42.2528 70.9694
42.2964 71.0278
42.3028 71.0672
42.2042 71.2761
42.1703 71.2597
42.1394 71.2169
42.1319 71.1467
42.0444 70.9869
42.04 70.8711
42.0164 70.8533
41.9253 70.8442
41.905 70.6853
41.7967 70.5261
41.7131 70.47
41.5775 70.1811
41.525 70.1917
41.4969 70.3767
41.4731 70.4217
41.4122 70.4742
41.4219 70.5403
41.4764 70.6694
41.4708 70.7119
41.3575 70.7928
41.2433 70.7847
41.2564 70.8472
41.1994 70.9331
41.1947 71.0547
41.1644 71.1075
41.1642 71.1514
41.1167 71.1956
41.1369 71.2133
41.1822 71.2025
41.1964 71.2433
41.1756 71.2714
41.1192 71.2853
41.1225 71.3111
41.1658 71.35
41.1186 71.4181
41.1372 71.44
41.3489 71.4381
41.3008 71.5503
41.3192 71.6036
41.4289 71.66
41.5075 71.6206
41.5564 71.6461
41.5564 71.6914
41.5225 71.7164
41.4319 71.695
41.4556 71.7253
41.4314 71.7483
41.4617 71.7639
41.3333 71.8872
41.1944 71.8933
41.2019 71.9994
41.1589 72.0528
41.2019 72.1219
41.1925 72.1836
41.06 72.2167
41.0043 72.1945
41.0322 72.3192
41.0828 72.3514
41.0336 72.405
41.0153 72.5061
40.9756 72.5075
40.9647 72.5667
40.8853 72.6317
40.8692 72.7256
40.8767 72.8819
40.8678 72.8994
40.8228 72.8953
40.8789 73.0278
40.8731 73.0469
40.8428 73.0547
40.8486 73.1456
40.8322 73.1689
40.8172 73.1703
40.7714 73.0961
40.7 72.9167
40.6747 72.8045
40.57 72.7681
40.5833 72.69
40.5328 72.6725
40.5169 72.6486
40.5186 72.5972
40.5572 72.5225
40.5578 72.4736
40.615 72.3844
40.5986 72.3694
40.56 72.3958
40.5211 72.3811
40.4644 72.453
40.3889 72.4236
40.4311 72.2956
40.4264 72.2406
40.4397 72.2375
40.4458 72.2764
40.4625 72.2825
40.4603 72.1736
40.4308 72.1103
40.3725 72.0983
40.3183 71.9744
40.2925 71.9803
40.2633 72.0494
40.2469 72.0419
40.2528 71.9831
40.2389 71.9572
40.2642 71.8633
40.1839 71.7972
40.1458 71.7106
40.1689 71.6875
40.2208 71.6881
40.2611 71.6656
40.2553 71.6347
40.2064 71.6217
40.2061 71.5628
40.2328 71.4903
40.2753 71.4644
40.2728 71.4211
40.3019 71.39
40.3033 71.3089
40.3319 71.2736
40.2692 71.2172
40.2775 71.0642
40.2703 70.9992
40.2447 70.9822
40.2428 70.8706
40.2039 70.7161
40.2103 70.6258
40.2553 70.5894
40.3425 70.5581
40.3603 70.5158
40.3511 70.4567
40.3767 70.375
40.4022 70.3783
40.4297 70.3464
40.4617 70.3508
40.5067 70.485
40.5497 70.515
40.5747 70.5797
40.7255 70.7955
40.7556 70.7767
40.7722 70.6922
40.7861 70.6494
40.8225 70.6458
40.8275 70.6672
40.7981 70.7011
40.8006 70.7289
40.8139 70.7281
40.9811 70.5442
41.0372 70.4719
41.0503 70.4305
41.0278 70.3817
40.9583 70.3747
40.8942 70.3167
40.8558 70.2481
40.8267 70.1222
40.77 70.0503
40.7156 69.8231
40.6386 69.7325
40.6467 69.6803
40.7822 69.5344
40.7856 69.4892
40.8111 69.4592
40.8003 69.4003
40.7689 69.3517
40.7381 69.335
40.6022 69.3322
40.5897 69.2514
40.5589 69.2106
40.5028 69.2597
40.3278 69.3392
40.2864 69.3075
40.3117 69.24
40.2817 69.2317
40.2119 69.3214
40.1897 69.2353
40.2244 69.0978
40.2386 69.0322
40.2186 68.8761
40.1947 68.8358
40.2081 68.7683
40.1833 68.6444
40.1783 68.6008
40.1628 68.6014
40.1169 68.7058
40.1417 68.8636
40.1492 68.9872
40.1011 69.0094
40.07 68.9975
40.0775 68.9006
40.0408 68.8386
40.0831 68.8086
40.0706 68.7853
40.0433 68.8083
39.9939 68.8153
39.8914 68.9092
39.8742 68.8533
39.9717 68.8058
39.9869 68.7753
39.9003 68.8156
39.8783 68.8125
39.8619 68.7744
39.8389 68.7794
39.8275 68.7608
39.8714 68.7222
39.85 68.6739
39.8558 68.6397
39.6561 68.63
39.6136 68.5925
39.5872 68.5367
39.5547 68.5403
39.5375 68.4733
39.5367 68.3533
39.5672 68.0825
39.6214 67.8275
39.6258 67.7097
39.5664 67.6047
39.5547 67.5097
39.4956 67.5136
39.4856 67.4425
39.2992 67.4106
39.2942 67.3667
39.2253 67.3675
39.2097 67.3819
39.1678 67.5178
39.1719 67.6175
39.14 67.6539
39.1347 67.6947
39.0494 67.6872
38.9967 67.7094
38.9767 67.8633
39.0089 67.9689
38.9842 68.0369
38.9975 68.1133
38.9008 68.1839
38.8544 68.1964
38.8086 68.155
38.7944 68.0831
38.7392 68.1008
38.6969 68.0578
38.6092 68.0806
38.5414 68.0719
38.4983 68.1111
38.4244 68.1272
38.395 68.1694
38.3322 68.2156
38.2733 68.3314
38.1956 68.3842
38.1122 68.3686
38.0181 68.2964
37.9544 68.2739
37.9281 68.1506
37.7653 68.0731
37.6172 67.9172
37.5353 67.8564
37.4461 67.8175
37.3306 67.8439
37.2619 67.8381
37.1858 67.7772
37.2061 67.7741
37.2461 67.6494
37.2155 67.5575
37.2725 67.5216
37.235 67.4244
37.1853 67.2664
37.1919 67.2294
37.2467 67.2003
37.3772 67.0216
37.3614 66.7444
37.3383 66.6653
37.368 66.5869
37.3605 66.5388
37.4047 66.5167
37.4686 66.5717
37.5217 66.5169
37.6639 66.5478
37.7728 66.5383
37.8239 66.5578
37.9367 66.6664
37.9733 66.6703
38.0031 66.6439
38.0383 66.5556
38.0436 66.4239
38.0847 66.3194
38.155 66.2536
38.1739 66.1628
38.2361 66.0717
38.2428 65.99
38.2808 65.8953
38.2736 65.8403
38.2264 65.7486
38.2539 65.5972
38.4108 65.2922
38.6267 64.9872
38.7419 64.6653
38.8542 64.4972
38.9911 64.3403
38.9536 64.2147
38.955 64.1739
39.2061 63.7128
39.3936 63.5264
39.6444 63.0386
39.7844 62.8194
39.9097 62.5844
40.0311 62.4411
40.1047 62.4181
40.1839 62.4408
40.2292 62.4067
40.3242 62.3939
40.3725 62.3533
40.4203 62.3553
40.4692 62.275
40.4861 62.2014
40.5842 62.1231
40.6539 62.0972
40.7236 62.0425
40.8492 61.9958
40.9997 61.975
41.1117 61.8933
41.2675 61.6114
41.3025 61.4247
41.2922 61.4033
41.2343 61.3853
41.1872 61.3553
41.1614 61.2733
41.1989 61.1672
41.2319 61.1419
41.2372 61.0858
41.2214 61.0469
41.2458 61.0331
41.2083 61.0017
41.2486 60.9558
41.2578 60.8119
41.2581 60.705
41.2194 60.4883
41.3086 60.3386
41.4103 60.0911
41.4425 60.0769
41.5375 60.0994
41.5944 60.1864
41.7242 60.0803
41.7578 60.0697
41.805 60.1225
41.7725 60.2569
41.7978 60.275
41.8228 60.2561
41.8622 60.1778
41.9217 60.1228
41.9622 59.9342
41.9803 59.9256
41.9947 59.9372
42.015 60.0247
42.1319 59.9922
42.1883 60.0644
42.2433 59.9567
42.2978 59.9161
42.315 59.8439
42.3225 59.7358
42.2928 59.4572
42.3381 59.3714
42.3478 59.2847
42.3722 59.2639
42.4517 59.2586
42.5411 59.1558
42.5239 59.0472
42.5408 58.9517
42.6394 58.8019
42.7975 58.6175
42.7842 58.5978
42.6625 58.5628
42.6608 58.4225
42.6975 58.2939
42.6519 58.1644
42.6308 58.1431
42.6011 58.1642
42.5483 58.315
42.3778 58.4469
42.3181 58.5142
42.3011 58.5106
42.2967 58.4119
42.3894 58.4114
42.4414 58.3381
42.4761 58.2256
42.4622 58.1467
42.5039 58.1017
42.5053 58.0336
42.45 57.97
42.4419 57.9239
42.3672 57.9636
42.2606 57.9047
42.2378 57.8478
42.2064 57.875
42.1906 57.8692
42.1842 57.7522
42.1536 57.6644
42.1753 57.4739
42.1625 57.3869
42.0953 57.2458
41.9417 57.1197
41.885 56.9783
41.8433 56.9694
41.7497 56.9947
41.6647 56.9761
41.575 57.0358
41.4669 57.0428
41.4014 57.0958
41.3711 57.1883
41.3219 57.0922
41.2628 57.05
41.2994 56.8275
41.2881 56.6669
41.3255 55.9985
43.1647 55.9978
45.0031 55.9972
45.5683 58.5606
