CIC_MPM_VERS = 1.0
COMMENT Generated by Spacebel CCSDS library
CREATION_DATE = 2017-02-24T16:25:07.120218
ORIGINATOR = SVG² Control

META_START

USER_DEFINED_PROTOCOL = NONE
USER_DEFINED_CONTENT = REGION OF INTEREST
USER_DEFINED_SIZE = 2
USER_DEFINED_TYPE = REAL
USER_DEFINED_UNIT = [deg]

META_STOP

-16.3597 168.124
-16.2653 167.92
-16.2167 167.921
-16.1756 168.086
-16.0897 168.143
-16.097 168.19
-16.1981 168.223
-16.2772 168.311
-16.3097 168.325
-16.3411 168.299
-16.3597 168.124
180.0 180.0
-17.8281 168.372
-17.7967 168.369
-17.7961 168.304
-17.7442 168.309
-17.7072 168.277
-17.6981 168.224
-17.7514 168.171
-17.7089 168.151
-17.5314 168.311
-17.5431 168.444
-17.6597 168.526
-17.6975 168.586
-17.8069 168.53
-17.8281 168.372
180.0 180.0
-19 169.271
-18.9289 169.089
-18.8564 168.98
-18.8164 169.002
-18.7636 168.98
-18.64 169.019
-18.6197 169.097
-18.6444 169.151
-18.725 169.172
-18.7364 169.244
-18.7767 169.264
-18.7803 169.209
-18.8011 169.199
-18.8539 169.268
-18.8983 169.329
-18.9625 169.324
-19 169.271
180.0 180.0
-16.847 168.474
-16.7881 168.34
-16.8175 168.19
-16.7122 168.119
-16.5795 168.142
-16.5761 168.184
-16.6856 168.232
-16.6894 168.306
-16.7694 168.361
-16.7717 168.453
-16.847 168.474
180.0 180.0
-19.6403 169.448
-19.6369 169.35
-19.4617 169.203
-19.3503 169.232
-19.3278 169.281
-19.3314 169.354
-19.445 169.347
-19.527 169.484
-19.5875 169.462
-19.6403 169.448
180.0 180.0
-15.9972 168.199
-15.9192 168.177
-15.8881 168.168
-15.8242 168.154
-15.6522 168.115
-15.4686 168.15
-15.4845 168.178
-15.9875 168.249
-15.9972 168.199
180.0 180.0
-16.5933 167.495
-16.5322 167.417
-16.5172 167.452
-16.4497 167.422
-16.2261 167.376
-16.1253 167.327
-16.1483 167.181
-16.0744 167.144
-15.9039 167.175
-15.8731 167.222
-15.9117 167.327
-16.1064 167.413
-16.1403 167.472
-16.3353 167.764
-16.4139 167.79
-16.4575 167.837
-16.5483 167.771
-16.4978 167.6
-16.5933 167.495
180.0 180.0
-15.4795 167.863
-15.4792 167.71
-15.4633 167.673
-15.3864 167.728
-15.2933 167.895
-15.2808 167.975
-15.2944 168.005
-15.4795 167.863
180.0 180.0
-10.8736 165.883
-10.8211 165.861
-10.8542 165.81
-10.805 165.777
-10.7539 165.794
-10.7739 165.836
-10.7067 165.857
-10.6717 165.95
-10.675 166.154
-10.6992 166.166
-10.7947 166.064
-10.7714 165.967
-10.8736 165.883
180.0 180.0
-15.6631 166.815
-15.6464 166.765
-15.4286 166.635
-15.3197 166.64
-14.8214 166.522
-14.6539 166.552
-14.6278 166.602
-14.7686 166.676
-14.8142 166.741
-14.9989 166.772
-15.1583 166.808
-15.1469 166.933
-14.9486 166.966
-14.9244 167.005
-14.9336 167.081
-14.967 167.045
-15.1439 167.092
-15.1233 167.122
-15.5231 167.239
-15.5981 167.072
-15.5828 166.903
-15.6631 166.815
180.0 180.0
9.13038e-315 8.01374e-321
