CIC_MPM_VERS = 1.0
COMMENT Generated by Spacebel CCSDS library
CREATION_DATE = 2017-02-24T16:25:07.177218
ORIGINATOR = SVG² Control

META_START

USER_DEFINED_PROTOCOL = NONE
USER_DEFINED_CONTENT = REGION OF INTEREST
USER_DEFINED_SIZE = 2
USER_DEFINED_TYPE = REAL
USER_DEFINED_UNIT = [deg]

META_STOP

10.8586 -64.0495
10.96 -64.172
10.9433 -64.2939
10.9675 -64.4061
11.0536 -64.382
11.0628 -64.3308
11.0886 -64.2122
10.9953 -64.1058
10.9867 -64.0453
11.173 -63.8908
11.1294 -63.8458
10.9644 -63.8181
10.8586 -64.0495
180.0 180.0
9.17372 -73.3184
9.16694 -73.3719
9.18972 -73.3839
9.58166 -73.0958
9.83694 -72.9625
9.98888 -72.9789
10.5231 -72.8472
10.9372 -72.5844
11.1211 -72.4931
11.165 -72.3414
11.1525 -72.265
11.665 -71.9772
11.8128 -71.4036
11.8526 -71.3248
11.7533 -71.3786
11.6083 -71.9089
11.5942 -71.9567
11.5367 -71.9703
11.3194 -71.9147
11.0864 -71.7547
11.0194 -71.632
10.9858 -71.6622
11.0325 -71.735
11.0105 -71.7656
10.7144 -71.5772
10.4503 -71.6219
10.373 -71.7525
9.96972 -72.025
9.81861 -72.1278
9.5975 -71.9828
9.57389 -72.0106
9.53111 -71.9661
9.49722 -71.9617
9.51416 -72.0175
9.46 -71.9914
9.49583 -71.9158
9.43861 -71.8411
9.44166 -71.8892
9.42389 -71.8881
9.42111 -71.8195
9.36444 -71.7744
9.34972 -71.7256
9.27861 -71.737
9.23583 -71.7975
9.20361 -71.7333
9.11972 -71.7636
9.04416 -71.63
9.04861 -71.5056
9.14583 -71.2525
9.28055 -71.1583
9.31083 -71.0736
9.34833 -71.0553
9.53194 -71.09
9.72222 -71.0311
9.88361 -71.0906
10.255 -71.3795
10.5655 -71.5453
10.7269 -71.5267
10.8017 -71.5817
10.7956 -71.4467
10.8242 -71.4333
10.9136 -71.4145
10.9564 -71.4986
11.0761 -71.0839
11.2192 -70.7747
11.3194 -70.352
11.4147 -70.1461
11.4742 -70.1567
11.4378 -70.04
11.505 -70.0453
11.43 -69.8881
11.4278 -69.7989
11.4894 -69.7417
11.6908 -69.8147
11.6031 -70.1828
11.6156 -70.227
11.7753 -70.2439
11.8533 -70.3011
12.1112 -70.2067
12.1297 -70.1208
12.1953 -70.0272
12.1697 -69.9347
11.9908 -69.8244
11.6289 -69.7428
11.4964 -69.6622
11.4589 -69.6092
11.5061 -69.5267
11.4906 -69.3697
11.5339 -69.2884
11.3908 -68.7817
11.1628 -68.3961
10.9247 -68.2753
10.9272 -68.2983
10.9386 -68.3278
10.9089 -68.3719
10.8972 -68.2517
10.8628 -68.2445
10.8511 -68.3186
10.7725 -68.3286
10.5889 -68.2536
10.5008 -68.1703
10.4797 -67.8222
10.5472 -67.2739
10.6197 -66.7092
10.6064 -66.1506
10.5797 -66.0495
10.5297 -66.0997
10.4969 -66.1198
10.2497 -65.8381
10.2197 -65.7839
10.2181 -65.7192
10.1517 -65.4683
10.0511 -65.1239
10.065 -65.0131
10.0975 -64.9425
10.0797 -64.8297
10.1131 -64.7328
10.1969 -64.6928
10.2119 -64.6506
10.2564 -64.5933
10.2769 -64.4075
10.3103 -64.3772
10.3239 -64.445
10.3386 -64.3831
10.3742 -64.3981
10.3842 -64.3681
10.4117 -64.2408
10.4753 -64.1925
10.4414 -63.8156
10.4936 -63.6553
10.5275 -63.8
10.5783 -63.9636
10.5636 -64.1731
10.5131 -64.2331
10.6208 -64.2995
10.6381 -64.2895
10.6689 -64.2653
10.6267 -64.1811
10.6411 -63.8583
10.7094 -63.8164
10.6433 -63.687
10.655 -63.4425
10.7136 -63.0403
10.7311 -62.7914
10.7364 -62.5531
10.7028 -62.0864
10.7458 -61.8542
10.665 -61.9103
10.633 -62.2397
10.5367 -62.3175
10.5361 -62.8775
10.5239 -62.882
10.4925 -62.8364
10.4022 -62.8306
10.418 -62.9172
10.3889 -62.9917
10.3531 -62.9586
10.2758 -63.0031
10.2781 -62.9364
10.395 -62.9547
10.4042 -62.9308
10.3817 -62.8372
10.4033 -62.7914
10.285 -62.6703
10.118 -62.6239
10.0739 -62.6703
10.0614 -62.8847
10.1022 -62.9042
10.0886 -62.9631
9.99861 -62.9261
10.0742 -62.9267
9.98889 -62.8081
10.0356 -62.7881
10.0467 -62.7247
10.0592 -62.6628
10.0936 -62.6144
10.2108 -62.6219
10.2297 -62.5997
10.1783 -62.5033
9.99611 -62.4394
9.705 -62.3181
9.7475 -62.2772
9.92694 -62.2486
9.97111 -62.2511
9.865 -62.1803
9.63444 -62.2119
9.68277 -62.1645
9.85222 -62.1589
9.92861 -62.1911
9.86028 -62.0367
9.88639 -62.0381
9.94028 -62.2067
9.96333 -62.2325
10.0094 -62.2164
9.97861 -62.0567
9.80139 -61.8392
9.73694 -61.8094
9.70389 -61.7486
9.75333 -61.7625
9.81639 -61.8164
9.83055 -61.8122
9.77972 -61.5978
9.82194 -61.5886
9.89083 -61.6503
9.90611 -61.6225
9.79194 -61.4503
9.63778 -61.3372
9.57222 -61.2128
9.60527 -61.1989
9.52944 -60.9675
9.48472 -60.9686
9.48194 -60.907
9.38139 -60.7994
9.31111 -60.7831
9.13833 -61.0494
9.04555 -61.11
9.04083 -61.0953
9.16639 -60.985
9.17444 -60.9483
8.94361 -61.1058
8.70194 -61.1928
8.62166 -61.1931
8.59111 -61.2183
8.59027 -61.5267
8.62694 -61.6025
8.58944 -61.6603
8.42777 -61.2408
8.49416 -61.1753
8.50194 -61.0272
8.46083 -61.0775
8.46028 -61.0333
8.56861 -60.9828
8.60472 -60.7192
8.52639 -60.4747
8.57744 -60.4266
8.62639 -60.4067
8.6275 -60.2364
8.55389 -60.0253
8.5336 -59.9891
8.275 -59.8014
8.22888 -59.832
8.21027 -59.9445
8.04139 -60.0233
7.98139 -60.1781
7.84604 -60.3409
7.80222 -60.5353
7.60111 -60.6328
7.56611 -60.6936
7.52889 -60.7197
7.45583 -60.6911
7.43667 -60.6458
7.31639 -60.5881
7.25805 -60.6344
7.19444 -60.6178
7.12389 -60.5356
7.18111 -60.4953
7.17555 -60.3578
7.1125 -60.2783
7.02417 -60.3314
6.93028 -60.3681
6.9475 -60.4083
6.75805 -60.7131
6.80916 -60.9094
6.75972 -60.8961
6.70194 -61.1381
6.57444 -61.2047
6.49222 -61.1536
6.32889 -61.1567
6.28222 -61.1139
6.18722 -61.1131
6.12889 -61.2192
6.06676 -61.2791
5.94 -61.39
5.20528 -60.7329
5.1875 -60.6628
4.98111 -60.5797
4.85555 -60.6417
4.72972 -60.8161
4.71167 -60.885
4.58472 -60.9308
4.52055 -60.985
4.51972 -61.2664
4.52028 -61.3114
4.45722 -61.2814
4.4175 -61.3422
4.42111 -61.4567
4.39528 -61.505
4.29805 -61.5125
4.24917 -61.5533
4.24944 -61.7455
4.15083 -61.8925
4.15111 -62.0511
4.10083 -62.11
4.1225 -62.2464
4.18194 -62.4003
4.12639 -62.5314
4.04167 -62.542
4.03805 -62.7311
3.98611 -62.7539
3.83472 -62.7586
3.73111 -62.7275
3.67111 -62.7356
3.60694 -62.7753
3.56028 -62.875
3.60083 -62.9872
3.94667 -63.3147
3.97083 -63.3825
3.96611 -63.4233
3.86667 -63.4567
3.8575 -63.5011
3.94361 -63.6083
3.95972 -63.8475
3.88305 -63.9886
3.89528 -64.0433
4.09861 -64.1169
4.14805 -64.2489
4.12166 -64.5822
4.22195 -64.6416
4.26722 -64.693
4.28917 -64.7692
4.27722 -64.798
4.20194 -64.8011
4.07055 -64.6853
3.83389 -64.4975
3.61 -64.2036
3.54611 -64.1825
3.43305 -64.2358
3.12333 -64.2186
2.80222 -64.01
2.63305 -63.9931
2.51333 -64.0475
2.47055 -64.0369
2.42555 -63.4869
2.42139 -63.3658
2.26972 -63.3578
2.15139 -63.3931
2.06472 -63.6511
1.98028 -63.7639
1.96722 -63.9708
1.90917 -64.0439
1.65028 -64.0703
1.48056 -64.2553
1.36694 -64.3417
1.36444 -64.3669
1.40972 -64.3864
1.48417 -64.35
1.51139 -64.3703
1.4375 -64.5233
1.26278 -64.6975
1.24361 -64.7511
1.28222 -64.8156
1.13389 -65.0172
1.14528 -65.0986
1.1125 -65.1406
0.954722 -65.172
0.924166 -65.1967
0.926666 -65.3017
0.830833 -65.39
0.699166 -65.4336
0.649722 -65.5192
0.671667 -65.5636
0.725833 -65.5836
0.843889 -65.5092
0.904722 -65.5111
0.971111 -65.5594
0.984444 -65.7036
0.913333 -65.8622
0.803889 -65.9711
0.732777 -66.1294
0.752222 -66.3175
1.22554 -66.8734
1.69583 -66.9917
1.98778 -67.1339
2.09944 -67.1119
2.14806 -67.1725
2.27528 -67.2169
2.33694 -67.1742
2.3925 -67.1925
2.43889 -67.2814
2.66639 -67.4939
2.68333 -67.5678
2.79556 -67.6072
2.83889 -67.757
2.79245 -67.8463
2.86833 -67.8434
3.24194 -67.4467
3.25917 -67.3842
3.3975 -67.2908
3.45194 -67.3039
3.47889 -67.3744
3.72278 -67.4889
3.73778 -67.5958
3.95861 -67.6906
4.0875 -67.7292
4.2275 -67.8056
4.46528 -67.813
4.52528 -67.8753
5.05 -67.7931
5.11222 -67.8289
5.30778 -67.8497
5.43055 -67.7317
5.53917 -67.6133
5.67 -67.6517
5.7875 -67.6222
5.98722 -67.4144
6.11861 -67.4919
6.19311 -67.4548
6.26611 -67.5736
6.30833 -67.8356
6.20667 -68.0011
6.22333 -68.1522
6.16694 -68.3136
6.19055 -68.4542
6.13416 -68.6442
6.19861 -68.9711
6.19916 -69.0942
6.1 -69.195
6.08389 -69.257
6.15305 -69.3314
6.11861 -69.4297
6.97583 -70.1192
6.93972 -70.3075
7.01528 -70.5131
7.09028 -70.5695
7.085 -70.8242
7.00278 -70.9631
6.99528 -71.1322
7.04472 -71.553
6.98527 -71.8808
7.06167 -72.0656
7.19861 -72.1456
7.38277 -72.1833
7.40611 -72.3992
7.49194 -72.4717
7.99 -72.4203
8.04194 -72.4025
8.04944 -72.3336
8.14639 -72.3356
8.36305 -72.3842
8.64111 -72.6644
9.11305 -72.7722
9.14027 -72.8453
9.09833 -72.9269
9.1425 -72.9736
9.26083 -72.9811
9.3025 -73.0014
9.17372 -73.3184
180.0 180.0
9.13038e-315 7.99398e-321
