CIC_MPM_VERS = 1.0
COMMENT Generated by Spacebel CCSDS library
CREATION_DATE = 2017-02-24T16:25:07.279718
ORIGINATOR = SVG² Control

META_START

USER_DEFINED_PROTOCOL = NONE
USER_DEFINED_CONTENT = REGION OF INTEREST
USER_DEFINED_SIZE = 2
USER_DEFINED_TYPE = REAL
USER_DEFINED_UNIT = [deg]

META_STOP

19.6944 104.04
19.66 104.139
19.6883 104.164
19.6869 104.309
19.6615 104.321
19.6933 104.414
19.6047 104.523
19.6155 104.645
19.6689 104.662
19.7914 104.836
19.8533 104.846
19.8742 104.779
19.9453 104.853
19.9869 104.96
20.0186 104.981
20.1856 104.935
20.2189 104.68
20.2806 104.679
20.2903 104.714
20.3456 104.707
20.4197 104.603
20.4081 104.51
20.4386 104.389
20.4606 104.381
20.5372 104.471
20.5164 104.551
20.6603 104.644
20.6739 104.585
20.8344 104.348
20.9772 104.109
20.9583 104.077
20.8458 103.804
20.7486 103.789
20.7242 103.729
20.67 103.738
20.6583 103.687
20.8278 103.449
20.7942 103.417
20.8508 103.166
21.06 103.031
21.0786 102.967
21.2344 102.917
21.2608 102.823
21.3028 102.9
21.4547 102.944
21.4328 102.875
21.5442 102.962
21.6828 102.989
21.7489 102.965
21.7247 102.939
21.7183 102.861
21.8269 102.858
21.8478 102.829
21.8281 102.807
21.7336 102.817
21.6664 102.747
21.6625 102.671
21.8631 102.641
21.9622 102.506
22.1206 102.419
22.2178 102.268
22.3959 102.141
22.4283 102.18
22.413 102.251
22.4842 102.264
22.6328 102.415
22.6708 102.382
22.7714 102.469
22.765 102.521
22.6975 102.56
22.6908 102.684
22.5978 102.868
22.4819 102.929
22.4356 103.031
22.4453 103.071
22.4928 103.069
22.538 103.163
22.6244 103.18
22.6692 103.275
22.7931 103.327
22.7819 103.381
22.6033 103.549
22.6472 103.585
22.698 103.563
22.784 103.653
22.5811 103.857
22.4988 103.965
22.5472 104.017
22.6911 104.035
22.7922 104.103
22.8319 104.256
22.7378 104.262
22.6867 104.362
22.8217 104.591
22.815 104.724
22.9367 104.861
23.0997 104.823
23.2303 105.064
23.2605 105.241
23.3758 105.323
23.1872 105.518
23.1603 105.554
23.0644 105.57
23.0239 105.762
22.9103 105.872
22.9833 106.146
22.953 106.227
22.8719 106.252
22.8533 106.337
22.9022 106.606
22.8561 106.643
22.8755 106.679
22.8003 106.822
22.5728 106.68
22.6155 106.635
22.6069 106.607
22.3642 106.561
22.3375 106.578
22.3286 106.654
22.0572 106.695
21.9858 106.675
21.9658 106.692
22.0153 106.747
21.9386 107.023
21.9144 107.048
21.835 107.013
21.7119 107.212
21.7311 107.301
21.605 107.363
21.6178 107.403
21.6581 107.454
21.6417 107.487
21.5978 107.486
21.625 107.704
21.6671 107.783
21.5889 107.917
21.5426 107.986
21.4817 108.077
21.4308 107.965
21.4742 107.965
21.4444 107.919
21.5228 107.914
21.5236 107.821
21.4772 107.794
21.4372 107.761
21.323 107.609
21.2922 107.555
21.3256 107.54
21.2861 107.445
21.2714 107.372
21.2275 107.359
21.1756 107.387
21.0078 107.351
20.9911 107.214
20.9314 107.195
20.9519 107.069
21.0089 107.093
20.9894 107.013
20.9478 107.007
20.9783 106.886
20.9006 106.941
20.8717 106.858
20.9122 106.85
20.9358 106.775
20.9675 106.774
20.9719 106.829
21.0064 106.807
21.0022 106.666
20.9325 106.76
20.8686 106.7
20.6744 106.805
20.7055 106.753
20.6628 106.706
20.6142 106.628
20.5436 106.58
20.4583 106.562
20.4378 106.595
20.2839 106.567
20.3021 106.5
20.2672 106.557
20.2072 106.456
20.2144 106.393
20.1411 106.327
19.983 106.17
19.96 106.072
19.9958 106.029
19.9208 105.954
19.8247 105.93
19.7675 105.93
19.7097 105.862
19.6175 105.824
19.4217 105.809
19.4039 105.768
19.2978 105.812
19.2283 105.733
19.0997 105.732
19.0042 105.607
18.9164 105.63
18.77 105.755
18.7222 105.745
18.7075 105.764
18.6125 105.817
18.4783 105.904
18.2908 106.088
18.265 106.146
18.2419 106.198
18.1131 106.351
18.1197 106.435
18.0667 106.432
17.9533 106.511
17.9186 106.483
17.8314 106.447
17.7122 106.494
17.7008 106.471
17.7311 106.435
17.7244 106.43
17.7022 106.37
17.6778 106.403
17.7136 106.422
17.6653 106.511
17.4294 106.675
17.2408 106.89
17.0694 107.125
17.0118 107.117
17.0119 107.13
16.9025 107.218
16.8044 107.325
16.63 107.555
16.6558 107.457
16.6392 107.447
16.598 107.543
16.5147 107.647
16.5133 107.701
16.3658 107.838
16.358 107.792
16.2914 107.847
16.2953 107.929
16.3553 107.933
16.3167 107.998
16.3408 108.043
16.2817 108.063
16.2033 108.201
16.1469 108.138
16.1033 108.152
16.0325 108.249
16.1553 108.244
16.1314 108.316
16.0856 108.259
16.0128 108.271
15.895 108.385
15.6825 108.493
15.5086 108.644
15.5147 108.679
15.4847 108.627
15.4522 108.628
15.44 108.668
15.4861 108.691
15.3636 108.788
15.4064 108.812
15.2767 108.886
15.2447 108.946
15.155 108.899
15.155 108.862
14.9211 108.962
14.7097 109.083
14.5689 109.08
14.3847 109.131
14.1292 109.23
14.1608 109.17
13.8997 109.273
13.8836 109.309
13.7458 109.298
13.7708 109.268
13.8883 109.24
13.63 109.24
13.5731 109.289
13.6372 109.211
13.4608 109.34
13.4092 109.304
13.4583 109.296
13.4908 109.249
13.4386 109.231
13.3297 109.287
13.2725 109.289
13.2925 109.313
13.2408 109.311
13.0776 109.325
12.945 109.44
12.8531 109.459
12.8214 109.37
12.6928 109.425
12.5919 109.441
12.6669 109.414
12.6636 109.377
12.7181 109.387
12.7911 109.345
12.6297 109.197
12.5255 109.235
12.3905 109.347
12.3467 109.295
12.4403 109.206
12.4453 109.159
12.3878 109.207
12.2447 109.207
12.0444 109.222
11.9628 109.283
11.8611 109.277
11.8847 109.215
12.0955 109.19
12.0038 109.196
11.9256 109.189
11.8933 109.136
11.8367 109.127
11.8183 109.154
11.8694 109.201
11.7247 109.245
11.5669 109.133
11.6158 109.019
11.3578 109.024
11.3081 108.957
11.3164 108.915
11.3142 108.805
11.1669 108.715
11.1842 108.637
11.1322 108.513
11.0489 108.479
11.0197 108.372
10.9492 108.341
10.9464 108.265
10.9419 108.205
10.8819 108.075
10.6992 107.998
10.7039 107.97
10.6197 107.687
10.5008 107.514
10.3761 107.253
10.4225 107.217
10.4769 107.171
10.4783 107.028
10.5403 107.038
10.6164 107.018
10.5456 107.022
10.4661 106.966
10.6003 106.938
10.6844 106.771
10.6736 106.755
10.5111 106.734
10.4917 106.664
10.4397 106.589
10.4776 106.58
10.4814 106.577
10.4294 106.588
10.4694 106.739
10.3797 106.794
10.2728 106.777
10.2814 106.726
10.3047 106.432
10.1955 106.721
10.1289 106.804
10.08 106.776
9.97055 106.638
10.0464 106.474
10.2108 106.364
10.235 106.323
10.0078 106.491
9.97472 106.567
9.88028 106.695
9.84916 106.682
9.80889 106.612
9.82194 106.582
9.99833 106.364
10.2011 106.172
10.2294 106.114
10.1256 106.186
9.93027 106.386
9.72778 106.577
9.635 106.572
9.54805 106.5
9.53833 106.386
9.71055 106.161
9.9175 105.971
10.0056 105.826
9.95722 105.866
9.75694 106.06
9.51444 106.21
9.46778 106.207
9.41222 106.164
9.40027 106.193
9.35611 106.177
9.25833 105.885
9.15306 105.597
9.06027 105.464
8.80555 105.331
8.62583 105.125
8.57416 104.943
8.59694 104.726
8.61389 104.721
8.65166 104.821
8.69583 104.866
8.72305 104.847
8.7275 104.902
8.82111 104.932
8.7675 104.817
8.79555 104.797
8.87472 104.814
9.18712 104.814
9.20472 104.816
9.56 104.837
9.81555 104.901
9.93139 105.045
9.93444 105.085
9.88888 105.1
10.0117 105.073
10.1083 104.977
10.0992 104.886
10.2144 104.791
10.2292 104.715
10.1711 104.672
10.1467 104.607
10.2772 104.576
10.2811 104.538
10.3756 104.502
10.3703 104.452
10.4225 104.448
10.5342 104.599
10.52 104.821
10.54 104.891
10.7264 105.1
10.7814 105.066
10.9014 105.044
10.9556 105.109
10.8467 105.355
10.9661 105.43
10.955 105.467
11.0214 105.758
11.0072 105.792
10.8517 105.87
10.8336 105.933
10.9 105.957
10.7705 106.203
10.9156 106.146
10.9758 106.155
10.9755 106.214
11.0939 106.159
11.1067 106.075
11.2969 105.87
11.3997 105.886
11.448 105.899
11.5964 105.818
11.6208 105.821
11.6464 105.967
11.7764 106.039
11.7492 106.19
11.6646 106.459
11.7675 106.424
11.8695 106.471
11.9736 106.42
11.9708 106.477
11.9758 106.73
12.0658 106.782
12.0844 106.979
12.2778 107.167
12.3294 107.319
12.2536 107.441
12.3564 107.549
12.5 107.583
12.8022 107.568
12.8825 107.51
13.0056 107.496
13.3817 107.636
13.5428 107.629
13.7962 107.462
13.93 107.474
14.005 107.446
14.0028 107.385
14.0339 107.368
14.2608 107.384
14.4294 107.416
14.4308 107.478
14.5569 107.535
14.705 107.546
14.8036 107.514
14.8369 107.546
14.8994 107.585
14.9736 107.478
15.0378 107.48
15.0442 107.58
15.2708 107.695
15.3428 107.62
15.5111 107.459
15.6503 107.262
15.7264 107.254
15.7594 107.188
15.795 107.175
15.8614 107.207
15.9139 107.398
16.0089 107.467
16.0825 107.461
16.0569 107.334
16.1978 107.154
16.2608 107.149
16.3019 107.091
16.2978 106.989
16.3925 106.907
16.45 106.898
16.5325 106.885
16.5372 106.848
16.4536 106.784
16.4305 106.735
16.4786 106.674
16.605 106.633
16.6271 106.587
16.9 106.556
16.9969 106.561
16.9825 106.471
17.1355 106.361
17.2342 106.336
17.2939 106.287
17.2458 106.254
17.2617 106.212
17.4028 106.044
17.6206 105.859
17.6594 105.785
17.7175 105.736
17.8714 105.615
17.9478 105.625
18.18 105.5
18.2078 105.434
18.1603 105.383
18.3183 105.185
18.3783 105.192
18.41 105.132
18.4669 105.103
18.5997 105.149
18.6025 105.19
18.6425 105.194
18.7064 105.134
18.7389 104.957
18.8369 104.672
18.9794 104.521
18.9811 104.454
19.1325 104.224
19.2536 103.965
19.2934 103.879
19.3992 103.988
19.4098 104.07
19.4972 104.122
19.6111 104.037
19.6944 104.04
