CIC_MPM_VERS = 1.0
COMMENT Generated by Spacebel CCSDS library
CREATION_DATE = 2017-02-24T16:25:07.520218
ORIGINATOR = SVG² Control

META_START

USER_DEFINED_PROTOCOL = NONE
USER_DEFINED_CONTENT = REGION OF INTEREST
USER_DEFINED_SIZE = 2
USER_DEFINED_TYPE = REAL
USER_DEFINED_UNIT = [deg]

META_STOP

27.6651 -13.1769
27.6667 -9.93389
27.6688 -8.66929
27.2802 -8.66929
26.0003 -8.66722
25.9997 -8.76722
26 -12.0008
23.4544 -12.0006
23.2764 -12.5964
23.0247 -12.9986
22.893 -13.1055
22.7575 -13.1503
22.5105 -13.0792
21.3381 -13
21.3403 -13.3955
21.3369 -15.1703
21.3383 -16.9531
20.9179 -17.0543
20.7701 -17.0543
20.8042 -17.0736
21.3017 -17.0261
21.8333 -16.9569
22.0756 -16.8508
22.2964 -16.6689
22.2747 -16.622
22.3258 -16.497
22.438 -16.4525
22.9006 -16.2872
22.9286 -16.2056
23.0005 -16.1586
23.0689 -16.152
23.0839 -16.2164
23.3753 -16.0272
23.7914 -15.7631
23.91 -15.7817
23.6633 -15.975
23.8328 -15.9014
24.0005 -15.6753
24.2417 -15.4136
24.4433 -15.2267
24.5417 -15.0314
24.7083 -14.8931
25.0564 -14.832
25.3194 -14.8228
25.5258 -14.7117
25.6239 -14.6828
25.9303 -14.5172
26.1556 -14.4867
26.2594 -14.4092
26.3019 -14.2914
26.4278 -14.177
26.4339 -14.08
26.6872 -13.6181
26.7689 -13.5458
27.0881 -13.422
27.2892 -13.3289
27.6651 -13.1769
