CIC_MPM_VERS = 1.0
COMMENT Generated by Spacebel CCSDS library
CREATION_DATE = 2017-02-24T16:25:07.602219
ORIGINATOR = SVG² Control

META_START

USER_DEFINED_PROTOCOL = NONE
USER_DEFINED_CONTENT = REGION OF INTEREST
USER_DEFINED_SIZE = 2
USER_DEFINED_TYPE = REAL
USER_DEFINED_UNIT = [deg]

META_STOP

18.9989 51.9991
18.5453 51.9041
17.5322 52.6117
17.3369 52.7464
17.0803 52.7103
16.6439 53.0783
16.5005 52.6872
16.3939 52.4511
16.2256 52.2672
15.9761 52.1564
15.6661 52.2372
15.4664 51.8386
15.3947 51.6719
15.3322 51.6753
15.3069 51.5141
15.2664 51.4717
15.1283 50.9758
15.0053 50.4508
14.9158 50.3455
14.8161 50.0444
14.8458 50.0147
14.7503 49.6386
14.5406 49.18
14.5105 49.1849
14.533 49.1386
14.5014 49.075
14.315 49.0008
14.04 48.698
14.0386 48.5494
14.0008 48.4997
14.0167 48.4455
13.9836 48.2694
14.0242 48.1375
14.0456 47.985
13.9197 47.7805
13.6436 47.3872
13.5833 47.1136
13.4828 46.8333
13.43 46.575
13.4067 46.0278
13.3239 45.63
13.0572 45.3928
12.9928 45.1608
12.8731 45.0722
12.7564 45.0614
12.7522 45.0344
12.785 44.9767
12.815 45.0428
12.8536 45.0064
12.7828 44.8891
12.7433 44.9158
12.7697 44.7736
12.7422 44.7283
12.7956 44.6972
12.8186 44.6053
12.7989 44.5444
12.7181 44.4597
12.6347 44.2889
12.6297 44.1372
12.6539 44.1639
12.6058 44.0622
12.5997 43.9347
12.6517 43.8983
12.75 43.5989
12.6908 43.5344
12.6911 43.5278
12.6844 43.46
12.8172 43.4839
12.865 43.4569
13.2778 43.228
13.4117 43.2461
13.5911 43.293
13.83 43.2378
13.9933 43.0867
14.1764 43.1022
14.4439 42.9908
14.4455 43.0219
14.5555 43.0272
14.7008 42.9605
14.8111 42.9366
14.8261 42.9483
15.0561 42.8792
15.1431 42.8533
15.2103 42.7194
15.1842 42.6328
15.2475 42.6139
15.2389 42.6844
15.3614 42.71
15.2458 42.7814
15.4669 42.7853
15.5622 42.7147
15.7219 42.7008
15.8908 42.8364
16.3175 42.8119
16.3772 42.7903
16.5494 43.0667
16.6794 43.1025
16.6722 43.2061
16.7522 43.1853
16.7767 43.2305
16.8097 43.228
16.8486 43.1536
17.2111 43.173
17.2636 43.2739
17.3072 43.2561
17.3325 43.1805
17.4256 43.2708
17.5275 43.4492
17.5167 43.5264
17.395 43.7036
17.3461 43.7922
17.3589 43.9097
17.3133 43.9097
17.3081 43.9569
17.375 44.0239
17.3431 44.1147
17.4119 44.1733
17.4139 44.3405
17.3958 44.4989
15.1055 45.5908
16.342 46.5205
17.5742 47.4619
18.2999 49.7213
18.9989 51.9991
