CIC_MPM_VERS = 1.0
COMMENT Generated by Spacebel CCSDS library
CREATION_DATE = 2017-02-24T16:25:07.622218
ORIGINATOR = SVG² Control

META_START

USER_DEFINED_PROTOCOL = NONE
USER_DEFINED_CONTENT = REGION OF INTEREST
USER_DEFINED_SIZE = 2
USER_DEFINED_TYPE = REAL
USER_DEFINED_UNIT = [deg]

META_STOP

45.9676 19.0382
46.0194 19.0839
46.0236 19.1239
45.9872 19.1553
45.9933 19.2497
46.1736 19.5706
46.175 19.7108
46.128 19.8072
46.1669 20.1183
46.1153 20.2611
45.978 20.378
45.8941 20.5917
45.7405 20.7217
45.7691 20.7958
45.7441 20.8047
45.6058 20.7672
45.5372 20.8239
45.4847 20.7831
45.3458 20.9867
45.3083 21.095
45.1808 21.4853
45.1233 21.5128
44.995 21.3774
44.928 21.5514
44.8908 21.5528
44.8644 21.3661
44.8226 21.361
44.7808 21.4003
44.7716 21.5655
44.7536 21.6003
44.6722 21.6228
44.6369 21.9889
44.503 22.0844
44.4791 22.1464
44.525 22.2067
44.6642 22.3136
44.7144 22.4364
44.5691 22.7536
44.5475 22.7636
44.5225 22.6994
44.5522 22.6094
44.4822 22.46
44.3364 22.5369
44.2431 22.6919
44.1728 22.6167
44.0708 22.6225
44.0069 22.4169
43.8169 22.3594
43.6233 22.4886
43.4703 22.5464
43.3836 22.7697
43.2822 22.8497
43.2 23.0069
43.1453 22.9933
42.8897 22.7333
42.8928 22.5858
42.8186 22.4408
42.7939 22.4619
42.5747 22.4386
42.5558 22.485
42.4791 22.5581
42.3992 22.5194
42.3229 22.3694
42.3614 22.3244
42.3397 22.2464
42.3417 22.2219
42.3153 22.195
42.3197 22.1247
42.3006 22.0833
42.3256 21.9958
42.3067 21.9264
42.3308 21.8503
42.3008 21.8044
42.2633 21.7886
42.2375 21.7383
42.2532 21.6098
42.2436 21.5572
42.2647 21.51
42.2625 21.46
42.2297 21.4394
42.1956 21.3481
42.1514 21.3061
42.1081 21.3286
42.0936 21.3131
42.0997 21.2483
42.15 21.2153
42.1981 21.1419
42.1989 21.1047
42.1511 21.0336
42.0825 20.7928
41.9933 20.7592
41.9256 20.7772
41.8639 20.7331
41.8561 20.7025
41.8719 20.67
41.8558 20.6317
41.8846 20.5896
41.9497 20.6208
42.2117 20.5261
42.3244 20.3517
42.3244 20.2522
42.5069 20.1686
42.5584 20.0727
42.563 20.0642
42.4697 19.8303
42.543 19.7467
42.6397 19.7558
42.6614 19.7175
42.6061 19.6358
42.4 19.4697
42.3171 19.3973
42.1855 19.2825
42.1083 19.3983
42.0879 19.3951
41.9994 19.3811
41.8493 19.3685
41.9936 19.1403
42.0433 19.1386
42.2628 18.8917
42.2814 18.7933
42.3508 18.6925
42.3828 18.6842
42.4028 18.5658
42.4314 18.5561
42.3933 18.7025
42.4783 18.6889
42.4378 18.6131
42.4547 18.5086
42.4494 18.5103
42.4869 18.4603
42.5645 18.4553
42.6211 18.5539
42.655 18.5775
42.7122 18.5603
42.7311 18.5158
42.8286 18.4547
42.8617 18.4908
42.9719 18.4839
43.0172 18.5356
43.0442 18.65
43.0803 18.6592
43.1392 18.6439
43.2144 18.7075
43.2525 18.6978
43.3328 18.8558
43.3489 18.8475
43.3569 18.9194
43.3228 18.9603
43.2933 18.9542
43.2842 18.9814
43.2392 19.0167
43.2325 19.0481
43.2481 19.0722
43.3164 19.0911
43.3919 19.0206
43.4356 19.0231
43.4544 18.9567
43.5094 18.9494
43.5222 18.9869
43.5561 19.0117
43.5356 19.0539
43.5086 19.07
43.5294 19.1767
43.5133 19.2292
43.5442 19.2875
43.5933 19.3158
43.6164 19.3717
43.5844 19.4086
43.5733 19.5111
43.5908 19.4917
43.6797 19.5108
43.7633 19.4875
43.9622 19.2506
44.0136 19.2386
43.9656 19.3736
43.9581 19.5081
44.0186 19.6192
44.0519 19.6197
44.0678 19.5958
44.0514 19.5678
44.0703 19.5583
44.0894 19.5039
44.1281 19.4697
44.1519 19.4767
44.1422 19.4425
44.1844 19.3583
44.2725 19.3189
44.2647 19.2394
44.2925 19.2019
44.2844 19.1653
44.3558 19.1042
44.3992 19.11
44.4139 19.1389
44.4383 19.1467
44.5183 19.1253
44.5483 19.1908
44.5764 19.1861
44.59 19.2172
44.68 19.2703
44.7044 19.3136
44.7692 19.3458
44.7797 19.3353
44.8314 19.3608
44.8528 19.3553
44.8628 19.3822
44.8935 19.3546
44.9158 19.2503
44.9014 19.2086
44.9233 19.1767
44.8606 19.0381
44.9003 19.0047
44.9167 19.0136
44.9325 19.0367
44.9094 19.0761
44.9511 19.1453
44.9822 19.1428
44.9839 19.1053
45.0361 19.1153
45.0967 19.1042
45.1261 19.0817
45.1292 19.1381
45.1458 19.1606
45.1736 19.1808
45.2122 19.1636
45.2086 19.2231
45.1803 19.2617
45.2036 19.2986
45.1997 19.3189
45.1758 19.3286
45.175 19.4111
45.1844 19.4239
45.2356 19.4178
45.2472 19.2603
45.2739 19.2539
45.2686 19.195
45.2906 19.1289
45.3081 19.1008
45.3478 19.0853
45.3486 19.0386
45.3758 18.9825
45.3964 18.9814
45.4103 19.0358
45.4517 18.9944
45.4908 18.9997
45.4878 19.0831
45.5122 19.1006
45.5422 19.0344
45.5608 19.0244
45.5378 18.9483
45.5703 18.9019
45.6167 18.9081
45.6672 18.9689
45.7133 18.9092
45.7361 18.9561
45.7781 18.9586
45.7825 18.9333
45.8119 18.9244
45.8472 18.8592
45.8967 18.8281
45.9676 19.0382
