CIC_MPM_VERS = 1.0
COMMENT Generated by Spacebel CCSDS library
CREATION_DATE = 2017-02-24T16:25:07.628719
ORIGINATOR = SVG² Control

META_START

USER_DEFINED_PROTOCOL = NONE
USER_DEFINED_CONTENT = REGION OF INTEREST
USER_DEFINED_SIZE = 2
USER_DEFINED_TYPE = REAL
USER_DEFINED_UNIT = [deg]

META_STOP

2.1782 31.2775
2.17667 31.2797
2.12139 31.3028
1.76556 31.0367
1.49889 30.6933
1.23253 30.4757
1.2316 30.4724
1.19611 30.3486
1.15139 30.3322
1.16889 30.278
1.125 30.2317
0.9925 30.2161
0.830358 29.9619
0.5725 29.9442
0.487222 29.9625
0.366667 29.8583
0.158611 29.8139
0.175278 29.7772
0.0722222 29.7167
-0.0693014 29.7108
-0.0758099 29.7099
-0.474059 29.653
-0.476124 29.6527
-0.572222 29.6719
-0.646111 29.6328
-0.888889 29.6283
-0.9 29.5783
-1.38525 29.5975
-1.51028 29.3611
-1.6877 29.2363
-1.69274 29.2328
-1.81972 29.1411
-1.90445 29.1239
-2.08639 29.1705
-2.22917 29.1236
-2.27306 29.0919
-2.28556 28.9933
-2.36222 28.9578
-2.36722 28.8892
-2.41028 28.8636
-2.4412 28.8728
-2.47861 28.8839
-2.51361 28.8533
-2.65389 28.8892
-2.74445 29.0242
-2.77 28.9878
-2.81056 28.9875
-2.87472 29.0744
-2.99611 29.1486
-3.02111 29.2192
-3.11083 29.2405
-3.23667 29.2106
-3.33662 29.2153
-3.33816 29.2155
-3.59444 29.2469
-3.885 29.2325
-4.15417 29.3855
-4.44947 29.4236
-4.54111 29.4308
-4.79778 29.3414
-4.95139 29.3514
-5.44806 29.5344
-5.66917 29.6217
-5.74833 29.6319
-5.94583 29.5047
-6.04389 29.4967
-6.29528 29.5503
-6.69833 29.823
-6.9925 30.2075
-7.28389 30.3819
-7.58028 30.4558
-8.00028 30.7086
-8.19083 30.77
-8.22081 30.5763
-8.29611 30.0894
-8.40111 29.4089
-8.4809 28.8976
-8.48772 28.9008
-8.60528 28.9558
-8.66778 28.9617
-8.99195 28.7286
-9.1625 28.5253
-9.23528 28.3881
-9.27334 28.3711
-9.31167 28.4022
-9.37815 28.5215
-9.42858 28.5388
-9.57 28.5872
-9.79834 28.6964
-9.81945 28.6686
-10.1425 28.625
-10.2225 28.5703
-10.667 28.6931
-10.7217 28.6183
-10.9944 28.5072
-11.1681 28.4842
-11.3958 28.3955
-11.5342 28.358
-11.7967 28.4633
-12.0719 28.8122
-12.3844 29.0369
-12.3722 29.2108
-12.4603 29.4819
-12.4369 29.5222
-12.3917 29.5258
-12.3856 29.4806
-12.2864 29.4594
-12.2295 29.4992
-12.1585 29.8056
-12.8289 29.8039
-13.452 29.8019
-13.4378 29.6639
-13.4094 29.6297
-13.372 29.6214
-13.3061 29.6828
-13.265 29.6836
-13.2219 29.5894
-13.3997 29.1708
-13.3869 29.0658
-13.3978 29.0158
-13.3478 28.9617
-13.1603 28.9247
-13.0914 28.845
-12.9892 28.8222
-12.8422 28.6789
-12.8408 28.6325
-12.8947 28.5967
-12.8908 28.57
-12.742 28.4936
-12.6714 28.5333
-12.4556 28.3661
-12.4014 28.2108
-12.4317 28.1517
-12.365 28.0447
-12.3706 27.9811
-12.3017 27.9555
-12.2533 27.8547
-12.2986 27.7969
-12.3028 27.6747
-12.1897 27.5472
-11.9667 27.4786
-11.7936 27.2411
-11.5825 27.2136
-11.5822 27.1086
-11.5961 27.0322
-11.8717 26.9861
-11.9611 26.9022
-12.0189 26.723
-11.9172 26.4611
-11.9036 26.0172
-11.7894 25.8747
-11.8025 25.7822
-11.7533 25.5603
-11.7783 25.5183
-11.7622 25.493
-11.7194 25.5025
-11.6417 25.3597
-11.3764 25.2886
-11.2139 25.3464
-11.1933 25.3322
-11.3236 24.8111
-11.3386 24.6986
-11.4597 24.5317
-11.4636 24.4483
-11.4094 24.3914
-11.3975 24.3128
-11.3756 24.3044
-11.3553 24.3611
-11.2803 24.4103
-11.1142 24.3997
-11.052 24.323
-11.0378 24.143
-10.9147 24.1319
-10.8696 23.9827
-11.0147 23.8861
-11.0278 23.8505
-10.9597 23.503
-10.9703 23.3975
-11.092 23.108
-11.095 22.9428
-11.0506 22.8692
-11.0933 22.7236
-11.0344 22.5808
-11.042 22.5197
-11.13 22.4836
-11.2506 22.2445
-11.0731 22.2461
-10.8733 22.1656
-10.8292 22.1867
-10.7672 22.313
-10.5378 22.3033
-10.5006 22.2642
-10.3858 22.3144
-9.91139 22.1472
-9.85139 22.025
-9.53361 21.835
-9.40556 21.7906
-9.22945 21.8547
-8.85472 21.8603
-8.44306 21.9372
-8.06222 21.8092
-7.945 21.7494
-7.4525 21.8461
-7.32556 21.8197
-7.28167 21.7836
-7.28278 21.1031
-7.28468 20.5419
-7.14222 20.54
-6.91444 20.6311
-6.91444 20.3325
-6.99472 20.3114
-6.99694 19.6311
-6.99722 19.5422
-7.05306 19.5664
-7.14389 19.5047
-7.35167 19.4994
-7.46 19.5358
-7.56861 19.4714
-7.57167 19.3775
-7.85806 19.3592
-7.99611 19.3731
-7.99889 18.795
-7.93055 18.7678
-7.93028 18.5311
-7.99556 18.5258
-8.02083 18.1353
-8.07806 18.1119
-8.10694 18.118
-8.10806 18.0072
-8.04667 17.9222
-8.04583 17.8686
-8.08639 17.805
-8.06195 17.7405
-8.09805 17.6381
-8.07722 17.5372
-8.02139 17.5433
-7.92472 17.4372
-7.84806 17.4197
-7.69944 17.2842
-7.62639 17.2878
-7.58861 17.2144
-7.46945 17.1467
-7.42778 17.1811
-7.42222 17.1056
-7.30833 17.0253
-7.20833 16.9458
-7.03889 16.9608
-6.98528 16.96
-6.9175 16.9272
-6.86556 16.9119
-6.79944 16.8411
-6.46445 16.7039
-6.17722 16.7175
-6.0125 16.6
-5.90083 16.5797
-5.85306 16.3683
-5.85861 15.7053
-5.86278 15.0281
-5.8925 14.3356
-5.83583 13.9803
-5.85528 13.5008
-5.85389 13.408
-5.89056 13.3414
-5.85961 13.178
-5.81778 12.9256
-5.85389 12.7681
-5.95611 12.7125
-6.01667 12.4358
-5.97167 12.458
-5.95806 12.3942
-5.86472 12.265
-5.77091 12.2097
-5.73445 12.2839
-5.72417 12.5267
-5.12083 12.5389
-5.09236 12.4621
-4.91861 12.708
-4.73556 12.8256
-4.67 13.0825
-4.63307 13.0911
-4.5725 13.1008
-4.58917 13.1453
-4.68361 13.1947
-4.78667 13.3756
-4.88306 13.4103
-4.80389 13.4942
-4.72333 13.7006
-4.44167 13.7392
-4.42611 13.8286
-4.48472 13.8803
-4.495 13.965
-4.46528 13.9911
-4.27417 14.4153
-4.34139 14.3992
-4.42695 14.4875
-4.45639 14.4767
-4.55778 14.3647
-4.59944 14.3833
-4.88765 14.419
-4.84083 14.4958
-4.91 14.655
-4.885 14.7189
-4.79167 14.8461
-4.42 15.1519
-4.30676 15.2729
-4.29361 15.4286
-4.24889 15.4733
-4.22564 15.48
-4.20097 15.4871
-4.0968 15.5169
-4.03722 15.5694
-3.96917 15.8433
-3.91972 15.9111
-3.75694 15.9833
-3.32222 16.2278
-3.06167 16.1889
-2.8225 16.1958
-2.24583 16.1839
-2.15889 16.2069
-1.98111 16.4144
-1.76667 16.5839
-1.31639 16.8072
-1.15389 16.9681
-1.01528 17.3069
-0.670833 17.6355
-0.443611 17.7369
-0.316365 17.7368
-0.174167 17.71
0.148611 17.8036
0.352615 17.9487
0.447778 17.9669
0.953333 17.8789
1.44555 18.0386
1.65528 18.0783
2.22944 18.0933
2.42722 18.22
2.61263 18.342
2.73139 18.4028
3.07568 18.5393
3.13194 18.6117
3.21056 18.6422
3.47886 18.626
3.76917 18.595
4.0025 18.6489
4.23111 18.5914
4.29916 18.5378
4.33555 18.5419
4.37055 18.5822
4.37028 18.7147
4.42333 18.7767
4.52639 18.8161
4.91805 19.0889
5.02781 19.2841
5.12 19.3983
5.15028 19.5664
5.08833 19.8383
5.04167 19.8658
4.79222 20.2811
4.72583 20.3703
4.51917 20.4564
4.41472 20.5761
4.40805 20.6147
4.44916 20.8386
4.42666 20.9844
4.30389 21.1722
4.33417 21.2828
4.28 21.3553
4.24583 21.5519
4.29916 21.6586
4.23416 21.9258
4.13416 22.2597
4.12861 22.3914
4.15528 22.4681
4.36916 22.6131
4.41166 22.5872
4.47722 22.6014
4.49305 22.6942
4.62278 22.7267
4.72361 22.7928
4.70694 22.8558
4.81917 22.8908
4.82861 22.9792
4.74305 23.0225
4.72444 23.1867
4.62472 23.2722
4.59194 23.4264
4.65889 23.45
4.77583 23.7092
4.92 24.1056
4.9 24.1519
5.03527 24.4019
5.06 24.355
5.11555 24.3942
5.06528 24.4317
5.10639 24.4536
5.07722 24.5256
4.91805 24.6728
4.98778 24.9772
4.94722 25.0758
4.99805 25.1128
5.00694 25.2278
5.0575 25.3236
5.19111 25.3106
5.31472 25.3619
5.3475 25.5208
5.23639 25.7958
5.2175 25.8758
5.16583 25.9053
5.23167 25.9733
5.19111 26.0311
5.24055 26.0883
5.23 26.1636
5.04472 26.5005
5.08111 26.6464
5.03139 26.8725
5.14611 26.9453
5.20278 27.0964
5.07472 27.4194
5.01714 27.4559
4.895 27.5781
4.90194 27.6489
4.83361 27.7028
4.79361 27.7039
4.76028 27.7822
4.60694 27.7861
4.55111 27.9297
4.56055 28.0328
4.43111 28.0642
4.38778 28.1664
4.3475 28.2008
4.35111 28.3358
4.28278 28.3692
4.28778 28.4425
4.37305 28.5058
4.42361 28.6508
4.55639 28.7686
4.47972 28.8828
4.46111 29.0628
4.34361 29.205
4.35111 29.2522
4.3875 29.2544
4.38666 29.3217
4.67694 29.48
4.62722 29.6747
4.56028 29.8147
4.385 29.7933
4.34639 29.8367
4.34666 29.8997
4.30222 29.9567
4.24389 29.9453
4.20528 30.0267
4.12805 30.0653
4.10889 30.1403
3.9625 30.2053
3.87055 30.5444
3.69722 30.5819
3.61389 30.5589
3.60694 30.6147
3.68278 30.7631
3.5725 30.8553
3.49214 30.8685
3.52583 30.9092
3.42472 30.9356
3.06722 30.7636
2.98805 30.825
2.89722 30.8778
2.79083 30.8564
2.67472 30.7869
2.44778 30.7292
2.44222 30.8267
2.35361 30.8622
2.33528 30.8981
2.40889 30.9464
2.40833 30.9872
2.335 31.0703
2.30389 31.0497
2.30583 31.1969
2.22917 31.2025
2.1782 31.2775
