CIC_MPM_VERS = 1.0
COMMENT Generated by Spacebel CCSDS library
CREATION_DATE = 2017-02-24T16:25:07.677218
ORIGINATOR = SVG² Control

META_START

USER_DEFINED_PROTOCOL = NONE
USER_DEFINED_CONTENT = REGION OF INTEREST
USER_DEFINED_SIZE = 2
USER_DEFINED_TYPE = REAL
USER_DEFINED_UNIT = [deg]

META_STOP

-16.5344 28.7619
-16.5377 28.7598
-16.7242 28.26
-16.8236 28.1386
-16.9592 27.8253
-17.2247 27.6389
-17.3372 27.6192
-17.8044 27.1458
-17.8453 27.1462
-17.8808 27.1224
-17.9555 27.0314
-17.9642 27.0208
-18.0753 26.6892
-17.9686 26.4628
-17.9358 26.3147
-17.8842 26.215
-18.0064 25.9717
-17.9733 25.8597
-17.9086 25.8542
-17.8364 25.72
-17.8414 25.5997
-17.8508 25.3919
-17.7977 25.2658
-17.6947 25.1183
-17.5825 25.0328
-17.5097 24.7639
-17.4819 24.2357
-17.6245 23.4749
-17.4797 23.2017
-16.57 22.2489
-16.4925 22.1389
-16.2392 22.0708
-16.1709 22.0008
-14.5211 21.9994
-13.2535 21.9985
-13.0042 21.9983
-13.0053 22.6442
-13.0058 23.3317
-13.0064 24.0205
-12.9872 24.0169
-12.8047 23.8869
-12.6697 23.915
-12.3853 24.0522
-12.2642 24.035
-12.2 23.975
-11.7717 23.9955
-11.4578 24.0286
-11.422 24.0622
-10.8696 23.9827
-10.9147 24.1319
-11.0378 24.143
-11.052 24.323
-11.1142 24.3997
-11.2803 24.4103
-11.3553 24.3611
-11.3756 24.3044
-11.3975 24.3128
-11.4094 24.3914
-11.4636 24.4483
-11.4597 24.5317
-11.3386 24.6986
-11.3236 24.8111
-11.1933 25.3322
-11.2139 25.3464
-11.3764 25.2886
-11.6417 25.3597
-11.7194 25.5025
-11.7622 25.493
-11.7783 25.5183
-11.7533 25.5603
-11.8025 25.7822
-11.7894 25.8747
-11.9036 26.0172
-11.9172 26.4611
-12.0189 26.723
-11.9611 26.9022
-11.8717 26.9861
-11.5961 27.0322
-11.5822 27.1086
-11.5825 27.2136
-11.7936 27.2411
-11.9667 27.4786
-12.1897 27.5472
-12.3028 27.6747
-12.2986 27.7969
-12.2533 27.8547
-12.3017 27.9555
-12.3706 27.9811
-12.365 28.0447
-12.4317 28.1517
-12.4014 28.2108
-12.4556 28.3661
-12.6714 28.5333
-12.742 28.4936
-12.8908 28.57
-12.8947 28.5967
-12.8408 28.6325
-12.8422 28.6789
-12.9892 28.8222
-13.0914 28.845
-13.1603 28.9247
-13.3478 28.9617
-13.3978 29.0158
-13.3869 29.0658
-13.3997 29.1708
-13.2219 29.5894
-13.265 29.6836
-13.3061 29.6828
-13.372 29.6214
-13.4094 29.6297
-13.4378 29.6639
-13.452 29.8019
-12.8289 29.8039
-12.1585 29.8056
-12.2295 29.4992
-12.2864 29.4594
-12.3856 29.4806
-12.3917 29.5258
-12.4369 29.5222
-12.4603 29.4819
-12.3722 29.2108
-12.3844 29.0369
-12.0719 28.8122
-11.7967 28.4633
-11.5342 28.358
-11.3958 28.3955
-11.1681 28.4842
-10.9944 28.5072
-10.7217 28.6183
-10.667 28.6931
-10.2225 28.5703
-10.1425 28.625
-9.81945 28.6686
-9.79834 28.6964
-9.57 28.5872
-9.42858 28.5388
-9.37815 28.5215
-9.31167 28.4022
-9.27334 28.3711
-9.23528 28.3881
-9.1625 28.5253
-8.99195 28.7286
-8.66778 28.9617
-8.60528 28.9558
-8.48772 28.9008
-8.4809 28.8976
-8.40111 29.4089
-8.29611 30.0894
-8.22081 30.5763
-8.19083 30.77
-8.45583 30.8986
-8.59028 31.0411
-8.61556 31.1258
-8.59614 31.1684
-8.59538 31.17
-8.57667 31.2206
-8.62195 31.2731
-8.58222 31.3755
-8.62944 31.3981
-8.68917 31.5517
-8.81861 31.573
-8.90889 31.6836
-8.885 31.7855
-8.93084 31.9561
-8.98 31.9314
-9.02917 31.9375
-9.07306 31.9844
-9.04084 32.0422
-9.16056 32.4708
-9.26111 32.5369
-9.28167 32.7419
-9.36639 32.8308
-9.40627 32.9407
-9.48944 32.9539
-9.48103 32.985
-9.62167 32.9933
-9.66278 33.1047
-9.58667 33.1178
-9.63417 33.2291
-9.73139 33.2386
-9.82445 33.3614
-9.90361 33.3903
-9.93306 33.3594
-10.0678 33.3242
-10.2272 33.5594
-10.4003 33.5728
-10.5133 33.685
-10.5811 33.693
-10.7797 33.5017
-10.7986 33.3969
-10.8656 33.2869
-10.8975 33.2503
-11.17 33.4091
-11.2561 33.3567
-11.5747 33.2305
-11.5706 33.2844
-11.6078 33.3236
-11.8072 33.33
-12.1314 33.2711
-12.2578 33.3353
-12.3417 33.3944
-12.3278 33.5444
-12.3689 33.5378
-12.5433 33.3572
-12.5272 33.2803
-12.5883 33.2269
-12.5808 33.1378
-12.6039 33.0464
-12.7617 32.9603
-12.8506 32.9678
-12.9103 33.0353
-13.037 32.9928
-13.215 33.0122
-13.5381 32.8222
-13.565 32.6905
-13.6225 32.6897
-13.6406 32.7858
-13.7097 32.8328
-13.7433 32.7783
-13.7756 32.7825
-13.82 32.8992
-14.0328 33.0044
-14.0528 33.04
-13.9222 33.1617
-14.0111 33.2218
-14.3881 32.0778
-14.5617 31.5853
-14.645 31.3822
-14.7639 30.8456
-14.9811 30.2128
-15.2508 30.2683
-15.3303 30.358
-15.4789 30.3881
-15.5547 30.3578
-15.6336 30.4139
-15.6506 30.378
-15.6161 29.8314
-15.7486 29.3192
-15.86 29.1381
-15.9722 28.9272
-16.0625 28.8583
-16.3997 28.8505
-16.5344 28.7619
