CIC_MPM_VERS = 1.0
COMMENT Generated by Spacebel CCSDS library
CREATION_DATE = 2017-02-24T16:25:07.709218
ORIGINATOR = SVG² Control

META_START

USER_DEFINED_PROTOCOL = NONE
USER_DEFINED_CONTENT = REGION OF INTEREST
USER_DEFINED_SIZE = 2
USER_DEFINED_TYPE = REAL
USER_DEFINED_UNIT = [deg]

META_STOP

-16.5377 28.7598
-16.5344 28.7619
-16.3997 28.8505
-16.0625 28.8583
-15.9722 28.9272
-15.86 29.1381
-15.7486 29.3192
-15.6161 29.8314
-15.6506 30.378
-15.6336 30.4139
-16.0092 30.4228
-16.0022 30.9286
-16.0592 30.9847
-16.0231 31.0581
-16.0286 31.3008
-16.1611 31.4239
-16.24 31.7605
-16.4183 31.9081
-16.4492 32.0628
-16.4389 32.2403
-16.5814 32.6553
-16.6078 32.7083
-16.6842 32.7078
-16.7178 32.7685
-16.7086 32.9822
-16.8328 32.9439
-16.9311 32.8425
-17.1475 32.9683
-17.3463 33.0449
-17.5208 32.9603
-17.6139 33.0433
-17.7233 33.0186
-17.8422 32.9661
-17.9236 32.9747
-17.975 32.9461
-18.1014 32.9758
-18.1833 33.0011
-18.2358 32.9666
-18.3489 33.073
-18.405 33.0014
-18.4669 33.0136
-18.5306 32.8883
-18.6903 32.9497
-18.7672 32.928
-18.7911 32.9
-18.7792 32.8172
-18.837 32.7011
-18.8828 32.7203
-18.9445 32.6992
-19.0219 32.7161
-19.0372 32.8453
-19.2867 32.8522
-19.3664 32.7847
-19.4678 32.783
-19.4939 32.8505
-19.685 32.8455
-19.6925 32.9128
-19.6486 32.9536
-19.6642 32.9786
-19.7367 32.9758
-19.7803 33.0594
-19.8139 33.0392
-20.0311 33.0266
-20.0364 32.953
-20.1347 32.9011
-20.5572 32.6658
-20.555 32.5508
-20.5986 32.5022
-20.6617 32.4836
-20.9142 32.5214
-21.1358 32.3603
-21.3465 32.4922
-21.3111 32.4103
-22.3542 31.3933
-22.4161 31.2976
-22.3217 31.1558
-22.2961 30.8669
-22.3433 30.295
-22.2922 30.2311
-22.3006 30.1331
-22.1361 29.7675
-22.1633 29.4508
-22.1914 29.3705
-22.0665 29.2582
-22.077 29.1567
-22.0378 29.0739
-21.9742 29.0372
-21.8947 29.0378
-21.8251 29.0833
-21.8208 29.0808
-21.6311 28.5681
-21.6608 28.4919
-21.6031 28.3572
-21.5967 28.2028
-21.562 28.0128
-21.3139 27.9086
-21.1456 27.7394
-21.0636 27.6853
-20.812 27.7194
-20.6067 27.7008
-20.5675 27.7247
-20.5099 27.714
-20.465 27.3572
-20.4947 27.2875
-20.3025 27.2972
-20.0917 27.22
-20.0003 27.0267
-20.0097 26.9697
-19.8545 26.6108
-19.7992 26.5886
-19.7311 26.4411
-19.6758 26.4044
-19.6544 26.3258
-19.5972 26.348
-19.5447 26.1919
-19.1003 25.9619
-18.9456 25.9733
-18.777 25.8083
-18.6817 25.7975
-18.5311 25.6594
-18.1225 25.3933
-18.0658 25.3092
-17.8944 25.2367
-17.7977 25.2658
-17.8508 25.3919
-17.8414 25.5997
-17.8364 25.72
-17.9086 25.8542
-17.9733 25.8597
-18.0064 25.9717
-17.8842 26.215
-17.9358 26.3147
-17.9686 26.4628
-18.0753 26.6892
-17.9642 27.0208
-17.9555 27.0314
-17.8808 27.1224
-17.8453 27.1462
-17.8044 27.1458
-17.3372 27.6192
-17.2247 27.6389
-16.9592 27.8253
-16.8236 28.1386
-16.7242 28.26
-16.5377 28.7598
