CIC_AEM_VERS = 1.0
CREATION_DATE  = 2014-10-21T06:37:33.000
ORIGINATOR     = CNES - DCT/SB/MS

META_START

COMMENT = days (MJD), sec (TAI), q0: real part, q1, q2, q3

OBJECT_NAME = MERCURY
OBJECT_ID = MERCURY

REF_FRAME_A = ICRF
REF_FRAME_B = BODY
ATTITUDE_DIR = A2B
TIME_SYSTEM = TAI
ATTITUDE_TYPE = QUATERNION
QUATERNION_TYPE = FIRST

META_STOP

51179 0 -0.602889 -0.113854 -0.219057 0.758667
51199 0 -0.954758 -0.246827 -0.004993 -0.165794
51219 0 -0.311752 -0.122603 0.214283 -0.91753
51239 0 0.656218 0.129411 0.210242 -0.713042
51259 0 0.940207 0.246539 -0.012935 0.234652
51279 0 0.244356 0.106732 -0.222614 0.937732
51299 0 -0.706096 -0.144285 -0.200326 0.663687
51319 0 -0.92077 -0.244957 0.030735 -0.302049
51339 0 -0.175731 -0.090313 0.229766 -0.952979
51359 0 0.752424 0.158451 0.18932 -0.610663
51379 0 0.896475 0.242088 -0.048396 0.367945
51399 0 0.106345 0.073458 -0.235696 0.963194
51419 0 -0.794667 -0.171744 -0.177349 0.554577
51439 0 -0.867395 -0.237935 0.065846 -0.432062
51459 0 -0.036219 -0.056173 0.240403 -0.968369
51479 0 0.832705 0.184124 0.16446 -0.495635
51499 0 0.83386 0.232547 -0.082889 0.493689
51519 0 -0.034122 0.038585 -0.243844 0.968446
51539 0 -0.866487 -0.195577 -0.15066 0.43388
51559 0 -0.795934 -0.225937 0.099506 -0.552757
51579 0 0.10408 -0.020847 0.245996 -0.963441
51599 0 0.895645 0.205979 0.136094 -0.369961
51619 0 0.753693 0.218114 -0.11565 0.609096
51639 0 -0.173625 0.002965 -0.24686 0.953365
51659 0 -0.920059 -0.215283 -0.120839 0.304209
51679 0 -0.70763 -0.209172 0.131134 -0.66205
51699 0 0.242362 0.01496 0.246425 -0.938249
51719 0 0.939706 0.223483 0.1049 -0.236651
51739 0 0.657868 0.199134 -0.145926 0.71152
51759 0 -0.309598 -0.032747 -0.244697 0.918259
51779 0 -0.95439 -0.230501 -0.088422 0.167902
51799 0 -0.604467 -0.188012 0.160001 -0.757411
51819 0 0.375291 0.050384 0.241683 -0.893425
51839 0 0.964034 0.236292 0.071519 -0.098434
51859 0 0.548034 0.175933 -0.173196 0.799193
51879 0 -0.439168 -0.067798 -0.237386 0.863818
51899 0 -0.968634 -0.240856 -0.054196 0.02827
51919 0 -0.488782 -0.162942 0.185469 -0.836746
51939 0 0.500518 0.084797 0.231859 -0.829778
51959 0 0.968133 0.244153 0.03658 0.042072
51979 0 0.426753 0.149049 -0.196808 0.870019
51999 0 -0.559272 -0.101359 -0.225112 0.791369
52019 0 -0.962554 -0.24616 -0.018825 -0.111986
52039 0 -0.362596 -0.134397 0.20709 -0.898652
52059 0 0.615263 0.117438 0.217157 -0.748667
52079 0 0.951908 0.246877 0.000937 0.181445
52099 0 0.296645 0.119066 -0.216269 0.922525
52119 0 -0.667837 -0.132848 -0.208087 0.702171
52139 0 -0.936228 -0.246294 0.016984 -0.250056
52159 0 -0.22893 -0.103061 0.224338 -0.941617
52179 0 0.716897 0.147558 0.197929 -0.652005
52199 0 0.915686 0.24442 -0.034757 0.317127
52219 0 0.160061 0.086525 -0.23122 0.955736
52239 0 -0.762347 -0.16154 -0.186692 0.598229
52259 0 -0.890314 -0.241261 0.052367 -0.382611
52279 0 -0.090516 -0.069575 0.236872 -0.96481
52299 0 0.803665 0.174636 0.174504 -0.541454
52319 0 0.860184 0.236822 -0.069747 0.446244
52339 0 0.020318 0.052216 -0.241294 0.968833
52359 0 -0.84073 -0.186802 -0.161413 0.481896
52379 0 -0.825641 -0.231155 0.086699 -0.507314
52399 0 0.050018 -0.034573 0.244446 -0.967755
52419 0 0.873492 0.198026 0.147427 -0.419598
52439 0 0.786752 0.224272 -0.103205 0.565749
52459 0 -0.119884 0.016802 -0.246307 0.961602
52479 0 -0.901598 -0.208188 -0.132692 0.355206
52499 0 -0.743592 -0.216186 0.119219 -0.621387
52519 0 0.189252 0.001091 0.246877 -0.950386
52539 0 0.924929 0.217241 0.117285 -0.289062
52559 0 0.696665 0.206989 -0.134554 0.673579
52579 0 -0.257734 -0.019007 -0.246146 0.934143
52599 0 -0.943464 -0.225178 -0.101215 0.221193
52619 0 -0.646098 -0.19671 0.149179 -0.722225
52639 0 0.324634 0.036764 0.244127 -0.913052
52659 0 0.957018 0.231923 0.084622 -0.152209
52679 0 0.591951 0.185359 -0.163069 0.767232
52699 0 -0.389907 -0.054348 -0.240823 0.887143
52719 0 -0.96552 -0.237437 -0.067626 0.082592
52739 0 -0.534838 -0.173063 0.176064 -0.808084
52759 0 0.453291 0.07169 0.236241 -0.856492
52779 0 0.968967 0.241715 0.050232 -0.012365
52799 0 0.474978 0.159873 -0.188123 0.844657
52819 0 -0.514075 -0.088596 -0.230435 0.821448
52839 0 -0.967311 -0.244723 -0.032564 -0.057962
52859 0 -0.412414 -0.145796 0.199231 -0.876907
52879 0 0.572188 0.105044 0.223417 -0.782081
52899 0 0.960585 0.246437 0.014777 0.127775
52919 0 0.347792 0.130977 -0.209272 0.904484
52939 0 -0.62747 -0.120991 -0.215199 0.738466
52959 0 -0.948801 -0.24686 0.003119 -0.197047
52979 0 -0.281459 -0.115497 0.218197 -0.927271
52999 0 0.679276 0.136251 0.205877 -0.691111
53019 0 0.931996 0.245982 -0.021029 0.265394
53039 0 0.213442 0.099362 -0.226002 0.945248
53059 0 -0.727504 -0.150791 -0.195478 0.640147
53079 0 -0.910356 -0.243817 0.038769 -0.332119
53099 0 -0.144347 -0.082714 0.232611 -0.958235
53119 0 0.772065 0.164587 0.184013 -0.585633
53139 0 0.883913 0.240369 -0.056325 0.397175
53159 0 0.074663 0.065673 -0.237985 0.966165
53179 0 -0.812447 -0.17748 -0.171611 0.528186
53199 0 -0.852742 -0.235645 0.073629 -0.460306
53219 0 -0.004412 -0.048244 0.24212 -0.969036
53239 0 0.848528 0.18943 0.158322 -0.468028
53259 0 0.8172 0.2297 -0.090487 0.520802
53279 0 -0.065901 0.030552 -0.244982 0.966803
53299 0 -0.880262 -0.200423 -0.144155 0.405202
53319 0 -0.777358 -0.222547 0.106876 -0.578589
53339 0 0.135657 -0.012752 0.246551 -0.959504
53359 0 0.907309 0.210341 0.129253 -0.340354
53379 0 0.73329 0.214198 -0.122755 0.633511
53399 0 -0.204828 -0.005147 -0.246827 0.947151
53419 0 -0.92955 -0.219139 -0.1137 0.273837
53439 0 -0.685511 -0.204751 0.137938 -0.684927
53459 0 0.273036 0.02305 0.245802 -0.929786
53479 0 0.946968 0.226811 0.097502 -0.205676
53499 0 0.634153 0.194233 -0.152392 0.732734
53519 0 -0.339581 -0.040771 -0.243491 0.907598
53539 0 -0.959388 -0.233284 -0.0808 0.136475
53559 0 -0.579276 -0.182655 0.166093 -0.776846
53579 0 0.404417 0.058297 0.239899 -0.880623
53599 0 0.966746 0.238517 0.063716 -0.066728
53619 0 0.521498 0.170148 -0.178885 0.816756
53639 0 -0.467291 -0.075563 -0.235032 0.848934
53659 0 -0.969039 -0.242509 -0.046254 -0.003542
53679 0 -0.461047 -0.156761 0.190725 -0.852341
53699 0 0.527493 0.092371 0.228949 -0.812897
53719 0 0.966229 0.245226 0.028538 0.073836
53739 0 0.397963 0.142503 -0.201601 0.883558
53759 0 -0.58495 -0.108701 -0.221662 0.772582
53779 0 -0.958358 -0.246648 -0.010726 -0.14353
53799 0 -0.332894 -0.127521 0.211397 -0.910072
53819 0 0.639509 0.124511 0.213183 -0.728065
53839 0 0.945438 0.246776 -0.007175 0.212595
53859 0 0.266196 0.111896 -0.220067 0.931767
53879 0 -0.690532 -0.139616 -0.203611 0.679865
53899 0 -0.927513 -0.245605 0.025068 -0.280659
53919 0 -0.197896 -0.095636 0.227605 -0.948624
53939 0 0.737915 0.153983 0.192975 -0.628117
53959 0 0.90478 0.243148 -0.04277 0.347021
53979 0 0.128594 0.078881 -0.23394 0.960476
53999 0 -0.781574 -0.167588 -0.181285 0.57288
54019 0 -0.877274 -0.239412 0.060266 -0.411632
54039 0 -0.058789 -0.061754 0.239033 -0.967261
54059 0 0.82101 0.180277 0.168672 -0.514775
54079 0 0.84507 0.234404 -0.077491 0.474244
54099 0 -0.011496 0.04426 -0.242881 0.968978
54119 0 -0.856098 -0.192007 -0.155189 0.454034
54139 0 -0.808539 -0.228183 0.094249 -0.534149
54159 0 0.081765 -0.026522 0.245452 -0.96559
54179 0 0.886795 0.202765 0.140843 -0.390697
54199 0 0.767754 0.220762 -0.110519 0.591272
54219 0 -0.151393 0.008699 -0.246728 0.957147
54239 0 -0.912775 -0.212438 -0.12578 0.325411
54259 0 -0.722791 -0.212153 0.126259 -0.645464
54279 0 0.220348 0.009202 0.24671 -0.943661
54299 0 0.933921 0.220979 0.110084 -0.258538
54319 0 0.674172 0.202458 -0.141284 0.69609
54339 0 -0.288264 -0.027086 -0.245391 0.925178
54359 0 -0.950216 -0.228383 -0.093763 0.190103
54379 0 -0.622038 -0.191704 0.155564 -0.743046
54399 0 0.354437 0.044767 0.242789 -0.9019
54419 0 0.961499 0.234581 0.076956 -0.120705
54439 0 0.566445 0.179903 -0.169072 0.78625
54459 0 -0.418819 -0.062231 -0.238909 0.873865
54479 0 -0.967711 -0.239533 -0.059788 0.050847
54499 0 -0.508017 -0.167186 0.181657 -0.825208
54519 0 0.481165 0.079414 0.23376 -0.841148
54539 0 0.96885 0.243237 0.042264 0.019449
54559 0 0.446991 0.153606 -0.193276 0.859796
54579 0 -0.540769 -0.096121 -0.227401 0.804126
54599 0 -0.964886 -0.245662 -0.024505 -0.08969
54619 0 -0.383405 -0.139173 0.203915 -0.889972
54639 0 0.597555 0.112329 0.219847 -0.762875
54659 0 0.955871 0.246791 0.006671 0.159246
54679 0 0.317906 0.12403 -0.213464 0.915415
54699 0 -0.651375 -0.127998 -0.211109 0.717468
54719 0 -0.941821 -0.246626 0.011228 -0.228086
54739 0 -0.250862 -0.108265 0.221877 -0.936012
54759 0 0.701601 0.142944 0.20129 -0.668435
54779 0 0.92278 0.245161 -0.029101 0.295849
54799 0 0.182298 0.091884 -0.229146 0.951744
54819 0 -0.748128 -0.157134 -0.19042 0.615918
54839 0 -0.89896 -0.242413 0.04676 -0.36183
54859 0 -0.112807 -0.075026 0.235206 -0.962457
54879 0 0.790873 0.170545 0.178508 -0.559972
54899 0 0.870398 0.238391 -0.064192 0.425978
54919 0 0.0429 0.057818 -0.240016 0.968096
54939 0 -0.829351 -0.183025 -0.165688 0.501225
54959 0 -0.83717 -0.2331 0.081333 -0.488054
54979 0 0.027401 -0.040264 0.243577 -0.968658
54999 0 0.863436 0.194532 0.152014 -0.439917
55019 0 0.799659 0.226604 -0.097987 0.547352
55039 0 -0.097608 0.022485 -0.245856 0.964117
55059 0 -0.893089 -0.205052 -0.137493 0.376087
55079 0 -0.757944 -0.218917 0.114132 -0.603797
55099 0 0.167088 -0.004643 0.246838 -0.954532
55119 0 0.917994 0.214477 0.122272 -0.31038
55139 0 0.712097 0.210051 -0.129728 0.657242
55159 0 -0.235809 -0.013254 -0.246526 0.939917
55179 0 -0.938039 -0.222759 -0.106439 0.243169
55199 0 -0.662652 -0.200109 0.144593 -0.707065
55219 0 0.303415 0.031114 0.244914 -0.92032
55239 0 0.953208 0.229894 0.089998 -0.17448
55259 0 0.609755 0.189123 -0.158693 0.753158
55279 0 -0.369198 -0.048751 -0.242021 0.895959
55299 0 -0.963351 -0.235815 -0.073091 0.104902
55319 0 -0.553462 -0.177101 0.172006 -0.795443
55339 0 0.433108 0.066148 0.237856 -0.866872
55359 0 0.968415 0.240484 0.055844 -0.034951
55379 0 0.494399 0.164179 -0.184381 0.833438
55399 0 -0.494909 -0.083245 -0.232425 0.833135
55419 0 -0.9684 -0.2439 -0.038262 -0.03535
55439 0 -0.432814 -0.15041 0.195775 -0.867018
55459 0 0.553899 0.099846 0.225792 -0.795138
55479 0 0.963283 0.246033 0.020465 0.10552
55499 0 0.368744 0.135804 -0.206175 0.896146
55519 0 -0.609998 -0.115927 -0.217972 0.752962
55539 0 -0.953128 -0.246869 -0.002615 -0.174919
55559 0 -0.302833 -0.120506 0.215475 -0.920511
55579 0 0.663065 0.131449 0.208979 -0.706678
55599 0 0.937949 0.246409 -0.015279 0.243516
55619 0 0.23546 0.104605 -0.223627 0.940004
55639 0 -0.712482 -0.146233 -0.198915 0.656825
55659 0 -0.917798 -0.24465 0.033125 -0.31096
55679 0 -0.16665 -0.088107 0.230626 -0.954608
55699 0 0.758138 0.160242 0.187813 -0.603552
55719 0 0.892897 0.241613 -0.050738 0.376541
55739 0 0.096989 0.071151 -0.236408 0.964179
55759 0 -0.799959 -0.173456 -0.175682 0.546914
55779 0 -0.863287 -0.237305 0.0681 -0.440209
55799 0 -0.026999 -0.053866 0.240935 -0.968669
55819 0 0.837469 0.185724 0.162658 -0.48754
55839 0 0.829044 0.231733 -0.085152 0.501732
55859 0 -0.043298 0.036257 -0.244206 0.968078
55879 0 -0.870542 -0.197004 -0.148797 0.425682
55899 0 -0.790564 -0.224964 0.101698 -0.560408
55919 0 0.113424 -0.018442 0.246193 -0.962384
55939 0 0.899142 0.207284 0.134106 -0.361376
55959 0 0.747929 0.217013 -0.117714 0.616158
55979 0 -0.182738 0.000586 -0.246882 0.951659
55999 0 -0.922966 -0.216458 -0.118732 0.295266
56019 0 -0.701211 -0.207892 0.133162 -0.668844
56039 0 0.251207 0.017303 0.246276 -0.935919
56059 0 0.941905 0.224479 0.102764 -0.227735
56079 0 0.650953 0.197707 -0.147862 0.71785
56099 0 -0.318484 -0.035135 -0.24437 0.915214
56119 0 -0.955944 -0.231342 -0.08621 0.158809
56139 0 -0.597308 -0.18649 0.16178 -0.763067
56159 0 0.383859 0.052721 0.241188 -0.889776
56179 0 0.964943 0.236985 0.069207 -0.08907
56199 0 0.540329 0.174252 -0.174893 0.804421
56219 0 -0.44728 -0.070048 -0.236738 0.859645
56239 0 -0.968858 -0.24137 -0.051885 0.019046
56259 0 -0.480648 -0.161127 0.187055 -0.841443
56279 0 0.50852 0.087053 0.231026 -0.824897
56299 0 0.967689 0.244496 0.03425 0.051242
56319 0 0.418521 0.147174 -0.19822 0.874007
56339 0 -0.566879 -0.103543 -0.224121 0.785937
56359 0 -0.961421 -0.246337 -0.016419 -0.121321
56379 0 -0.353983 -0.132399 0.208379 -0.902078
56399 0 0.622277 0.119493 0.216039 -0.742846
56419 0 0.950127 0.246879 -0.001442 0.190545
56439 0 0.287678 0.116949 -0.217427 0.925359
56459 0 -0.674577 -0.134866 -0.206792 0.695697
56479 0 -0.933825 -0.246126 0.019325 -0.258881
56499 0 -0.219995 -0.100917 0.225316 -0.943743
56519 0 0.72317 0.149482 0.196486 -0.645038
56539 0 0.912569 0.244074 -0.037141 0.325986
56559 0 0.150957 0.084306 -0.232043 0.957215
56579 0 -0.767945 -0.163307 -0.185155 0.591024
56599 0 -0.886594 -0.240748 0.054701 -0.391151
56619 0 -0.081145 -0.067257 0.237546 -0.965642
56639 0 0.808829 0.176319 0.17281 -0.533708
56659 0 0.855944 0.236155 -0.07199 0.454322
56679 0 0.011091 0.0499 -0.241788 0.968982
56699 0 -0.84536 -0.188373 -0.159585 0.473724
56719 0 -0.820695 -0.230304 0.088948 -0.515275
56739 0 0.059184 -0.03224 0.24477 -0.967236
56759 0 0.877414 0.199423 0.14554 -0.411332
56779 0 0.781256 0.223263 -0.105381 0.573313
56799 0 -0.12921 0.014394 -0.246464 0.960392
56819 0 -0.904953 -0.209461 -0.130683 0.346567
56839 0 -0.737713 -0.215051 0.121264 -0.628354
56859 0 0.198338 0.003471 0.24686 -0.94853
56879 0 0.92769 0.218381 0.115159 -0.280072
56899 0 0.690136 0.205677 -0.13656 0.680265
56919 0 -0.266537 -0.021346 -0.24596 0.931669
56939 0 -0.945517 -0.226138 -0.099062 0.21224
56959 0 -0.639079 -0.195251 0.151092 -0.728441
56979 0 0.333466 0.039145 0.243761 -0.909862
56999 0 0.958422 0.232728 0.082397 -0.143095
57019 0 0.5847 0.183808 -0.164823 0.772771
57039 0 -0.398416 -0.056678 -0.24029 0.883353
57059 0 -0.966275 -0.238091 -0.065303 0.073215
57079 0 -0.527051 -0.171356 0.177733 -0.813183
57099 0 0.461332 0.073928 0.235556 -0.852186
57119 0 0.96904 0.242191 0.047912 -0.003136
57139 0 0.466767 0.158032 -0.189678 0.849221
57159 0 -0.521994 -0.090838 -0.229566 0.816437
57179 0 -0.966718 -0.245027 -0.030228 -0.067121
57199 0 -0.404115 -0.143897 0.200613 -0.880761
57219 0 0.579707 0.107212 0.22239 -0.776523
57239 0 0.959299 0.246575 0.012369 0.13709
57259 0 0.339127 0.128958 -0.210527 0.907767
57279 0 -0.634388 -0.123027 -0.214048 0.73253
57299 0 -0.94687 -0.246823 0.005499 -0.206119
57319 0 -0.272446 -0.113361 0.21932 -0.929958
57339 0 0.685907 0.138246 0.204549 -0.684529
57359 0 0.929449 0.245776 -0.023366 0.274175
57379 0 0.20447 0.097201 -0.226945 0.947227
57399 0 -0.733663 -0.152691 -0.194004 0.633077
57419 0 -0.907093 -0.243432 0.041147 -0.340924
57439 0 -0.135224 -0.080483 0.233398 -0.959564
57459 0 0.777544 0.166328 0.182448 -0.578336
57479 0 0.880052 0.239817 -0.05865 0.405655
57499 0 0.06528 0.063345 -0.23862 0.966844
57519 0 -0.817481 -0.179135 -0.16989 0.520358
57539 0 -0.84837 -0.234941 0.075861 -0.468312
57559 0 0.00482 -0.04592 0.242577 -0.969033
57579 0 0.853024 0.190971 0.156469 -0.459779
57599 0 0.812125 0.228812 -0.092721 0.528679
57619 0 -0.075053 0.028214 -0.245267 0.966134
57639 0 -0.884048 -0.201789 -0.142244 0.39687
57659 0 -0.771737 -0.221502 0.109036 -0.586063
57679 0 0.14496 -0.010343 0.246668 -0.958141
57699 0 0.91052 0.21158 0.127225 -0.331665
57719 0 0.727297 0.21303 -0.124782 0.64038
57739 0 -0.213886 -0.007527 -0.24677 0.945146
57759 0 -0.932163 -0.220245 -0.111555 0.264802
57779 0 -0.678875 -0.203406 0.139922 -0.691503
57799 0 0.281795 0.025385 0.245577 -0.927167
57819 0 0.948874 0.227736 0.095333 -0.196687
57839 0 0.627032 0.192743 -0.154281 0.738836
57859 0 -0.348359 -0.043146 -0.243086 0.904264
57879 0 -0.960641 -0.234052 -0.078563 0.127343
57899 0 -0.571934 -0.181075 0.167822 -0.782266
57919 0 0.412866 0.060619 0.239328 -0.876692
57939 0 0.967347 0.239133 0.061382 -0.05734
57959 0 0.51363 0.168413 -0.180525 0.821725
57979 0 -0.47526 -0.077789 -0.23431 0.844497
57999 0 -0.96896 -0.242946 -0.043925 -0.012776
58019 0 -0.452761 -0.154894 0.19225 -0.85677
58039 0 0.535327 0.094598 0.228043 -0.807758
58059 0 0.965485 0.245491 0.026199 0.082981
58079 0 0.389599 0.140582 -0.202951 0.887277
58099 0 -0.592379 -0.110853 -0.220599 0.7669
58119 0 -0.956919 -0.246745 -0.008316 -0.152821
58139 0 -0.32418 -0.125482 0.212619 -0.913211
58159 0 0.646328 0.126528 0.211998 -0.722016
58179 0 0.943358 0.246701 -0.009554 0.221638
58199 0 0.25714 0.109742 -0.221154 0.934305
58219 0 -0.697052 -0.141589 -0.20225 0.673176
58239 0 -0.924823 -0.24536 0.027401 -0.289396
58259 0 -0.18889 -0.093459 0.228513 -0.950457
58279 0 0.743958 0.155859 0.191469 -0.620945
58299 0 0.901374 0.242724 -0.045141 0.355771
58319 0 0.119454 0.076638 -0.23469 0.961654
58339 0 -0.786934 -0.169304 -0.179691 0.565493
58359 0 -0.873273 -0.238822 0.062584 -0.42005
58379 0 -0.049397 -0.059415 0.23963 -0.967785
58399 0 0.825913 0.181903 0.166925 -0.506868
58419 0 0.840568 0.233664 -0.079711 0.482176
58439 0 -0.02073 0.041928 -0.2433 0.968823
58459 0 -0.860458 -0.193517 -0.15331 0.445711
58479 0 -0.803336 -0.227259 0.096468 -0.54194
58499 0 0.090903 -0.024181 0.245699 -0.964771
58519 0 0.890445 0.2041 0.13891 -0.382302
58539 0 0.76201 0.219682 -0.112662 0.598655
58559 0 -0.160672 0.006288 -0.246806 0.955632
58579 0 -0.915841 -0.213643 -0.123732 0.316673
58599 0 -0.716686 -0.210952 0.128266 -0.652233
58619 0 0.229375 0.011581 0.246614 -0.941506
58639 0 0.936385 0.222049 0.107921 -0.249461
58659 0 0.667432 0.201081 -0.143246 0.702554
58679 0 -0.296977 -0.029416 -0.245127 0.922416
58699 0 -0.951975 -0.229273 -0.091578 0.181081
58719 0 -0.614817 -0.190182 0.157428 -0.749031
58739 0 0.363158 0.047134 0.242345 -0.898423
58759 0 0.962602 0.235312 0.074708 -0.111556
58779 0 0.559013 0.178294 -0.170775 0.79155
58799 0 -0.427205 -0.064544 -0.2383 0.869795
58819 0 -0.968158 -0.24011 -0.057445 0.04145
58839 0 -0.500071 -0.165425 0.183269 -0.830046
58859 0 0.489059 0.081628 0.233001 -0.836581
58879 0 0.96862 0.243636 0.039927 0.028683
58899 0 0.438632 0.151715 -0.19477 0.864088
58919 0 -0.548516 -0.098332 -0.226459 0.79886
58939 0 -0.963993 -0.24589 -0.022162 -0.098818
58959 0 -0.374979 -0.137229 0.205235 -0.893553
58979 0 0.60489 0.114463 0.218749 -0.75707
58999 0 0.95428 0.24685 0.00426 0.168512
59019 0 0.309145 0.121973 -0.214652 0.91841
59039 0 -0.658094 -0.129995 -0.209891 0.711308
59059 0 -0.939591 -0.246511 0.013607 -0.237097
59079 0 -0.241765 -0.106094 0.222929 -0.938401
59099 0 0.708009 0.144893 0.199898 -0.661642
59119 0 0.919947 0.244878 -0.031429 0.304539
59139 0 0.173259 0.089692 -0.230018 0.95343
59159 0 -0.754053 -0.158985 -0.188883 0.608646
59179 0 -0.895411 -0.24195 0.049124 -0.370521
59199 0 -0.103652 -0.072772 0.235918 -0.963485
59219 0 0.796112 0.172235 0.176885 -0.552497
59239 0 0.866258 0.237762 -0.0665 0.434331
59259 0 0.0335 0.05547 -0.240575 0.968465
59279 0 -0.834122 -0.184622 -0.163914 0.493241
59299 0 -0.832539 -0.232323 0.08354 -0.49591
59319 0 0.036634 -0.037924 0.243957 -0.968352
59339 0 0.86766 0.196011 0.15011 -0.431523
59359 0 0.79433 0.225644 -0.10019 0.555055
59379 0 -0.106728 0.020141 -0.246064 0.963149
59399 0 -0.896601 -0.206356 -0.135538 0.367631
59419 0 -0.752078 -0.217801 0.116257 -0.611085
59439 0 0.17634 -0.002232 0.246877 -0.952865
59459 0 0.920916 0.215648 0.120206 -0.301597
59479 0 0.705882 0.208817 -0.131715 0.663911
59499 0 -0.244803 -0.015632 -0.246392 0.937613
59519 0 -0.940354 -0.223793 -0.104258 0.234053
59539 0 -0.655808 -0.198701 0.146531 -0.713416
59559 0 0.312079 0.03344 0.244612 -0.917417
59579 0 0.95482 0.230748 0.087799 -0.165426
59599 0 0.602435 0.18757 -0.160532 0.759025
59619 0 -0.377859 -0.05111 -0.241539 0.892339
59639 0 -0.964303 -0.236508 -0.070832 0.09574
59659 0 -0.545942 -0.175464 0.173682 -0.800621
59679 0 0.441429 0.068452 0.237208 -0.862663
59699 0 0.968707 0.241023 0.053491 -0.025548
59719 0 0.486378 0.162392 -0.185963 0.838143
59739 0 -0.502727 -0.085446 -0.23163 0.82844
59759 0 -0.968018 -0.244261 -0.035918 -0.044583
59779 0 -0.424385 -0.148494 0.197238 -0.871174
59799 0 0.561557 0.102041 0.224814 -0.789747
59819 0 0.96224 0.246222 0.018119 0.11463
59839 0 0.360258 0.133838 -0.207463 0.899589
59859 0 -0.617239 -0.118043 -0.216839 0.747036
59879 0 -0.951385 -0.246887 -0.000203 -0.184157
59899 0 -0.294028 -0.11843 0.216628 -0.92336
59919 0 0.669683 0.133426 0.207728 -0.700408
59939 0 0.935572 0.246255 -0.017656 0.252492
59959 0 0.226325 0.102416 -0.224643 0.942244
59979 0 -0.718775 -0.148158 -0.197491 0.64993
59999 0 -0.914824 -0.24433 0.035448 -0.319599
60019 0 -0.157582 -0.0859 0.231462 -0.956146
60039 0 0.763945 0.162069 0.186245 -0.596183
60059 0 0.889207 0.241111 -0.053093 0.385172
60079 0 0.087822 0.068887 -0.237083 0.965056
60099 0 -0.805075 -0.175118 -0.174032 0.539352
60119 0 -0.85901 -0.236638 0.070398 -0.448496
60139 0 -0.017594 -0.051509 0.241455 -0.968884
60159 0 0.842107 0.187291 0.160859 -0.479482
60179 0 0.824285 0.23092 -0.087346 0.50951
60199 0 -0.052529 0.03391 -0.244548 0.967619
60219 0 -0.874628 -0.198452 -0.146869 0.417219
60239 0 -0.785111 -0.223968 0.103884 -0.568021
60259 0 0.122524 -0.016096 0.246363 -0.961267
60279 0 0.902516 0.208556 0.132129 -0.352861
60299 0 0.741943 0.215862 -0.119821 0.623351
60319 0 -0.191961 -0.001825 -0.246881 0.949841
60339 0 -0.925743 -0.217594 -0.116647 0.286439
60359 0 -0.694887 -0.206625 0.135129 -0.67541
60379 0 0.260165 0.019679 0.246103 -0.933467
60399 0 0.94407 0.225477 0.100567 -0.218581
60419 0 0.644008 0.196267 -0.149776 0.724086
60439 0 -0.327097 -0.037454 -0.244031 0.91217
60459 0 -0.957407 -0.232161 -0.083995 0.149727
60479 0 -0.589891 -0.184908 0.163594 -0.768814
60499 0 0.392458 0.055072 0.240667 -0.886015
60519 0 0.965745 0.237641 0.066937 -0.079897
60539 0 0.532724 0.172588 -0.176543 0.809476
60559 0 -0.455533 -0.072341 -0.236052 0.855299
60579 0 -0.968996 -0.24187 -0.049524 0.00964
60599 0 -0.472554 -0.159316 0.188606 -0.846014
60619 0 0.516259 0.089241 0.230196 -0.820075
60639 0 0.967155 0.244819 0.0319 0.060471
60659 0 0.410024 0.145234 -0.199652 0.878024
60679 0 -0.574447 -0.105721 -0.223108 0.780421
60699 0 -0.960229 -0.246487 -0.014072 -0.13041
60719 0 -0.34544 -0.130412 0.209635 -0.905383
60739 0 0.629421 0.121591 0.214871 -0.7368
60759 0 0.948233 0.246858 -0.003854 0.199752
60779 0 0.27883 0.114856 -0.218546 0.928062
60799 0 -0.681091 -0.136822 -0.205508 0.689319
60819 0 -0.931299 -0.245933 0.021701 -0.267819
60839 0 -0.210823 -0.098711 0.226296 -0.945833
60859 0 0.729348 0.151384 0.195031 -0.638042
60879 0 0.909454 0.243715 -0.039458 0.334574
60899 0 0.141862 0.082085 -0.232843 0.958604
60919 0 -0.773631 -0.165108 -0.183558 0.58356
60939 0 -0.882763 -0.240207 0.057048 -0.399719
60959 0 -0.071968 -0.064982 0.238183 -0.966368
60979 0 0.813822 0.177955 0.171132 -0.526061
60999 0 0.85153 0.23545 -0.074278 0.46254
61019 0 0.001684 0.047535 -0.24227 0.969042
61039 0 -0.849864 -0.189909 -0.157761 0.465593
61059 0 -0.815809 -0.229455 0.091129 -0.522973
61079 0 0.068409 -0.029887 0.245073 -0.966626
61099 0 0.881361 0.200839 0.143589 -0.402802
61119 0 0.775679 0.222232 -0.107551 0.580833
61139 0 -0.138287 0.012046 -0.246595 0.959126
61159 0 -0.908188 -0.2107 -0.128685 0.337995
61179 0 -0.731608 -0.213865 0.123353 -0.635449
61199 0 0.207529 0.005882 0.246819 -0.946561
61219 0 0.93032 0.219482 0.113057 -0.271203
61239 0 0.683705 0.204378 -0.138506 0.686727
61259 0 -0.275456 -0.023721 -0.245747 0.929069
61279 0 -0.947532 -0.2271 -0.096849 0.203051
61299 0 -0.632034 -0.193781 0.152981 -0.73456
61319 0 0.342027 0.041459 0.243383 -0.906677
61339 0 0.959736 0.23351 0.080169 -0.133987
61359 0 0.577188 0.182195 -0.166611 0.778395
61379 0 -0.406952 -0.05902 -0.239731 0.879452
61399 0 -0.966926 -0.23871 -0.063024 0.064034
61419 0 -0.519363 -0.169664 0.179356 -0.818113
61439 0 0.469515 0.07621 0.234833 -0.847704
61459 0 0.969023 0.242652 0.045543 0.006271
61479 0 0.458602 0.156196 -0.191199 0.853657
61499 0 -0.529652 -0.093011 -0.228699 0.811489
61519 0 -0.966032 -0.245311 -0.027873 -0.076343
61539 0 -0.395552 -0.141934 0.202013 -0.884638
61559 0 0.587181 0.109373 0.221341 -0.770885
61579 0 0.957958 0.246686 0.01002 0.146155
61599 0 0.330528 0.12695 -0.21175 0.910932
61619 0 -0.641434 -0.125106 -0.212845 0.726366
61639 0 -0.944825 -0.246763 0.00791 -0.215293
61659 0 -0.263558 -0.11125 0.220404 -0.932514
61679 0 0.692316 0.140181 0.203233 -0.678044
61699 0 0.926776 0.245544 -0.025739 0.283074
61719 0 0.195265 0.09498 -0.227889 0.949166
61739 0 -0.739723 -0.154568 -0.192518 0.625983
61759 0 -0.903839 -0.243035 0.043457 -0.349458
61779 0 -0.126104 -0.078248 0.234162 -0.960804
61799 0 0.783108 0.168103 0.18082 -0.570778
61819 0 0.876082 0.239239 -0.060987 0.414158
61839 0 0.056095 0.061061 -0.23922 0.967419
61859 0 -0.822348 -0.180744 -0.168185 0.512629
61879 0 -0.84382 -0.234199 0.078137 -0.476458
61899 0 0.014226 -0.043547 0.243019 -0.968939
61919 0 0.857392 0.192476 0.15462 -0.451579
61939 0 0.807114 0.227928 -0.094887 0.536295
61959 0 -0.084271 0.025856 -0.245532 0.965372
61979 0 -0.887855 -0.203173 -0.140269 0.388276
61999 0 -0.766039 -0.220436 0.111188 -0.593489
62019 0 0.154013 -0.007993 0.246761 -0.956726
62039 0 0.913614 0.212787 0.125206 -0.323039
62059 0 0.721076 0.21181 -0.126851 0.647376
62079 0 -0.223042 -0.009937 -0.24669 0.943026
62099 0 -0.934646 -0.221311 -0.109436 0.255895
62119 0 -0.672338 -0.202075 0.141846 -0.697859
62139 0 0.290674 0.027756 0.245325 -0.924421
62159 0 0.950737 0.228662 0.093104 -0.187466
62179 0 0.61989 0.191242 -0.156145 0.744837
62199 0 -0.356865 -0.045452 -0.24267 0.90094
62219 0 -0.961806 -0.234797 -0.076322 0.118211
62239 0 -0.56433 -0.179433 0.169583 -0.787767
62259 0 0.421335 0.062951 0.23873 -0.872652
62279 0 0.967846 0.239714 0.059094 -0.048152
62299 0 0.505861 0.166695 -0.18212 0.826529
62319 0 -0.48337 -0.080059 -0.233549 0.83988
62339 0 -0.96879 -0.243369 -0.041549 -0.022181
62359 0 -0.444526 -0.153034 0.19374 -0.86107
62379 0 0.542902 0.096757 0.227141 -0.802684
62399 0 0.964648 0.245737 0.023838 0.092194
62419 0 0.380974 0.138596 -0.204319 0.891013
62439 0 -0.599757 -0.112996 -0.219515 0.761141
62459 0 -0.95543 -0.246818 -0.005966 -0.161861
62479 0 -0.315527 -0.123454 0.213809 -0.916236
62499 0 0.653274 0.128587 0.210761 -0.715736
62519 0 0.941163 0.246601 -0.011964 0.230776
62539 0 0.248215 0.107614 -0.222203 0.936715
62559 0 -0.703354 -0.143502 -0.200903 0.666587
62579 0 -0.922003 -0.245089 0.029771 -0.298253
62599 0 -0.179655 -0.091222 0.22942 -0.952244
62619 0 0.7499 0.157711 0.189953 -0.613755
62639 0 0.89798 0.242289 -0.047444 0.364248
62659 0 0.110311 0.07439 -0.235417 0.962744
62679 0 -0.792373 -0.171052 -0.178034 0.557843
62699 0 -0.869164 -0.238205 0.064911 -0.428485
62719 0 -0.040207 -0.057123 0.240192 -0.968209
62739 0 0.830654 0.183484 0.165193 -0.499058
62759 0 0.835883 0.232884 -0.081976 0.490249
62779 0 -0.030133 0.039548 -0.243703 0.968575
62799 0 -0.86469 -0.194991 -0.151438 0.437443
62819 0 -0.798201 -0.226339 0.09862 -0.549473
62839 0 0.10011 -0.021818 0.245925 -0.963858
62859 0 0.89411 0.205451 0.136912 -0.373646
62879 0 0.756192 0.21858 -0.114795 0.605985
62899 0 -0.169697 0.003938 -0.24686 0.954069
62919 0 -0.918795 -0.214816 -0.121693 0.307995
62939 0 -0.710349 -0.209698 0.130315 -0.659128
62959 0 0.238495 0.013989 0.246494 -0.939236
62979 0 0.93872 0.22308 0.105786 -0.240518
62999 0 0.66079 0.199718 -0.145148 0.708802
63019 0 -0.305812 -0.031784 -0.244837 0.919524
63039 0 -0.953687 -0.230162 -0.089334 0.171831
63059 0 -0.607579 -0.188651 0.159267 -0.754912
63079 0 0.371607 0.049433 0.241892 -0.89496
63099 0 0.963617 0.236021 0.072453 -0.102404
63119 0 0.551319 0.176623 -0.172509 0.796926
63139 0 -0.435605 -0.066866 -0.237664 0.865617
63159 0 -0.968506 -0.240653 -0.055148 0.032258
63179 0 -0.492223 -0.16368 0.184835 -0.834723
63199 0 0.497095 0.083887 0.232203 -0.83183
63219 0 0.968295 0.24402 0.037545 0.038084
63239 0 0.430331 0.149831 -0.196229 0.868251
63259 0 -0.556006 -0.100476 -0.225522 0.793663
63279 0 -0.963004 -0.246096 -0.019796 -0.10802
63299 0 -0.366293 -0.13522 0.20657 -0.897148
63319 0 0.612172 0.116588 0.21763 -0.751192
63339 0 0.952644 0.246884 0.00191 0.177523
63359 0 0.300442 0.119924 -0.215809 0.921292
63379 0 -0.664937 -0.132034 -0.20862 0.704914
63399 0 -0.937247 -0.246372 0.016014 -0.246197
63419 0 -0.232805 -0.10395 0.223942 -0.940663
63439 0 0.714203 0.146784 0.198519 -0.65495
63459 0 0.916982 0.244568 -0.033794 0.313351
63479 0 0.163995 0.08744 -0.230889 0.955065
63499 0 -0.759874 -0.160812 -0.187337 0.601362
63519 0 -0.891879 -0.241478 0.051419 -0.37894
63539 0 -0.094489 -0.070512 0.236609 -0.964425
63559 0 0.801426 0.173955 0.1752 -0.544758
63579 0 0.862012 0.237107 -0.068816 0.442696
63599 0 0.024308 0.053169 -0.241099 0.968738
63619 0 -0.838735 -0.186174 -0.162157 0.485353
63639 0 -0.827721 -0.231507 0.085792 -0.503907
63659 0 0.046032 -0.035539 0.244321 -0.967949
63679 0 0.871754 0.197454 0.148214 -0.42319
63699 0 0.789072 0.224689 -0.102325 0.562502
63719 0 -0.115922 0.017774 -0.246251 0.962084
63739 0 -0.900125 -0.207674 -0.133518 0.358915
63759 0 -0.746142 -0.216665 0.118372 -0.618318
63779 0 0.185336 0.000118 0.246892 -0.951155
63799 0 0.923728 0.216788 0.118147 -0.292868
63819 0 0.699431 0.207529 -0.133744 0.670702
63839 0 -0.253883 -0.018038 -0.246232 0.935194
63859 0 -0.942542 -0.224789 -0.102107 0.225076
63879 0 -0.649065 -0.197307 0.14841 -0.719555
63899 0 0.320869 0.035803 0.244282 -0.914378
63919 0 0.95638 0.2316 0.085541 -0.156149
63939 0 0.595104 0.18601 -0.162346 0.764785
63959 0 -0.386248 -0.053401 -0.241048 0.888739
63979 0 -0.965168 -0.23718 -0.068565 0.086568
63999 0 -0.53816 -0.173765 0.175389 -0.805871
64019 0 0.449758 0.070762 0.236534 -0.858349
64039 0 0.968905 0.241528 0.051187 -0.016356
64059 0 0.478452 0.160622 -0.187501 0.842691
64079 0 -0.510685 -0.087691 -0.230794 0.823556
64099 0 -0.967538 -0.244605 -0.03353 -0.053977
64119 0 -0.41602 -0.146588 0.198665 -0.875198
64139 0 0.568961 0.104168 0.223841 -0.784428
64159 0 0.9611 0.24639 0.01575 0.123817
64179 0 0.351513 0.131808 -0.208765 0.903041
64199 0 -0.624422 -0.120148 -0.215686 0.741041
64219 0 -0.949601 -0.246883 0.002146 -0.193137
64239 0 -0.285275 -0.116362 0.217752 -0.926101
64259 0 0.676421 0.135445 0.206423 -0.693901
64279 0 0.933078 0.246076 -0.02006 0.261552
64299 0 0.217332 0.100257 -0.22562 0.944357
64319 0 -0.724859 -0.150027 -0.196081 0.643136
64339 0 -0.911713 -0.24398 0.037809 -0.328365
64359 0 -0.148292 -0.083635 0.232295 -0.957629
64379 0 0.769644 0.163869 0.18467 -0.588806
64399 0 0.885538 0.240602 -0.055379 0.39353
64419 0 0.078642 0.066614 -0.237736 0.965847
64439 0 -0.810262 -0.176812 -0.172319 0.531526
64459 0 -0.854627 -0.235946 0.072703 -0.456789
64479 0 -0.008402 -0.049201 0.241941 -0.969006
64499 0 0.84659 0.188814 0.159076 -0.471518
64519 0 0.819336 0.230066 -0.089585 0.517429
64539 0 -0.061918 0.031519 -0.244873 0.967063
64559 0 -0.878583 -0.199863 -0.144951 0.408822
64579 0 -0.779731 -0.222978 0.106004 -0.57538
64599 0 0.131703 -0.013725 0.246511 -0.960051
64619 0 0.905896 0.209841 0.130088 -0.344087
64639 0 0.73589 0.214692 -0.121916 0.630483
64659 0 -0.200925 -0.004174 -0.246858 0.947984
64679 0 -0.928411 -0.218701 -0.114569 0.277662
64699 0 -0.688324 -0.205304 0.137137 -0.682095
64719 0 0.269203 0.022082 0.245904 -0.930899
64739 0 0.946109 0.226437 0.0984 -0.209573
64759 0 0.637164 0.194843 -0.151633 0.730114
64779 0 -0.335839 -0.039813 -0.243662 0.908986
64799 0 -0.958814 -0.232975 -0.081723 0.140425
64819 0 -0.582469 -0.183318 0.16538 -0.774451
64839 0 0.400786 0.057354 0.240139 -0.882278
64859 0 0.966459 0.238276 0.064659 -0.07071
64879 0 0.524856 0.17086 -0.178222 0.814598
64899 0 -0.463789 -0.074639 -0.235341 0.850849
64919 0 -0.969043 -0.242337 -0.047212 0.000448
64939 0 -0.464552 -0.15752 0.190115 -0.850432
64959 0 0.524139 0.091473 0.229323 -0.81506
64979 0 0.966522 0.245124 0.029506 0.069855
64999 0 0.401597 0.143304 -0.201048 0.881909
65019 0 -0.581762 -0.107832 -0.2221 0.774982
65039 0 -0.958937 -0.246616 -0.011699 -0.139581
65059 0 -0.336638 -0.12836 0.210903 -0.90869
65079 0 0.636503 0.123676 0.213683 -0.73069
65099 0 0.946302 0.246816 -0.006202 0.208699
65119 0 0.270031 0.112769 -0.219635 0.930659
65139 0 -0.687723 -0.138819 -0.204171 0.682701
65159 0 -0.928658 -0.245714 0.024101 -0.276836
65179 0 -0.201801 -0.096537 0.227238 -0.947797
65199 0 0.73532 0.153229 0.193591 -0.631149
65219 0 0.906198 0.243327 -0.041813 0.34329
65239 0 0.132549 0.079807 -0.233639 0.959935
65259 0 -0.779206 -0.166881 -0.181954 0.576092
65279 0 -0.878958 -0.23966 0.059325 -0.408014
65299 0 -0.062773 -0.062699 0.2388 -0.967007
65319 0 0.81888 0.17962 0.16939 -0.51815
65339 0 0.847013 0.23472 -0.07657 0.470758
65359 0 -0.007506 0.04522 -0.242717 0.969013
65379 0 -0.854217 -0.191403 -0.155953 0.457555
65399 0 -0.810729 -0.228564 0.093354 -0.530812
65419 0 0.077787 -0.027491 0.245359 -0.965915
65439 0 0.885176 0.202219 0.141648 -0.394345
65459 0 0.77018 0.221207 -0.109654 0.588103
65479 0 -0.147448 0.009672 -0.246704 0.957759
65499 0 -0.911423 -0.211951 -0.126623 0.329167
65519 0 -0.72544 -0.21266 0.125428 -0.642479
65539 0 0.21646 0.00823 0.246757 -0.944557
65559 0 0.932845 0.220555 0.11096 -0.262382
65579 0 0.677032 0.203023 -0.140492 0.693305
65599 0 -0.28445 -0.026119 -0.245509 0.926354
65619 0 -0.949422 -0.228024 -0.094667 0.194014
65639 0 -0.625091 -0.192326 0.154815 -0.740476
65659 0 0.350718 0.043811 0.242976 -0.903349
65679 0 0.96099 0.234288 0.077884 -0.124664
65699 0 0.569677 0.180577 -0.168371 0.783908
65719 0 -0.415215 -0.061292 -0.239165 0.875579
65739 0 -0.96749 -0.239307 -0.060735 0.054832
65759 0 -0.51141 -0.167909 0.181006 -0.823106
65779 0 0.477695 0.078496 0.234083 -0.84312
65799 0 0.968919 0.243081 0.043224 0.015459
65819 0 0.450527 0.154375 -0.192679 0.857945
65839 0 -0.53745 -0.095229 -0.22779 0.806344
65859 0 -0.965244 -0.245577 -0.025474 -0.085714
65879 0 -0.387066 -0.139983 0.203376 -0.888382
65899 0 0.594406 0.111467 0.220299 -0.765327
65919 0 0.956516 0.246776 0.007645 0.155307
65939 0 0.321673 0.124877 -0.212985 0.914095
65959 0 -0.648412 -0.127171 -0.211623 0.720142
65979 0 -0.942749 -0.246681 0.010257 -0.224205
65999 0 -0.254714 -0.109145 0.22146 -0.934967
66019 0 0.69884 0.142156 0.201863 -0.671317
66039 0 0.923987 0.245286 -0.028136 0.292045
66059 0 0.186215 0.092791 -0.228794 0.950982
66079 0 -0.745582 -0.15639 -0.191047 0.618991
66099 0 -0.900439 -0.242608 0.045807 -0.358123
66119 0 -0.11677 -0.075957 0.23492 -0.961981
66139 0 0.788558 0.169849 0.179188 -0.563223
66159 0 0.872142 0.238654 -0.063255 0.422388
66179 0 0.046887 0.058767 -0.239799 0.967907
66199 0 -0.827277 -0.18238 -0.166417 0.504635
66219 0 -0.83917 -0.233431 0.080417 -0.4846
66239 0 0.023411 -0.041226 0.243429 -0.968759
66259 0 0.861614 0.193941 0.152787 -0.443468
66279 0 0.801904 0.227 -0.097098 0.544052
66299 0 -0.093636 0.023456 -0.245778 0.964508
66319 0 -0.89153 -0.204519 -0.138307 0.379761
66339 0 -0.760422 -0.219377 0.113274 -0.600668
66359 0 0.163154 -0.005617 0.246831 -0.955209
66379 0 0.916705 0.214004 0.123123 -0.314158
66399 0 0.714795 0.210572 -0.128906 0.654302
66419 0 -0.231936 -0.012283 -0.246589 0.940877
66439 0 -0.937027 -0.222349 -0.107322 0.24703
66459 0 -0.665557 -0.200688 0.14381 -0.704327
66479 0 0.299621 0.03015 0.245047 -0.921559
66499 0 0.952478 0.229549 0.090908 -0.178403
66519 0 0.61285 0.189757 -0.157955 0.750638
66539 0 -0.365503 -0.047799 -0.242224 0.897469
66559 0 -0.962907 -0.235537 -0.074024 0.108868
66579 0 -0.556731 -0.177787 0.171316 -0.793154
66599 0 0.429533 0.065214 0.238127 -0.868645
66619 0 0.96826 0.240274 0.056794 -0.038939
66639 0 0.497826 0.164913 -0.183742 0.831392
66659 0 -0.491472 -0.082332 -0.232763 0.835163
66679 0 -0.968535 -0.243759 -0.039225 -0.031362
66699 0 -0.43638 -0.151189 0.19519 -0.865226
66719 0 0.550617 0.09896 0.226195 -0.797411
66739 0 0.963706 0.245963 0.021436 0.101551
66759 0 0.37243 0.136623 -0.205649 0.894616
66779 0 -0.60689 -0.115073 -0.218439 0.755465
66799 0 -0.953837 -0.246869 -0.003588 -0.170991
66819 0 -0.306621 -0.121361 0.215009 -0.919253
66839 0 0.660147 0.130631 0.209506 -0.7094
66859 0 0.938941 0.246481 -0.014308 0.239651
66879 0 0.239329 0.105491 -0.223224 0.939023
66899 0 -0.709768 -0.145455 -0.1995 0.659752
66919 0 -0.919068 -0.244792 0.032162 -0.307176
66939 0 -0.170579 -0.08902 0.230289 -0.953911
66959 0 0.755644 0.159509 0.188453 -0.606667
66979 0 0.894438 0.241824 -0.049787 0.372859
66999 0 0.100959 0.072086 -0.236138 0.963769
67019 0 -0.797697 -0.172771 -0.176374 0.550202
67039 0 -0.86509 -0.237584 0.067168 -0.436649
67059 0 -0.030989 -0.054818 0.240733 -0.968546
67079 0 0.835451 0.185091 0.163398 -0.490984
67099 0 0.831101 0.232079 -0.084242 0.498311
67119 0 -0.039311 0.037221 -0.244074 0.968244
67139 0 -0.868779 -0.196426 -0.14958 0.429262
67159 0 -0.792863 -0.225375 0.100815 -0.557145
67179 0 0.109459 -0.019414 0.246131 -0.96284
67199 0 0.897643 0.206765 0.134929 -0.365074
67219 0 0.750458 0.217487 -0.116864 0.613071
67239 0 -0.178816 0.00156 -0.246891 0.952401
67259 0 -0.921739 -0.215999 -0.11959 0.299064
67279 0 -0.703957 -0.208426 0.132348 -0.665948
67299 0 0.24735 0.016332 0.246355 -0.936942
67319 0 0.940956 0.224084 0.103654 -0.231612
67339 0 0.653902 0.198299 -0.147089 0.71516
67359 0 -0.31471 -0.034173 -0.24452 0.916515
67379 0 -0.955278 -0.231013 -0.087125 0.162743
67399 0 -0.600444 -0.187136 0.161052 -0.760598
67419 0 0.380189 0.051773 0.241407 -0.891346
67439 0 0.964565 0.236722 0.070144 -0.093044
67459 0 0.543635 0.174949 -0.174214 0.802186
67479 0 -0.443735 -0.069118 -0.237024 0.861476
67499 0 -0.968768 -0.241176 -0.052839 0.023036
67519 0 -0.484108 -0.161872 0.186428 -0.839453
67539 0 0.505117 0.086146 0.23138 -0.826982
67559 0 0.967889 0.244372 0.035215 0.047257
67579 0 0.422116 0.147962 -0.197649 0.872273
67599 0 -0.563635 -0.102664 -0.224539 0.788262
67619 0 -0.961909 -0.246283 -0.017391 -0.11736
67639 0 -0.357694 -0.133226 0.207867 -0.900609
67659 0 0.61921 0.118647 0.21652 -0.7454
67679 0 0.950901 0.246896 -0.000469 0.186629
67699 0 0.291486 0.117812 -0.216975 0.924163
67719 0 -0.671704 -0.134057 -0.207332 0.698467
67739 0 -0.93488 -0.246213 0.018356 -0.255032
67759 0 -0.223879 -0.101809 0.224928 -0.942826
67779 0 0.720504 0.148714 0.197084 -0.648009
67799 0 0.9139 0.244231 -0.036181 0.322224
67819 0 0.154897 0.085225 -0.231721 0.956582
67839 0 -0.765502 -0.162584 -0.185807 0.59418
67859 0 -0.888195 -0.240974 0.053755 -0.387494
67879 0 -0.085122 -0.068197 0.237291 -0.965296
67899 0 0.806622 0.175646 0.173512 -0.537032
67919 0 0.857805 0.236449 -0.071063 0.450791
67939 0 0.015082 0.050855 -0.241602 0.968924
67959 0 -0.843399 -0.187752 -0.160335 0.4772
67979 0 -0.822807 -0.230665 0.088044 -0.511889
67999 0 0.0552 -0.033206 0.244654 -0.967468
68019 0 0.875709 0.198858 0.146333 -0.41494
68039 0 0.783608 0.223689 -0.104506 0.570088
68059 0 -0.125252 0.015367 -0.246418 0.960913
68079 0 -0.903515 -0.208955 -0.131514 0.35029
68099 0 -0.740292 -0.215538 0.120422 -0.625308
68119 0 0.194429 0.002498 0.246884 -0.949336
68139 0 0.926525 0.217936 0.116025 -0.283889
68159 0 0.69293 0.206224 -0.135756 0.677415
68179 0 -0.262697 -0.020378 -0.246055 0.932755
68199 0 -0.944632 -0.225758 -0.099958 0.216132
68219 0 -0.642072 -0.195856 0.150329 -0.7258
68239 0 0.329715 0.038186 0.243926 -0.911224
68259 0 0.957821 0.232414 0.083318 -0.14704
68279 0 0.587875 0.184465 -0.164106 0.770353
68299 0 -0.394773 -0.055733 -0.240524 0.884984
68319 0 -0.965962 -0.237844 -0.066245 0.077194
68339 0 -0.530393 -0.172064 0.177066 -0.811002
68359 0 0.457817 0.073003 0.235858 -0.854076
68379 0 0.969015 0.242013 0.048869 -0.007127
68399 0 0.47026 0.158787 -0.189063 0.847288
68419 0 -0.518626 -0.089937 -0.229934 0.818578
68439 0 -0.966983 -0.244919 -0.031195 -0.063139
68459 0 -0.407737 -0.144695 0.200054 -0.879086
68479 0 0.576502 0.10634 0.222823 -0.778901
68499 0 0.959852 0.246537 0.013342 0.133137
68519 0 0.342862 0.129794 -0.210028 0.90636
68539 0 -0.631364 -0.122189 -0.214542 0.735134
68559 0 -0.947708 -0.246856 0.004526 -0.202216
68579 0 -0.276273 -0.114231 0.218883 -0.928824
68599 0 0.68308 0.137446 0.205103 -0.687345
68619 0 0.930567 0.245879 -0.022399 0.270344
68639 0 0.208369 0.0981 -0.226572 0.946374
68659 0 -0.731047 -0.151933 -0.194614 0.636091
68679 0 -0.908487 -0.243605 0.040189 -0.337184
68699 0 -0.139173 -0.081407 0.233091 -0.958995
68719 0 0.775153 0.165616 0.183111 -0.581532
68739 0 0.881713 0.240059 -0.057708 0.402025
68759 0 0.069261 0.064288 -0.238381 0.966563
68779 0 -0.815329 -0.178474 -0.170604 0.523718
68799 0 -0.850289 -0.23525 0.074938 -0.464812
68819 0 0.000829 -0.046878 0.242406 -0.969041
68839 0 0.851121 0.190362 0.157228 -0.463288
68859 0 0.814293 0.229188 -0.091823 0.525328
68879 0 -0.071074 0.029182 -0.245167 0.966432
68899 0 -0.882403 -0.201237 -0.143046 0.400507
68919 0 -0.774142 -0.221942 0.108168 -0.582877
68939 0 0.141012 -0.011316 0.246638 -0.958727
68959 0 0.909143 0.211088 0.128064 -0.335411
68979 0 0.729926 0.213531 -0.123947 0.637377
68999 0 -0.20999 -0.006554 -0.246811 0.946016
69019 0 -0.931061 -0.219814 -0.112429 0.268638
69039 0 -0.681715 -0.203967 0.139126 -0.688699
69059 0 0.277973 0.024418 0.245688 -0.928317
69079 0 0.948053 0.227371 0.096235 -0.200593
69099 0 0.630068 0.19336 -0.153528 0.736244
69119 0 -0.344631 -0.042189 -0.243267 0.905688
69139 0 -0.960105 -0.233752 -0.079489 0.131297
69159 0 -0.575149 -0.181745 0.167115 -0.779901
69179 0 0.40925 0.059678 0.239577 -0.878382
69199 0 0.967099 0.238902 0.062328 -0.061324
69219 0 0.517008 0.169132 -0.179869 0.8196
69239 0 -0.471776 -0.076869 -0.234627 0.846445
69259 0 -0.969002 -0.242784 -0.044885 -0.008784
69279 0 -0.456284 -0.155659 0.191648 -0.854895
69299 0 0.531994 0.093703 0.228426 -0.809953
69319 0 0.965816 0.245399 0.027168 0.079004
69339 0 0.393249 0.141388 -0.202406 0.885661
69359 0 -0.589213 -0.109988 -0.221046 0.769331
69379 0 -0.957537 -0.246724 -0.009289 -0.148878
69399 0 -0.327937 -0.126326 0.212133 -0.911865
69419 0 0.643347 0.125698 0.212506 -0.724669
69439 0 0.94426 0.246749 -0.008582 0.21775
69459 0 0.260985 0.110619 -0.220731 0.933235
69479 0 -0.694271 -0.140798 -0.202817 0.676039
69499 0 -0.926004 -0.245479 0.026435 -0.285584
69519 0 -0.192803 -0.094364 0.228154 -0.949667
69539 0 0.741392 0.155111 0.192092 -0.624002
69559 0 0.902828 0.242912 -0.044187 0.352054
69579 0 0.123412 0.077566 -0.234398 0.961151
69599 0 -0.784596 -0.168603 -0.180366 0.568727
69619 0 -0.874993 -0.239079 0.061645 -0.416448
69639 0 -0.053382 -0.060363 0.239406 -0.96757
69659 0 0.823816 0.181253 0.167649 -0.510263
69679 0 0.842543 0.233988 -0.078794 0.478708
69699 0 -0.016739 0.042889 -0.243145 0.968897
69719 0 -0.858612 -0.192921 -0.15408 0.44925
69739 0 -0.805558 -0.227649 0.095577 -0.538625
69759 0 0.086929 -0.025151 0.245614 -0.965134
69779 0 0.88886 0.203561 0.139721 -0.385965
69799 0 0.764467 0.220135 -0.111801 0.595509
69819 0 -0.156734 0.007261 -0.246792 0.956282
69839 0 -0.914526 -0.213164 -0.124579 0.320441
69859 0 -0.719364 -0.211467 0.12744 -0.649274
69879 0 0.225495 0.010609 0.246671 -0.94244
69899 0 0.935346 0.221633 0.108802 -0.253315
69919 0 0.670317 0.201654 -0.142459 0.699797
69939 0 -0.293175 -0.028451 -0.245254 0.923628
69959 0 -0.951218 -0.228922 -0.092486 0.185
69979 0 -0.617895 -0.190811 0.156685 -0.74649
69999 0 0.359454 0.046181 0.242542 -0.899908
70019 0 0.962131 0.235028 0.075638 -0.115519
70039 0 0.562267 0.178975 -0.17008 0.789238
70059 0 -0.423617 -0.063607 -0.238565 0.871544
70079 0 -0.967975 -0.239894 -0.058394 0.045437
70099 0 -0.503484 -0.166155 0.182625 -0.827976
70119 0 0.485608 0.080713 0.233334 -0.838585
70139 0 0.968727 0.24349 0.04089 0.024693
70159 0 0.442186 0.15249 -0.194181 0.862272
70179 0 -0.54522 -0.097444 -0.226857 0.801109
70199 0 -0.964388 -0.245813 -0.023132 -0.094847
70219 0 -0.378655 -0.138044 0.204703 -0.891998
70239 0 0.601765 0.113606 0.21921 -0.759552
70259 0 0.954963 0.246844 0.005233 0.164579
70279 0 0.312924 0.122824 -0.214181 0.917126
70299 0 -0.655157 -0.129173 -0.210413 0.71401
70319 0 -0.940557 -0.246576 0.012636 -0.233224
70339 0 -0.245627 -0.106977 0.22252 -0.937394
70359 0 0.705276 0.144111 0.200477 -0.66455
70379 0 0.921191 0.245013 -0.030465 0.300746
70399 0 0.177184 0.090602 -0.229675 0.952705
70419 0 -0.751537 -0.158248 -0.189518 0.611745
70439 0 -0.896926 -0.242155 0.048172 -0.366829
70459 0 -0.107618 -0.073705 0.235642 -0.963047
70479 0 0.793827 0.171545 0.177572 -0.555769
70499 0 0.868037 0.238035 -0.065566 0.430758
70519 0 0.037489 0.056421 -0.240367 0.968316
70539 0 -0.832081 -0.183984 -0.164649 0.496671
70559 0 -0.834571 -0.232663 0.082628 -0.492475
70579 0 0.032645 -0.038888 0.243818 -0.968491
70599 0 0.865873 0.195428 0.150889 -0.435092
70619 0 0.796607 0.226049 -0.099305 0.551777
70639 0 -0.10276 0.021112 -0.245995 0.963577
70659 0 -0.895077 -0.20583 -0.136358 0.37132
70679 0 -0.754586 -0.218269 0.115404 -0.60798
70699 0 0.172413 -0.003205 0.246879 -0.95358
70719 0 0.919663 0.215183 0.121061 -0.305386
70739 0 0.708608 0.209345 -0.130898 0.660996
70759 0 -0.240938 -0.014661 -0.246464 0.93861
70779 0 -0.939379 -0.223392 -0.105145 0.237923
70799 0 -0.658738 -0.199287 0.145754 -0.710707
70819 0 0.308298 0.032477 0.244755 -0.918691
70839 0 0.954127 0.230412 0.088712 -0.169357
70859 0 0.605554 0.188212 -0.1598 0.756534
70879 0 -0.37418 -0.05016 -0.241751 0.893885
70899 0 -0.963897 -0.23624 -0.071767 0.09971
70919 0 -0.549233 -0.176157 0.172998 -0.798363
70939 0 0.43787 0.067519 0.237489 -0.864471
70959 0 0.968591 0.240823 0.054444 -0.029538
70979 0 0.489824 0.163132 -0.185331 0.83613
70999 0 -0.499309 -0.084537 -0.231977 0.8305
71019 0 -0.96819 -0.24413 -0.036883 -0.040595
71039 0 -0.427969 -0.149279 0.196661 -0.869415
71059 0 0.558298 0.101159 0.225226 -0.79205
71079 0 0.962701 0.246161 0.019091 0.110666
71099 0 0.363959 0.134662 -0.206944 0.898095
71119 0 -0.614155 -0.117193 -0.217314 0.749569
71139 0 -0.952132 -0.246898 -0.001176 -0.180236
71159 0 -0.297827 -0.119289 0.216171 -0.922139
71179 0 0.666791 0.132613 0.208263 -0.703158
71199 0 0.9366 0.246336 -0.016686 0.248636
71219 0 0.230203 0.103306 -0.224249 0.941301
71239 0 -0.71609 -0.147386 -0.198083 0.652882
71259 0 -0.916129 -0.24448 0.034487 -0.315828
71279 0 -0.161518 -0.086816 0.231134 -0.955485
71299 0 0.76148 0.161341 0.186893 -0.599323
71319 0 0.890783 0.241331 -0.052145 0.381505
71339 0 0.091795 0.069824 -0.236822 0.964683
71359 0 -0.802844 -0.17444 -0.17473 0.542661
71379 0 -0.860847 -0.236926 0.069469 -0.444952
71399 0 -0.021585 -0.052464 0.241262 -0.9688
71419 0 0.840122 0.186665 0.161605 -0.482944
71439 0 0.826374 0.231275 -0.08644 0.506109
71459 0 -0.048543 0.034876 -0.244425 0.967824
71479 0 -0.8729 -0.197882 -0.147658 0.420816
71499 0 -0.787441 -0.224387 0.103006 -0.564781
71519 0 0.118564 -0.017068 0.24631 -0.96176
71539 0 0.901052 0.208044 0.132957 -0.356574
71559 0 0.744502 0.216344 -0.118975 0.620288
71579 0 -0.188046 -0.000852 -0.246899 0.95062
71599 0 -0.924552 -0.217144 -0.11751 0.290248
71619 0 -0.69766 -0.207167 0.13432 -0.67254
71639 0 0.256317 0.01871 0.246191 -0.934528
71659 0 0.943159 0.225091 0.101461 -0.222467
71679 0 0.646982 0.196866 -0.149009 0.721425
71699 0 -0.323337 -0.036494 -0.244189 0.913506
71719 0 -0.956779 -0.23184 -0.084914 0.153669
71739 0 -0.593051 -0.185561 0.162872 -0.766375
71759 0 0.388805 0.054126 0.240895 -0.887621
71779 0 0.965404 0.237388 0.067876 -0.083874
71799 0 0.536052 0.173291 -0.17587 0.807272
71819 0 -0.452005 -0.071413 -0.236348 0.857165
71839 0 -0.968945 -0.241686 -0.050479 0.013631
71859 0 -0.476032 -0.160066 0.187987 -0.844058
71879 0 0.512875 0.088337 0.230557 -0.822191
71899 0 0.967393 0.244704 0.032866 0.056487
71919 0 0.413636 0.146027 -0.199089 0.876325
71939 0 -0.571226 -0.104846 -0.223534 0.782778
71959 0 -0.960754 -0.246443 -0.015044 -0.126454
71979 0 -0.349165 -0.131244 0.20913 -0.903949
71999 0 0.626379 0.120749 0.21536 -0.739384
72019 0 0.949044 0.246885 -0.002881 0.195844
72039 0 0.282649 0.115722 -0.218102 0.926903
72059 0 -0.678244 -0.136018 -0.206057 0.692116
72079 0 -0.932392 -0.246029 0.020732 -0.26398
72099 0 -0.214717 -0.099608 0.225917 -0.944953
72119 0 0.726711 0.150622 0.195636 -0.641038
72139 0 0.910821 0.243881 -0.038499 0.330824
72159 0 0.145809 0.083007 -0.23253 0.958008
72179 0 -0.771218 -0.164391 -0.184217 0.586739
72199 0 -0.884399 -0.240443 0.056104 -0.396078
72219 0 -0.075947 -0.065924 0.237938 -0.96606
72239 0 0.811645 0.177288 0.171841 -0.529407
72259 0 0.853425 0.235754 -0.073353 0.459027
72279 0 0.005676 0.048492 -0.242093 0.969024
72299 0 -0.847937 -0.189296 -0.158517 0.469088
72319 0 -0.817954 -0.229824 0.090228 -0.519607
72339 0 0.064427 -0.030855 0.244966 -0.966896
72359 0 0.879691 0.200282 0.144387 -0.406427
72379 0 0.778062 0.222666 -0.106679 0.577632
72399 0 -0.134336 0.013019 -0.246558 0.959684
72419 0 -0.906785 -0.210202 -0.129521 0.341732
72439 0 -0.734217 -0.214361 0.122515 -0.632428
72459 0 0.203628 0.004909 0.246853 -0.947404
72479 0 0.929192 0.219046 0.113927 -0.275031
72499 0 0.686525 0.204933 -0.137707 0.683903
72519 0 -0.271626 -0.022753 -0.245851 0.930193
72539 0 -0.946684 -0.226728 -0.097748 0.206952
72559 0 -0.635052 -0.194392 0.152224 -0.731949
72579 0 0.338289 0.040501 0.243557 -0.908075
72599 0 0.959173 0.233205 0.081094 -0.137939
72619 0 0.580388 0.18286 -0.1659 0.776009
72639 0 -0.403325 -0.058077 -0.239974 0.881118
72659 0 -0.966651 -0.238472 -0.063967 0.068015
72679 0 -0.522726 -0.170379 0.178695 -0.815964
72699 0 0.466018 0.075288 0.235143 -0.849628
72719 0 0.969038 0.242484 0.046501 0.00228
72739 0 0.462112 0.156957 -0.190592 0.851758
72759 0 -0.526304 -0.092114 -0.229076 0.813661
72779 0 -0.966335 -0.245212 -0.028841 -0.072363
72799 0 -0.399191 -0.142737 0.201462 -0.882998
72819 0 0.583999 0.108505 0.221782 -0.773294
72839 0 0.958549 0.246657 0.010993 0.142208
72859 0 0.334276 0.12779 -0.211259 0.90956
72879 0 -0.638435 -0.124272 -0.213347 0.729
72899 0 -0.945701 -0.246805 0.006937 -0.211399
72919 0 -0.267395 -0.112124 0.219975 -0.931418
72939 0 0.689515 0.139386 0.203795 -0.680888
72959 0 0.927931 0.245657 -0.024772 0.279254
72979 0 0.199173 0.095882 -0.227524 0.948351
72999 0 -0.737137 -0.153816 -0.193136 0.629022
73019 0 -0.905267 -0.243217 0.042501 -0.345732
73039 0 -0.130059 -0.079175 0.233864 -0.960273
73059 0 0.780747 0.167397 0.181491 -0.573997
73079 0 0.877777 0.239489 -0.060047 0.410544
73099 0 0.060078 0.062006 -0.23899 0.967176
73119 0 -0.820227 -0.180089 -0.168905 0.51601
73139 0 -0.845773 -0.234517 0.077217 -0.472977
73159 0 0.010235 -0.044508 0.242858 -0.968986
73179 0 0.855523 0.191875 0.155386 -0.455105
73199 0 0.809313 0.228312 -0.093993 0.532965
73219 0 -0.080294 0.026825 -0.245441 0.965708
73239 0 -0.886245 -0.202629 -0.141077 0.391929
73259 0 -0.768474 -0.220884 0.110324 -0.590327
73279 0 0.150071 -0.008966 0.24674 -0.957349
73299 0 0.912273 0.212302 0.12605 -0.326798
73319 0 0.723734 0.21232 -0.126021 0.644398
73339 0 -0.219156 -0.008965 -0.24674 0.943933
73359 0 -0.933581 -0.220889 -0.110313 0.259741
73379 0 -0.675204 -0.202643 0.141056 -0.695081
73399 0 0.286862 0.02679 0.245445 -0.925607
73419 0 0.949954 0.228305 0.09401 -0.19138
73439 0 0.62295 0.191866 -0.155398 0.742275
73459 0 -0.353151 -0.044497 -0.24286 0.902399
73479 0 -0.961308 -0.234507 -0.077251 0.122172
73499 0 -0.567568 -0.18011 0.168883 -0.785433
73519 0 0.417736 0.062013 0.238989 -0.874377
73539 0 0.967637 0.239491 0.060041 -0.052138
73559 0 0.509259 0.16742 -0.181471 0.824436
73579 0 -0.479905 -0.079142 -0.233875 0.841861
73599 0 -0.968869 -0.243216 -0.042511 -0.01819
73619 0 -0.448067 -0.153805 0.193146 -0.859229
73639 0 0.53959 0.095865 0.227532 -0.804911
73659 0 0.965016 0.245654 0.024808 0.088219
73679 0 0.38464 0.139407 -0.203781 0.889433
73699 0 -0.596616 -0.112135 -0.21997 0.763602
73719 0 -0.956085 -0.246806 -0.006939 -0.157924
73739 0 -0.319297 -0.124302 0.213331 -0.914925
73759 0 0.650318 0.127762 0.211277 -0.718419
73779 0 0.942102 0.246659 -0.010992 0.226897
73799 0 0.252069 0.108495 -0.221788 0.935681
73819 0 -0.700601 -0.142716 -0.201478 0.669476
73839 0 -0.923221 -0.245217 0.028806 -0.294452
73859 0 -0.183575 -0.092131 0.22907 -0.951493
73879 0 0.747363 0.156969 0.190583 -0.616836
73899 0 0.899469 0.242487 -0.046491 0.360546
73919 0 0.114275 0.075322 -0.235134 0.962278
73939 0 -0.790066 -0.170358 -0.178717 0.561101
73959 0 -0.870918 -0.238471 0.063974 -0.4249
73979 0 -0.044193 -0.058072 0.239977 -0.968032
73999 0 0.828588 0.182841 0.165924 -0.502474
74019 0 0.837893 0.233218 -0.081061 0.4868
74039 0 -0.026143 0.040511 -0.243558 0.968687
74059 0 -0.862878 -0.194403 -0.152213 0.440999
74079 0 -0.800454 -0.226738 0.097732 -0.546179
74099 0 0.096139 -0.022788 0.24585 -0.964259
74119 0 0.892561 0.20492 0.137728 -0.377324
74139 0 0.758679 0.219042 -0.113939 0.602864
74159 0 -0.165766 0.004911 -0.246855 0.954757
74179 0 -0.917515 -0.214346 -0.122545 0.311776
74199 0 -0.713055 -0.210221 0.129494 -0.656194
74219 0 0.234624 0.013018 0.24656 -0.940208
74239 0 0.937719 0.222673 0.10667 -0.244381
74259 0 0.663702 0.200299 -0.144367 0.706072
74279 0 -0.302021 -0.03082 -0.244973 0.920772
74299 0 -0.952968 -0.22982 -0.090246 0.175757
74319 0 -0.61068 -0.189287 0.15853 -0.752401
74339 0 0.367917 0.048482 0.242097 -0.89648
74359 0 0.963184 0.235745 0.073387 -0.106371
74379 0 0.554595 0.177311 -0.171821 0.794646
74399 0 -0.432035 -0.065932 -0.237938 0.867401
74419 0 -0.968362 -0.240447 -0.056099 0.036246
74439 0 -0.495655 -0.164416 0.184198 -0.832685
74459 0 0.493663 0.082975 0.232544 -0.833868
74479 0 0.96844 0.243883 0.038508 0.034095
74499 0 0.433902 0.150611 -0.195647 0.866469
74519 0 -0.552731 -0.099591 -0.225928 0.795944
74539 0 -0.963437 -0.246029 -0.020768 -0.104052
74559 0 -0.369984 -0.13604 0.206045 -0.895628
74579 0 0.609071 0.115735 0.218099 -0.753705
74599 0 0.953364 0.246887 0.002883 0.173597
74619 0 0.304233 0.12078 -0.215346 0.920044
74639 0 -0.662026 -0.131217 -0.20915 0.707644
74659 0 -0.93825 -0.246446 0.015043 -0.242334
74679 0 -0.236676 -0.104837 0.223542 -0.939693
74699 0 0.711497 0.146008 0.199107 -0.657883
74719 0 0.918262 0.244712 -0.032832 0.309571
74739 0 0.167927 0.088355 -0.230554 0.954379
74759 0 -0.757389 -0.16008 -0.187979 0.604484
74779 0 -0.893429 -0.241691 0.050469 -0.375263
74799 0 -0.09846 -0.071448 0.236341 -0.964025
74819 0 0.799172 0.173272 0.175894 -0.548053
74839 0 0.863825 0.237389 -0.067884 0.439141
74859 0 0.028297 0.054122 -0.2409 0.968627
74879 0 -0.836726 -0.185543 -0.162898 0.488802
74899 0 -0.829787 -0.231855 0.084883 -0.500492
74919 0 0.042044 -0.036503 0.244191 -0.968127
74939 0 0.870001 0.196878 0.148999 -0.426775
74959 0 0.79138 0.225102 -0.101444 0.559246
74979 0 -0.111958 0.018745 -0.246192 0.962551
74999 0 -0.898636 -0.207157 -0.134343 0.362618
75019 0 -0.74868 -0.217141 0.117523 -0.615237
75039 0 0.181417 -0.000855 0.246903 -0.951906
75059 0 0.92251 0.216331 0.119007 -0.296669
75079 0 0.702185 0.208065 -0.132932 0.667813
75099 0 -0.250028 -0.017068 -0.246314 0.936229
75119 0 -0.941604 -0.224396 -0.102997 0.228955
75139 0 -0.65202 -0.197901 0.147639 -0.716873
75159 0 0.317099 0.034841 0.244434 -0.915689
75179 0 0.955725 0.231273 0.086457 -0.160086
75199 0 0.598246 0.186658 -0.161619 0.762325
75219 0 -0.382584 -0.052453 -0.241269 0.890319
75239 0 -0.9648 -0.23692 -0.069504 0.090543
75259 0 -0.541473 -0.174464 0.174712 -0.803645
75279 0 0.446217 0.069833 0.236824 -0.860191
75299 0 0.968826 0.241337 0.052141 -0.020345
75319 0 0.481917 0.161368 -0.186876 0.84071
75339 0 -0.507287 -0.086785 -0.23115 0.82565
75359 0 -0.967749 -0.244483 -0.034496 -0.049991
75379 0 -0.419619 -0.147377 0.198096 -0.873474
75399 0 0.565723 0.10329 0.224262 -0.786762
75419 0 0.961599 0.246338 0.016722 0.119857
75439 0 0.355228 0.132636 -0.208254 0.901582
75459 0 -0.621362 -0.119303 -0.216169 0.743604
75479 0 -0.950385 -0.246902 0.001173 -0.189224
75499 0 -0.289086 -0.117226 0.217302 -0.924915
75519 0 0.673555 0.134637 0.206966 -0.696679
75539 0 0.934144 0.246166 -0.019091 0.257706
75559 0 0.221218 0.101151 -0.225235 0.943451
75579 0 -0.722201 -0.14926 -0.196681 0.646114
75599 0 -0.913055 -0.24414 0.036849 -0.324606
75619 0 -0.152235 -0.084554 0.231976 -0.957007
75639 0 0.76721 0.163148 0.185324 -0.591969
75659 0 0.887148 0.24083 -0.054433 0.389879
75679 0 0.082619 0.067555 -0.237484 0.965511
75699 0 -0.808063 -0.17614 -0.173023 0.534857
75719 0 -0.856499 -0.236243 0.071776 -0.453263
75739 0 -0.012393 -0.050157 0.241757 -0.96896
75759 0 0.844638 0.188195 0.159828 -0.474999
75779 0 0.821457 0.23043 -0.088682 0.514049
75799 0 -0.057934 0.032486 -0.244759 0.967306
75819 0 -0.876889 -0.199301 -0.145745 0.412436
75839 0 -0.782092 -0.223406 0.105129 -0.572162
75859 0 0.127747 -0.014697 0.246468 -0.960582
75879 0 0.904468 0.209337 0.130921 -0.347815
75899 0 0.738478 0.215182 -0.121075 0.627445
75919 0 -0.197019 -0.003202 -0.246885 0.9488
75939 0 -0.927257 -0.218259 -0.115437 0.281483
75959 0 -0.691125 -0.205854 0.136333 -0.679252
75979 0 0.265366 0.021113 0.246001 -0.931997
75999 0 0.945235 0.226059 0.099297 -0.213467
76019 0 0.640163 0.195449 -0.150872 0.727481
76039 0 -0.332091 -0.038854 -0.24383 0.910359
76059 0 -0.958224 -0.232663 -0.082646 0.144373
76079 0 -0.585651 -0.183978 0.164665 -0.772043
76099 0 0.397148 0.05641 0.240376 -0.883918
76119 0 0.966157 0.238032 0.065601 -0.07469
76139 0 0.528205 0.17157 -0.177556 0.812427
76159 0 -0.460279 -0.073715 -0.235645 0.852749
76179 0 -0.969029 -0.242162 -0.048169 0.004439
76199 0 -0.468049 -0.158276 0.189503 -0.848509
76219 0 0.520775 0.090572 0.229694 -0.817209
76239 0 0.966798 0.245018 0.030474 0.065873
76259 0 0.405224 0.144103 -0.200492 0.880245
76279 0 -0.578563 -0.106962 -0.222535 0.777369
76299 0 -0.959501 -0.246581 -0.012672 -0.135629
76319 0 -0.340377 -0.129197 0.210406 -0.907293
76339 0 0.633486 0.122839 0.21418 -0.733303
76359 0 0.947151 0.246851 -0.00523 0.2048
76379 0 0.273861 0.11364 -0.2192 0.929536
76399 0 -0.684903 -0.13802 -0.204727 0.685525
76419 0 -0.929787 -0.24582 0.023134 -0.273008
76439 0 -0.205701 -0.097437 0.226867 -0.946955
76459 0 0.732711 0.152473 0.194203 -0.63417
76479 0 0.907602 0.243503 -0.040856 0.339553
76499 0 0.136501 0.080731 -0.233335 0.959377
76519 0 -0.776824 -0.166171 -0.18262 0.579294
76539 0 -0.880628 -0.239905 0.058383 -0.40439
76559 0 -0.066755 -0.063643 0.238563 -0.966737
76579 0 0.816736 0.17896 0.170106 -0.521517
76599 0 0.848942 0.235032 -0.075648 0.467264
76619 0 -0.003515 0.046178 -0.24255 0.969033
76639 0 -0.852323 -0.190797 -0.156714 0.461067
76659 0 -0.812906 -0.228942 0.092457 -0.527467
76679 0 0.073808 -0.02846 0.245261 -0.966224
76699 0 0.883541 0.201669 0.142452 -0.397985
76719 0 0.772593 0.221649 -0.108786 0.584925
76739 0 -0.143502 0.010645 -0.246677 0.958355
76759 0 -0.910057 -0.211461 -0.127464 0.332917
76779 0 -0.728078 -0.213164 0.124595 -0.639484
76799 0 0.212567 0.007257 0.2468 -0.945438
76819 0 0.931753 0.220127 0.111835 -0.266221
76839 0 0.679879 0.203586 -0.139698 0.690508
76859 0 -0.280631 -0.025153 -0.245622 0.927514
76879 0 -0.948612 -0.227661 -0.09557 0.197922
76899 0 -0.628133 -0.192944 0.154063 -0.737893
76919 0 0.346993 0.042855 0.243159 -0.904783
76939 0 0.960465 0.233991 0.078811 -0.12862
76959 0 0.572898 0.181249 -0.167666 0.781553
76979 0 -0.411605 -0.060352 -0.239417 0.877279
76999 0 -0.967253 -0.239078 -0.061681 0.058816
77019 0 -0.514794 -0.16863 0.180352 -0.82099
77039 0 0.474217 0.077577 0.234403 -0.845077
77059 0 0.968971 0.242921 0.044184 0.011469
77079 0 0.454055 0.155142 -0.192079 0.856079
77099 0 -0.534123 -0.094335 -0.228175 0.808548
77119 0 -0.965586 -0.245487 -0.026444 -0.081738
77139 0 -0.390719 -0.14079 0.202833 -0.886778
77159 0 0.591247 0.110604 0.220749 -0.767766
77179 0 0.957144 0.246757 0.008618 0.151365
77199 0 0.325434 0.125722 -0.212502 0.912759
77219 0 -0.645439 -0.126342 -0.212134 0.722804
77239 0 -0.943661 -0.246733 0.009285 -0.22032
77259 0 -0.258562 -0.110023 0.221039 -0.933907
77279 0 0.696066 0.141367 0.202432 -0.674187
77299 0 0.925179 0.245408 -0.02717 0.288236
77319 0 0.190129 0.093697 -0.228438 0.950204
77339 0 -0.743024 -0.155644 -0.191672 0.622055
77359 0 -0.901904 -0.242799 0.044852 -0.35441
77379 0 -0.120731 -0.076886 0.234631 -0.961489
77399 0 0.786229 0.16915 0.179865 -0.566463
77419 0 0.873871 0.238914 -0.062317 0.418792
77439 0 0.050873 0.059715 -0.239578 0.967703
77459 0 -0.825188 -0.181732 -0.167143 0.508036
77479 0 -0.841156 -0.233758 0.0795 -0.481138
77499 0 0.019422 -0.042187 0.243277 -0.968844
77519 0 0.859777 0.193347 0.153558 -0.447012
77539 0 0.804136 0.227393 -0.096207 0.540743
77559 0 -0.089662 0.024426 -0.245696 0.964882
77579 0 -0.889955 -0.203983 -0.13912 0.383427
77599 0 -0.762886 -0.219833 0.112414 -0.597529
77619 0 0.159218 -0.00659 0.24682 -0.955869
77639 0 0.9154 0.213528 0.123972 -0.31793
77659 0 0.717481 0.211089 -0.128081 0.65135
77679 0 -0.228058 -0.011311 -0.246649 0.941821
77699 0 -0.935998 -0.221936 -0.108203 0.250887
77719 0 -0.66845 -0.201264 0.143025 -0.701578
77739 0 0.295821 0.029185 0.245177 -0.922782
77759 0 0.951733 0.229201 0.091817 -0.182323
77779 0 0.615934 0.190388 -0.157213 0.748105
77799 0 -0.361802 -0.046846 -0.242423 0.898964
77819 0 -0.962447 -0.235255 -0.074956 0.112833
77839 0 -0.559991 -0.17847 0.170622 -0.790852
77859 0 0.425951 0.064278 0.238394 -0.870404
77879 0 0.968088 0.240061 0.057744 -0.042927
77899 0 0.501245 0.165644 -0.1831 0.829331
77919 0 -0.488027 -0.081418 -0.233098 0.837178
77939 0 -0.968652 -0.243616 -0.040187 -0.027373
77959 0 -0.439938 -0.151965 0.194603 -0.863418
77979 0 0.547326 0.098072 0.226595 -0.799669
77999 0 0.964113 0.245889 0.022406 0.09758
78019 0 0.37611 0.137439 -0.205119 0.893072
78039 0 -0.603771 -0.114216 -0.218902 0.757956
78059 0 -0.95453 -0.246866 -0.004562 -0.16706
78079 0 -0.310404 -0.122214 0.21454 -0.917979
78099 0 0.657218 0.129811 0.21003 -0.71211
78119 0 0.939917 0.246548 -0.013337 0.235781
78139 0 0.243194 0.106376 -0.222818 0.938026
78159 0 -0.707042 -0.144675 -0.200082 0.662668
78179 0 -0.920322 -0.244929 0.031199 -0.303387
78199 0 -0.174505 -0.089931 0.229948 -0.953197
78219 0 0.753136 0.158773 0.18909 -0.609772
78239 0 0.895963 0.242031 -0.048836 0.36917
78259 0 0.104928 0.073021 -0.235864 0.963341
78279 0 -0.795422 -0.172083 -0.177063 0.55348
78299 0 -0.866878 -0.237859 0.066234 -0.433081
78319 0 -0.034978 -0.05577 0.240528 -0.968407
78339 0 0.833418 0.184455 0.164135 -0.494419
78359 0 0.833143 0.232422 -0.083331 0.494883
78379 0 -0.035323 0.038185 -0.243938 0.968395
78399 0 -0.867 -0.195845 -0.150361 0.432835
78419 0 -0.795149 -0.225782 0.099931 -0.553873
78439 0 0.105492 -0.020385 0.246066 -0.96328
78459 0 0.896129 0.206242 0.13575 -0.368767
78479 0 0.752974 0.217957 -0.116011 0.609973
78499 0 -0.174891 0.002533 -0.246896 0.953126
78519 0 -0.920496 -0.215537 -0.120447 0.302857
78539 0 -0.706691 -0.208957 0.131533 -0.663041
78559 0 0.243488 0.015362 0.24643 -0.93795
78579 0 0.939991 0.223685 0.104542 -0.235485
78599 0 0.65684 0.198887 -0.146314 0.712458
78619 0 -0.310932 -0.03321 -0.244665 0.9178
78639 0 -0.954597 -0.230679 -0.08804 0.166675
78659 0 -0.603569 -0.187779 0.160321 -0.758116
78679 0 0.376513 0.050823 0.241622 -0.892902
78699 0 0.96417 0.236456 0.07108 -0.097016
78719 0 0.546932 0.175643 -0.173532 0.799938
78739 0 -0.440182 -0.068186 -0.237307 0.863294
78759 0 -0.968662 -0.240978 -0.053792 0.027026
78779 0 -0.48756 -0.162614 0.185798 -0.837449
78799 0 0.501705 0.085238 0.23173 -0.829052
78819 0 0.968072 0.244244 0.03618 0.04327
78839 0 0.425703 0.148747 -0.197074 0.870524
78859 0 -0.560382 -0.101783 -0.224954 0.790574
78879 0 -0.962381 -0.246225 -0.018363 -0.113396
78899 0 -0.361399 -0.134051 0.207351 -0.899126
78919 0 0.616133 0.117798 0.216997 -0.747941
78939 0 0.951658 0.246909 0.000505 0.18271
78959 0 0.29529 0.118672 -0.21652 0.922952
78979 0 -0.668819 -0.133245 -0.20787 0.701225
78999 0 -0.935919 -0.246296 0.017386 -0.251179
79019 0 -0.22776 -0.102701 0.224537 -0.941892
79039 0 0.717827 0.147944 0.197679 -0.650969
79059 0 0.915217 0.244385 -0.035219 0.318456
79079 0 0.158834 0.086142 -0.231395 0.955933
79099 0 -0.763045 -0.161859 -0.186456 0.597325
79119 0 -0.889781 -0.241196 0.052807 -0.383831
79139 0 -0.089097 -0.069135 0.237033 -0.964934
79159 0 0.8044 0.17497 0.174212 -0.540348
79179 0 0.859651 0.236739 -0.070134 0.447253
79199 0 0.019073 0.05181 -0.241413 0.968851
79219 0 -0.841424 -0.187128 -0.161082 0.480668
79239 0 -0.824906 -0.231022 0.087139 -0.508494
79259 0 0.051215 -0.034172 0.244533 -0.967684
79279 0 0.87399 0.19829 0.147123 -0.418542
79299 0 0.785947 0.224111 -0.103628 0.566853
79319 0 -0.121293 0.016339 -0.246368 0.961418
79339 0 -0.902062 -0.208445 -0.132344 0.354006
79359 0 -0.742858 -0.216022 0.119577 -0.622252
79379 0 0.190517 0.001524 0.246905 -0.950126
79399 0 0.925345 0.217488 0.116889 -0.287702
79419 0 0.695711 0.206769 -0.134949 0.674553
79439 0 -0.258853 -0.019409 -0.246146 0.933826
79459 0 -0.94373 -0.225373 -0.100852 0.22002
79479 0 -0.645054 -0.196457 0.149563 -0.723147
79499 0 0.325958 0.037226 0.244087 -0.912572
79519 0 0.957204 0.232096 0.084238 -0.150983
79539 0 0.591041 0.185121 -0.163386 0.767923
79559 0 -0.391123 -0.054787 -0.240755 0.886599
79579 0 -0.965633 -0.237593 -0.067185 0.081172
79599 0 -0.533727 -0.172769 0.176395 -0.808809
79619 0 0.454294 0.072076 0.236156 -0.855951
79639 0 0.968975 0.241831 0.049825 -0.011118
79659 0 0.473744 0.159539 -0.188446 0.845341
79679 0 -0.515248 -0.089034 -0.230299 0.820704
79699 0 -0.967231 -0.244806 -0.032162 -0.059156
79719 0 -0.411353 -0.14549 0.199493 -0.877396
79739 0 0.573287 0.105466 0.223252 -0.781267
79759 0 0.960389 0.246495 0.014314 0.129182
79779 0 0.34659 0.130627 -0.209526 0.904937
79799 0 -0.628329 -0.121348 -0.215033 0.737725
79819 0 -0.94853 -0.246885 0.003553 -0.19831
79839 0 -0.280096 -0.115099 0.218442 -0.927675
79859 0 0.680241 0.136643 0.205653 -0.690151
79879 0 0.93167 0.245978 -0.02143 0.266509
79899 0 0.212265 0.098998 -0.226195 0.945505
79919 0 -0.728418 -0.151173 -0.195222 0.639095
79939 0 -0.909865 -0.243774 0.03923 -0.333439
79959 0 -0.143121 -0.082329 0.23278 -0.958411
79979 0 0.772749 0.164901 0.183772 -0.584717
79999 0 0.883358 0.240297 -0.056764 0.398389
80019 0 0.073242 0.065231 -0.238138 0.966266
80039 0 -0.813162 -0.177809 -0.171315 0.52707
80059 0 -0.852193 -0.235556 0.074014 -0.461305
80079 0 -0.003163 -0.047836 0.242232 -0.969033
80099 0 0.849202 0.189751 0.157986 -0.466788
80119 0 0.816447 0.22956 -0.090924 0.521968
80139 0 -0.067093 0.03015 -0.245063 0.966713
80159 0 -0.880743 -0.200682 -0.143846 0.404137
80179 0 -0.776534 -0.222378 0.107297 -0.579681
80199 0 0.137062 -0.012288 0.246605 -0.959296
80219 0 0.907751 0.210592 0.128902 -0.339151
80239 0 0.732543 0.214029 -0.123111 0.634363
80259 0 -0.206091 -0.005581 -0.246848 0.946869
80279 0 -0.929944 -0.219381 -0.1133 0.27247
80299 0 -0.684543 -0.204524 0.138328 -0.685883
80319 0 0.274147 0.02345 0.245795 -0.929451
80339 0 0.947215 0.227001 0.097136 -0.204495
80359 0 0.633093 0.193973 -0.152772 0.73364
80379 0 -0.340897 -0.041232 -0.243444 0.907097
80399 0 -0.959553 -0.233449 -0.080414 0.13525
80419 0 -0.578354 -0.182412 0.166406 -0.777523
80439 0 0.405628 0.058736 0.239823 -0.880058
80459 0 0.966835 0.238666 0.063272 -0.065306
80479 0 0.520377 0.169849 -0.179211 0.817461
80499 0 -0.468285 -0.075947 -0.234941 0.848378
80519 0 -0.969026 -0.242618 -0.045844 -0.004793
80539 0 -0.4598 -0.156422 0.191043 -0.853006
80559 0 0.528652 0.092807 0.228806 -0.812134
80579 0 0.966129 0.245303 0.028136 0.075025
80599 0 0.396893 0.142192 -0.201857 0.884031
80619 0 -0.586037 -0.109121 -0.22149 0.771748
80639 0 -0.958139 -0.246698 -0.010262 -0.144932
80659 0 -0.331688 -0.127168 0.211645 -0.910504
80679 0 0.640355 0.124866 0.213011 -0.72731
80699 0 0.945145 0.246794 -0.00761 0.213858
80719 0 0.264826 0.111494 -0.220305 0.932149
80739 0 -0.691479 -0.140004 -0.203381 0.67889
80759 0 -0.927169 -0.245594 0.025469 -0.281767
80779 0 -0.196712 -0.095268 0.227792 -0.948862
80799 0 0.738813 0.154361 0.192712 -0.627049
80819 0 0.904268 0.243097 -0.043231 0.348332
80839 0 0.127369 0.078494 -0.234102 0.960631
80859 0 -0.782244 -0.167899 -0.181039 0.571952
80879 0 -0.876698 -0.239333 0.060705 -0.412839
80899 0 -0.057367 -0.061309 0.239179 -0.967339
80919 0 0.821705 0.1806 0.168371 -0.51365
80939 0 0.844505 0.234309 -0.077875 0.475233
80959 0 -0.012748 0.043849 -0.242987 0.968954
80979 0 -0.856752 -0.192322 -0.154847 0.452782
80999 0 -0.807767 -0.228036 0.094684 -0.535301
81019 0 0.082953 -0.02612 0.245526 -0.965481
81039 0 0.88726 0.203019 0.140529 -0.389622
81059 0 0.766911 0.220586 -0.110938 0.592353
81079 0 -0.152793 0.008235 -0.246774 0.956916
81099 0 -0.913196 -0.212683 -0.125425 0.324204
81119 0 -0.722029 -0.211978 0.126612 -0.646304
81139 0 0.22161 0.009637 0.246724 -0.943358
81159 0 0.934292 0.221214 0.10968 -0.257165
81179 0 0.673191 0.202225 -0.141671 0.697028
81199 0 -0.289368 -0.027486 -0.245377 0.924825
81219 0 -0.950445 -0.228568 -0.093393 0.188916
81239 0 -0.620962 -0.191437 0.155939 -0.743936
81259 0 0.355743 0.045227 0.242734 -0.901378
81279 0 0.961644 0.23474 0.076568 -0.11948
81299 0 0.565511 0.179653 -0.169382 0.786913
81319 0 -0.420022 -0.06267 -0.238826 0.873279
81339 0 -0.967777 -0.239675 -0.059342 0.049423
81359 0 -0.506888 -0.166882 0.181978 -0.825893
81379 0 0.482149 0.079797 0.233662 -0.840575
81399 0 0.968817 0.243339 0.041851 0.020703
81419 0 0.445733 0.153262 -0.193588 0.86044
81439 0 -0.541914 -0.096554 -0.227251 0.803345
81459 0 -0.964767 -0.245733 -0.024102 -0.090875
81479 0 -0.382325 -0.138857 0.204167 -0.890428
81499 0 0.598629 0.112747 0.219667 -0.762022
81519 0 0.95563 0.246834 0.006207 0.160644
81539 0 0.316697 0.123674 -0.213706 0.915826
81559 0 -0.652209 -0.128349 -0.210932 0.7167
81579 0 -0.941506 -0.246636 0.011664 -0.229347
81599 0 -0.249486 -0.107859 0.222108 -0.936371
81619 0 0.702531 0.143327 0.201054 -0.667447
81639 0 0.922418 0.245144 -0.029501 0.296949
81659 0 0.181106 0.091512 -0.229328 0.951964
81679 0 -0.749009 -0.157508 -0.19015 0.614833
81699 0 -0.898427 -0.242355 0.04722 -0.363131
81719 0 -0.111583 -0.074637 0.235361 -0.962592
81739 0 0.791529 0.170852 0.178256 -0.559032
81759 0 0.869801 0.238304 -0.06463 0.427178
81779 0 0.041477 0.057371 -0.240155 0.96815
81799 0 -0.830026 -0.183343 -0.165382 0.500091
81819 0 -0.836589 -0.232999 0.081714 -0.489032
81839 0 0.028656 -0.039851 0.243675 -0.968614
81859 0 0.86407 0.194841 0.151666 -0.438653
81879 0 0.79887 0.22645 -0.098418 0.54849
81899 0 -0.098791 0.022083 -0.245923 0.963989
81919 0 -0.893537 -0.205302 -0.137175 0.375002
81939 0 -0.757082 -0.218734 0.114548 -0.604865
81959 0 0.168484 -0.004178 0.246877 -0.954278
81979 0 0.918395 0.214715 0.121914 -0.309169
81999 0 0.711321 0.20987 -0.130078 0.65807
82019 0 -0.237069 -0.01369 -0.246533 0.939592
82039 0 -0.938388 -0.222987 -0.106031 0.24179
82059 0 -0.661657 -0.199871 0.144975 -0.707986
82079 0 0.304511 0.031514 0.244893 -0.91995
82099 0 0.953418 0.230072 0.089625 -0.173285
82119 0 0.608663 0.18885 -0.159065 0.754031
82139 0 -0.370494 -0.049209 -0.241959 0.895415
82159 0 -0.963475 -0.235967 -0.072701 0.103678
82179 0 -0.552515 -0.176847 0.172311 -0.796091
82199 0 0.434304 0.066586 0.237765 -0.866264
82219 0 0.968458 0.240619 0.055396 -0.033527
82239 0 0.493261 0.16387 -0.184696 0.834103
82259 0 -0.495883 -0.083626 -0.23232 0.832547
82279 0 -0.968346 -0.243995 -0.037847 -0.036607
82299 0 -0.431545 -0.150061 0.196081 -0.867642
82319 0 0.555029 0.100275 0.225634 -0.79434
82339 0 0.963145 0.246097 0.020062 0.1067
82359 0 0.367654 0.135484 -0.206422 0.896585
82379 0 -0.61106 -0.116342 -0.217786 0.75209
82399 0 -0.952863 -0.246904 -0.00215 -0.176312
82419 0 -0.30162 -0.120147 0.21571 -0.920901
82439 0 0.663887 0.131798 0.208795 -0.705895
82459 0 0.937614 0.246413 -0.015716 0.244775
82479 0 0.234078 0.104195 -0.223851 0.940341
82499 0 -0.713393 -0.146612 -0.198673 0.655824
82519 0 -0.917419 -0.244627 0.033524 -0.312051
82539 0 -0.165452 -0.087731 0.230802 -0.954809
82559 0 0.759003 0.160612 0.187537 -0.602452
82579 0 0.892344 0.241547 -0.051196 0.377832
82599 0 0.095766 0.070761 -0.236557 0.964294
82619 0 -0.8006 -0.173759 -0.175425 0.545961
82639 0 -0.862669 -0.23721 0.068537 -0.441401
82659 0 -0.025575 -0.053417 0.241066 -0.9687
82679 0 0.838123 0.186036 0.162348 -0.486398
82699 0 0.828448 0.231626 -0.085532 0.5027
82719 0 -0.044556 0.035841 -0.244298 0.968013
82739 0 -0.871156 -0.197308 -0.148445 0.424407
82759 0 -0.789757 -0.224803 0.102126 -0.561531
82779 0 0.114602 -0.018039 0.246254 -0.962237
82799 0 0.899573 0.207529 0.133783 -0.360281
82819 0 0.747048 0.216823 -0.118128 0.617214
82839 0 -0.184129 0.000121 -0.246914 0.951383
82859 0 -0.923346 -0.21669 -0.118371 0.294051
82879 0 -0.700422 -0.207706 0.133509 -0.669659
82899 0 0.252464 0.01774 0.246276 -0.935572
82919 0 0.942231 0.224701 0.102353 -0.22635
82939 0 0.649946 0.197462 -0.14824 0.718752
82959 0 -0.319571 -0.035533 -0.244344 0.914827
82979 0 -0.956135 -0.231515 -0.085832 0.157608
82999 0 -0.596201 -0.186211 0.162147 -0.763923
83019 0 0.385144 0.053179 0.241119 -0.889212
83039 0 0.965047 0.237131 0.068815 -0.087848
83059 0 0.53937 0.173992 -0.175195 0.805055
83079 0 -0.448469 -0.070484 -0.23664 0.859016
83099 0 -0.968877 -0.241497 -0.051435 0.017622
83119 0 -0.479502 -0.160814 0.187364 -0.842087
83139 0 0.509483 0.087432 0.230916 -0.824294
83159 0 0.967614 0.244585 0.033833 0.052501
83179 0 0.41724 0.146819 -0.198522 0.874611
83199 0 -0.567995 -0.10397 -0.223957 0.785121
83219 0 -0.961264 -0.246394 -0.016016 -0.122496
83239 0 -0.352884 -0.132074 0.208622 -0.9025
83259 0 0.623326 0.119905 0.215845 -0.741955
83279 0 0.94984 0.246907 -0.001908 0.191933
83299 0 0.286463 0.116587 -0.217656 0.925728
83319 0 -0.675386 -0.135212 -0.206602 0.694901
83339 0 -0.933468 -0.246122 0.019763 -0.260137
83359 0 -0.218606 -0.100503 0.225534 -0.944058
83379 0 0.724063 0.149857 0.196238 -0.644024
83399 0 0.912173 0.244044 -0.037539 0.32707
83419 0 0.149753 0.083927 -0.232213 0.957396
83439 0 -0.768792 -0.163672 -0.184873 0.589909
83459 0 -0.88602 -0.240675 0.055158 -0.392431
83479 0 -0.079924 -0.066865 0.237688 -0.965736
83499 0 0.809455 0.176619 0.172547 -0.532743
83519 0 0.855306 0.236053 -0.072427 0.455506
83539 0 0.009667 0.049449 -0.241912 0.968989
83559 0 -0.845995 -0.188679 -0.15927 0.472574
83579 0 -0.820084 -0.23019 0.089326 -0.516232
83599 0 0.060443 -0.031822 0.244855 -0.96715
83619 0 0.878007 0.199722 0.145183 -0.410046
83639 0 0.780432 0.223096 -0.105806 0.574421
83659 0 -0.130382 0.013991 -0.246518 0.960226
83679 0 -0.905367 -0.2097 -0.130356 0.345463
83699 0 -0.736813 -0.214853 0.121675 -0.629396
83719 0 0.199724 0.003936 0.246883 -0.948232
83739 0 0.928048 0.218607 0.114795 -0.278855
83759 0 0.689333 0.205485 -0.136905 0.681067
83779 0 -0.267792 -0.021785 -0.245952 0.931301
83799 0 -0.94582 -0.226353 -0.098647 0.210849
83819 0 -0.638058 -0.195001 0.151465 -0.729325
83839 0 0.334546 0.039543 0.243728 -0.909457
83859 0 0.958593 0.232895 0.082017 -0.141888
83879 0 0.583577 0.183522 -0.165186 0.773609
83899 0 -0.399691 -0.057134 -0.240214 0.882768
83919 0 -0.966359 -0.23823 -0.06491 0.071995
83939 0 -0.52608 -0.171091 0.178031 -0.813801
83959 0 0.462513 0.074364 0.235451 -0.851537
83979 0 0.969036 0.242311 0.047459 -0.001711
83999 0 0.465614 0.157715 -0.189982 0.849845
84019 0 -0.522947 -0.091215 -0.229449 0.815819
84039 0 -0.966621 -0.245109 -0.029809 -0.068382
84059 0 -0.402824 -0.143537 0.200908 -0.881343
84079 0 0.580808 0.107636 0.22222 -0.77569
84099 0 0.959123 0.246625 0.011966 0.138259
84119 0 0.338018 0.128629 -0.210765 0.908172
84139 0 -0.635424 -0.123437 -0.213847 0.731621
84159 0 -0.94656 -0.246843 0.005964 -0.207501
84179 0 -0.271228 -0.112996 0.219543 -0.930306
84199 0 0.686703 0.138589 0.204353 -0.683719
84219 0 0.929071 0.245765 -0.023805 0.275428
84239 0 0.203076 0.096784 -0.227156 0.947519
84259 0 -0.734537 -0.153062 -0.19375 0.63205
84279 0 -0.90668 -0.243395 0.041544 -0.342
84299 0 -0.134013 -0.0801 0.233562 -0.959726
84319 0 0.778374 0.166689 0.182159 -0.577206
84339 0 0.879457 0.239737 -0.059106 0.406924
84359 0 0.06406 0.062951 -0.238756 0.966917
84379 0 -0.818092 -0.179431 -0.169622 0.519382
84399 0 -0.847711 -0.234832 0.076296 -0.469488
84419 0 0.006244 -0.045467 0.242693 -0.969017
84439 0 0.853638 0.191271 0.156149 -0.458623
84459 0 0.811498 0.228692 -0.093097 0.529626
84479 0 -0.076315 0.027794 -0.245346 0.966027
84499 0 -0.884621 -0.202081 -0.141882 0.395574
84519 0 -0.770896 -0.221328 0.109458 -0.587155
84539 0 0.146127 -0.009939 0.246715 -0.957956
84559 0 0.910916 0.211815 0.126893 -0.330551
84579 0 0.726379 0.212826 -0.12519 0.641409
84599 0 -0.215265 -0.007992 -0.246786 0.944825
84619 0 -0.9325 -0.220464 -0.111189 0.263583
84639 0 -0.678059 -0.203208 0.140263 -0.692292
84659 0 0.283046 0.025823 0.245562 -0.926778
84679 0 0.949154 0.227944 0.094914 -0.195291
84699 0 0.625999 0.192487 -0.154649 0.739701
84719 0 -0.34943 -0.043542 -0.243046 0.903842
84739 0 -0.960793 -0.234212 -0.078179 0.12613
84759 0 -0.570796 -0.180784 0.16818 -0.783086
84779 0 0.41413 0.061073 0.239244 -0.876087
84799 0 0.96741 0.239265 0.060988 -0.056122
84819 0 0.512648 0.168143 -0.180819 0.822328
84839 0 -0.476432 -0.078223 -0.234198 0.843828
84859 0 -0.968933 -0.243059 -0.043471 -0.014199
84879 0 -0.4516 -0.154573 0.192548 -0.857374
84899 0 0.536269 0.094973 0.22792 -0.807123
84919 0 0.965368 0.245567 0.025777 0.084243
84939 0 0.388299 0.140217 -0.203241 0.887838
84959 0 -0.593464 -0.111273 -0.220422 0.766051
84979 0 -0.956724 -0.246789 -0.007912 -0.153985
84999 0 -0.323062 -0.125148 0.212851 -0.913599
85019 0 0.647351 0.126935 0.21179 -0.721089
85039 0 0.943025 0.246713 -0.01002 0.223014
85059 0 0.25592 0.109374 -0.22137 0.934632
85079 0 -0.697835 -0.141928 -0.202049 0.672353
85099 0 -0.924423 -0.245342 0.02784 -0.290646
85119 0 -0.187492 -0.093038 0.228717 -0.950726
85139 0 0.744814 0.156225 0.19121 -0.619907
85159 0 0.900944 0.242681 -0.045537 0.356837
85179 0 0.118238 0.076252 -0.234847 0.961796
85199 0 -0.787746 -0.169661 -0.179396 0.564348
85219 0 -0.872658 -0.238734 0.063037 -0.421308
85239 0 -0.048179 -0.05902 0.239759 -0.967838
85259 0 0.826509 0.182194 0.166652 -0.50588
85279 0 0.839888 0.233548 -0.080145 0.483343
85299 0 -0.022153 0.041473 -0.243408 0.968784
85319 0 -0.861052 -0.193812 -0.152986 0.444547
85339 0 -0.802694 -0.227133 0.096842 -0.542876
85359 0 0.092166 -0.023759 0.245771 -0.964644
85379 0 0.890996 0.204386 0.138542 -0.380996
85399 0 0.761153 0.219501 -0.11308 0.599732
85419 0 -0.161833 0.005885 -0.246846 0.955428
85439 0 -0.91622 -0.213872 -0.123396 0.315551
85459 0 -0.71575 -0.210741 0.128671 -0.653249
85479 0 0.230748 0.012047 0.246623 -0.941163
85499 0 0.936701 0.222262 0.107552 -0.24824
85519 0 0.666602 0.200877 -0.143584 0.703331
85539 0 -0.298225 -0.029855 -0.245105 0.922005
85559 0 -0.952233 -0.229474 -0.091156 0.17968
85579 0 -0.613772 -0.189921 0.157791 -0.749878
85599 0 0.364221 0.04753 0.242299 -0.897984
85619 0 0.962735 0.235466 0.07432 -0.110337
85639 0 0.557862 0.177996 -0.171129 0.792352
85659 0 -0.428457 -0.064996 -0.238209 0.86917
85679 0 -0.968201 -0.240236 -0.057049 0.040234
85699 0 -0.499078 -0.16515 0.183558 -0.830634
85719 0 0.490222 0.082062 0.232882 -0.835891
85739 0 0.968569 0.243742 0.039472 0.030106
85759 0 0.437465 0.151389 -0.195062 0.864671
85779 0 -0.549447 -0.098705 -0.22633 0.798211
85799 0 -0.963855 -0.245958 -0.021739 -0.100082
85819 0 -0.373669 -0.136859 0.205518 -0.894094
85839 0 0.60596 0.11488 0.218565 -0.756204
85859 0 0.954067 0.246887 0.003857 0.169669
85879 0 0.308018 0.121634 -0.214879 0.91878
85899 0 -0.659103 -0.130398 -0.209677 0.710363
85919 0 -0.939237 -0.246516 0.014073 -0.238467
85939 0 -0.240543 -0.105723 0.223138 -0.938707
85959 0 0.708779 0.145229 0.199691 -0.660806
85979 0 0.919526 0.244852 -0.031868 0.305785
85999 0 0.171856 0.089267 -0.230216 0.953676
86019 0 -0.75489 -0.159346 -0.188618 0.607596
86039 0 -0.894964 -0.241901 0.049519 -0.371579
86059 0 -0.10243 -0.072383 0.23607 -0.963608
86079 0 0.796906 0.172586 0.176585 -0.551338
86099 0 0.865623 0.237667 -0.066951 0.435578
86119 0 0.032285 0.055074 -0.240697 0.968499
86139 0 -0.834703 -0.184909 -0.163636 0.492243
86159 0 -0.831838 -0.2322 0.083973 -0.497068
86179 0 0.038056 -0.037468 0.244058 -0.968289
86199 0 0.868233 0.1963 0.149782 -0.430353
86219 0 0.793674 0.225512 -0.100561 0.55598
86239 0 -0.107992 0.019717 -0.246129 0.963
86259 0 -0.897131 -0.206636 -0.135166 0.366316
86279 0 -0.751205 -0.217614 0.116672 -0.612147
86299 0 0.177495 -0.001828 0.246911 -0.952642
86319 0 0.921278 0.215872 0.119865 -0.300465
86339 0 0.704927 0.208599 -0.132117 0.664913
86359 0 -0.246169 -0.016098 -0.246392 0.937247
86379 0 -0.94065 -0.224 -0.103886 0.23283
86399 0 -0.654965 -0.198491 0.146865 -0.714179
86419 0 0.313323 0.033879 0.244582 -0.916984
86439 0 0.955054 0.230942 0.087373 -0.164021
86459 0 0.601379 0.187303 -0.160891 0.759852
86479 0 -0.378913 -0.051504 -0.241486 0.891884
86499 0 -0.964416 -0.236657 -0.070441 0.094516
86519 0 -0.544777 -0.175161 0.174032 -0.801405
86539 0 0.442669 0.068902 0.237109 -0.862018
86559 0 0.968731 0.241142 0.053095 -0.024335
86579 0 0.485374 0.162112 -0.186248 0.838716
86599 0 -0.50388 -0.085878 -0.231503 0.827729
86619 0 -0.967944 -0.244358 -0.035461 -0.046004
86639 0 -0.423211 -0.148165 0.197524 -0.871736
86659 0 0.562476 0.102411 0.224679 -0.789083
86679 0 0.962081 0.246283 0.017694 0.115894
86699 0 0.358938 0.133463 -0.20774 0.900108
86719 0 -0.618292 -0.118456 -0.216649 0.746154
86739 0 -0.951153 -0.246918 0.0002 -0.185308
86759 0 -0.292892 -0.118088 0.21685 -0.923713
86779 0 0.670678 0.133827 0.207506 -0.699445
86799 0 0.935195 0.246252 -0.018121 0.253855
86819 0 0.225101 0.102043 -0.224846 0.942529
86839 0 -0.719532 -0.148492 -0.197279 0.64908
86859 0 -0.914381 -0.244296 0.035888 -0.320841
86879 0 -0.156175 -0.085473 0.231653 -0.956369
86899 0 0.764763 0.162424 0.185976 -0.595121
86919 0 0.888743 0.241056 -0.053486 0.386221
86939 0 0.086595 0.068494 -0.237228 0.965159
86959 0 -0.80585 -0.175465 -0.173725 0.538179
86979 0 -0.858355 -0.236536 0.070848 -0.44973
86999 0 -0.016383 -0.051112 0.24157 -0.968898
87019 0 0.842672 0.187574 0.160576 -0.478472
87039 0 0.823565 0.23079 -0.087777 0.510659
87059 0 -0.053949 0.033452 -0.244642 0.967533
87079 0 -0.87518 -0.198735 -0.146537 0.416042
87099 0 -0.784439 -0.22383 0.104253 -0.568935
87119 0 0.123789 -0.01567 0.246421 -0.961097
87139 0 0.903025 0.20883 0.131752 -0.351536
87159 0 0.741054 0.215669 -0.120232 0.624396
87179 0 -0.193109 -0.002229 -0.246908 0.9496
87199 0 -0.926086 -0.217813 -0.116302 0.285299
87219 0 -0.693915 -0.2064 0.135528 -0.676397
87239 0 0.261524 0.020144 0.246096 -0.933079
87259 0 0.944345 0.225677 0.100193 -0.217357
87279 0 0.643152 0.196052 -0.150108 0.724836
87299 0 -0.328337 -0.037894 -0.243994 0.911716
87319 0 -0.957618 -0.232348 -0.083567 0.148318
87339 0 -0.588824 -0.184635 0.163947 -0.769622
87359 0 0.393503 0.055465 0.240609 -0.885543
87379 0 0.965838 0.237783 0.066543 -0.078668
87399 0 0.531545 0.172278 -0.176887 0.810241
87419 0 -0.456762 -0.072789 -0.235946 0.854634
87439 0 -0.969 -0.241983 -0.049126 0.008429
87459 0 -0.471538 -0.15903 0.188887 -0.846571
87479 0 0.517403 0.089671 0.230061 -0.819344
87499 0 0.967058 0.244909 0.031441 0.06189
87519 0 0.408844 0.1449 -0.199932 0.878566
87539 0 -0.575355 -0.106089 -0.222967 0.779742
87559 0 -0.960048 -0.246542 -0.013644 -0.131675
87579 0 -0.34411 -0.130032 0.209906 -0.90588
87599 0 0.630458 0.122 0.214674 -0.735903
87619 0 0.947983 0.246882 -0.004257 0.200897
87639 0 0.277686 0.114509 -0.218762 0.928397
87659 0 -0.682071 -0.137219 -0.20528 0.688338
87679 0 -0.930901 -0.245922 0.022165 -0.269175
87699 0 -0.209598 -0.098335 0.226493 -0.946097
87719 0 0.730091 0.151714 0.194813 -0.63718
87739 0 0.908989 0.243674 -0.039898 0.335811
87759 0 0.140451 0.081655 -0.233027 0.958804
87779 0 -0.774429 -0.165459 -0.183283 0.582486
87799 0 -0.882283 -0.240145 0.05744 -0.400758
87819 0 -0.070736 -0.064587 0.238323 -0.966451
87839 0 0.814578 0.178297 0.170819 -0.524875
87859 0 0.850856 0.235341 -0.074725 0.463762
87879 0 0.000476 0.047136 -0.242378 0.969036
87899 0 -0.850414 -0.190188 -0.157473 0.464572
87919 0 -0.815069 -0.229317 0.091558 -0.524112
87939 0 0.069827 -0.029428 0.245159 -0.966517
87959 0 0.881892 0.201116 0.143253 -0.401619
87979 0 0.774993 0.222088 -0.107917 0.581736
87999 0 -0.139553 0.011618 -0.246646 0.958935
88019 0 -0.908675 -0.210968 -0.128303 0.336662
88039 0 -0.730703 -0.213665 0.12376 -0.636478
88059 0 0.208671 0.006285 0.24684 -0.946302
88079 0 0.930645 0.219696 0.112708 -0.270055
88099 0 0.682715 0.204146 -0.138902 0.687699
88119 0 -0.276808 -0.024185 -0.245732 0.928659
88139 0 -0.947785 -0.227294 -0.096472 0.201826
88159 0 -0.631165 -0.19356 0.153309 -0.735297
88179 0 0.343262 0.041899 0.243339 -0.906202
88199 0 0.959924 0.233691 0.079738 -0.132575
88219 0 0.57611 0.181917 -0.166959 0.779184
88239 0 -0.407987 -0.059411 -0.239666 0.878964
88259 0 -0.966999 -0.238846 -0.062626 0.0628
88279 0 -0.51817 -0.169349 0.179695 -0.81886
88299 0 0.470731 0.076656 0.234719 -0.84702
88319 0 0.969007 0.242758 0.045144 0.007478
88339 0 0.457575 0.155906 -0.191475 0.854199
88359 0 -0.530786 -0.09344 -0.228557 0.810738
88379 0 -0.965911 -0.245394 -0.027413 -0.07776
88399 0 -0.394367 -0.141596 0.202287 -0.885158
88419 0 0.588078 0.109739 0.221194 -0.770192

