CIC_AEM_VERS = 1.0
CREATION_DATE  = 2014-10-21T06:37:38.000
ORIGINATOR     = CNES - DCT/SB/MS

META_START

COMMENT = days (MJD), sec (TAI), q0: real part, q1, q2, q3

OBJECT_NAME = VENUS
OBJECT_ID = VENUS

REF_FRAME_A = ICRF
REF_FRAME_B = BODY
ATTITUDE_DIR = A2B
TIME_SYSTEM = TAI
ATTITUDE_TYPE = QUATERNION
QUATERNION_TYPE = FIRST

META_STOP

51179 0 -0.194646 0.971133 -0.133031 -0.036287
51209 0 -0.166468 0.848703 -0.490407 -0.107202
51239 0 -0.113564 0.600216 -0.774943 -0.162194
51269 0 -0.043793 0.262579 -0.944377 -0.193096
51299 0 0.032483 -0.114059 -0.973543 -0.195317
51329 0 0.103934 -0.473756 -0.858109 -0.168528
51359 0 0.159948 -0.763086 -0.61522 -0.116707
51389 0 0.192205 -0.939075 -0.280953 -0.047552
51419 0 0.195913 -0.975583 0.095045 0.028666
51449 0 0.170523 -0.867188 0.456925 0.100626
51479 0 0.119805 -0.62999 0.750938 0.15764
51509 0 0.051293 -0.29922 0.933415 0.19124
51539 0 -0.024838 0.075993 0.977252 0.196435
51569 0 -0.09728 0.43992 0.875938 0.172454
51599 0 -0.155273 0.738505 0.644521 0.122858
51629 0 -0.190203 0.9274 0.317373 0.055014
51659 0 -0.196883 0.978548 -0.056914 -0.021001
51689 0 -0.174319 0.884354 -0.422747 -0.093897
51719 0 -0.125864 0.658806 -0.72579 -0.152847
51749 0 -0.058714 0.335406 -0.921032 -0.189094
51779 0 0.017156 -0.037812 -0.979473 -0.197255
51809 0 0.090478 -0.405413 -0.892433 -0.176118
51839 0 0.150362 -0.712799 -0.67284 -0.128822
51869 0 0.187912 -0.914313 -0.353311 -0.062392
51899 0 0.197552 -0.980024 0.018696 0.013305
51929 0 0.177849 -0.900172 0.387926 0.087025
51959 0 0.131731 -0.686618 0.699537 0.14782
51989 0 0.066046 -0.371081 0.907246 0.186659
52019 0 -0.009448 -0.000427 0.980202 0.197774
52049 0 -0.083539 0.37029 0.907569 0.179513
52079 0 -0.145222 0.686008 0.700135 0.13459
52109 0 -0.185335 0.899834 0.38871 0.069675
52139 0 -0.197921 0.980007 0.01955 -0.005588
52169 0 -0.181109 0.91462 -0.352513 -0.080021
52199 0 -0.137397 0.713385 -0.672218 -0.142569
52229 0 -0.073278 0.406191 -0.892079 -0.183941
52259 0 0.001725 0.038666 -0.979439 -0.197992
52289 0 0.076472 -0.334603 -0.921324 -0.182636
52319 0 0.139861 -0.658173 -0.726364 -0.140152
52349 0 0.182476 -0.883985 -0.423518 -0.076853
52379 0 0.197988 -0.978498 -0.057767 -0.002138
52409 0 0.184093 -0.927676 0.316565 0.072895
52439 0 0.142854 -0.739066 0.643877 0.1371
52469 0 0.080398 -0.440683 0.875554 0.180942
52499 0 0.006 -0.076845 0.977185 0.197909
52529 0 -0.069289 0.298406 0.933676 0.18548
52559 0 -0.134287 0.629335 0.751487 0.145502
52589 0 -0.179339 0.86679 0.457681 0.083913
52619 0 -0.197754 0.9755 0.095895 0.00986
52649 0 -0.186796 0.93932 -0.280134 -0.065658
52679 0 -0.148094 0.763622 -0.614555 -0.131423
52709 0 -0.087395 0.474504 -0.857696 -0.177668
52739 0 -0.013716 0.114908 -0.973444 -0.197524
52769 0 0.062001 -0.261755 -0.944606 -0.188042
52799 0 0.128509 -0.59954 -0.775466 -0.15063
52829 0 0.175929 -0.848275 -0.491147 -0.090845
52859 0 0.197219 -0.971016 -0.133877 -0.017567
52889 0 0.189216 -0.949533 0.243277 0.05832
52919 0 0.153108 -0.787015 0.584297 0.125545
52949 0 0.09426 -0.507603 0.838532 0.174123
52979 0 0.021411 -0.152796 0.96822 0.196838
53009 0 -0.054618 0.224706 0.954098 0.190317
53039 0 -0.122534 0.568832 0.798265 0.155528
53069 0 -0.172251 0.828469 0.523865 0.097639
53099 0 -0.196383 0.965055 0.171656 0.025247
53129 0 -0.191347 0.958301 -0.206049 -0.050894
53159 0 -0.157889 0.80921 -0.55315 -0.119477
53189 0 -0.100981 0.539928 -0.818091 -0.170313
53219 0 -0.029074 0.190451 -0.961522 -0.195853
53249 0 0.047152 -0.187314 -0.962138 -0.192303
53279 0 0.116374 -0.537257 -0.819848 -0.16019
53309 0 0.168311 -0.807402 -0.555786 -0.104284
53339 0 0.195249 -0.957623 -0.209173 -0.032889
53369 0 0.193186 -0.965609 0.168508 0.043391
53399 0 0.16243 -0.830173 0.521161 0.113226
53429 0 0.107548 -0.571432 0.796405 0.166244
53459 0 0.036692 -0.227816 0.95336 0.19457
53489 0 -0.039614 0.149637 0.968713 0.193996
53519 0 -0.110036 0.504865 0.840183 0.164608
53549 0 -0.164115 0.785106 0.586861 0.110771
53579 0 -0.193817 0.948734 0.246372 0.040481
53609 0 -0.194732 0.971448 -0.13071 -0.035822
53639 0 -0.166724 0.849873 -0.488378 -0.106804
53669 0 -0.113952 0.602066 -0.773507 -0.161922
53699 0 -0.044255 0.264834 -0.943747 -0.192991
53729 0 0.032016 -0.111733 -0.973813 -0.195394
53759 0 0.103531 -0.471704 -0.859239 -0.168776
53789 0 0.159668 -0.761614 -0.617042 -0.117089
53819 0 0.19209 -0.938401 -0.283196 -0.048011
53849 0 0.195981 -0.975808 0.092713 0.028198
53879 0 0.170763 -0.868278 0.454851 0.100218
53909 0 0.120182 -0.631783 0.749431 0.157354
53939 0 0.05175 -0.30145 0.932697 0.191117
53969 0 -0.024369 0.073658 0.977431 0.196494
53999 0 -0.096868 0.437825 0.876986 0.172686
54029 0 -0.154979 0.736963 0.646284 0.123229
54059 0 -0.190071 0.926639 0.319588 0.055468
54089 0 -0.196932 0.978682 -0.054575 -0.020531
54119 0 -0.174543 0.885361 -0.420633 -0.09348
54149 0 -0.126229 0.660538 -0.724214 -0.152545
54179 0 -0.059166 0.337606 -0.920227 -0.188953
54209 0 0.016685 -0.035471 -0.97956 -0.197295
54239 0 0.090057 -0.40328 -0.893399 -0.176333
54269 0 0.150054 -0.711189 -0.674541 -0.129181
54299 0 0.187763 -0.913466 -0.355494 -0.062841
54329 0 0.197583 -0.980066 0.016354 0.012832
54359 0 0.178057 -0.901097 0.385773 0.0866
54389 0 0.132084 -0.688288 0.697894 0.147505
54419 0 0.066492 -0.373248 0.906357 0.186501
54449 0 -0.008975 -0.002769 0.980198 0.197796
54479 0 -0.08311 0.36812 0.908451 0.179712
54509 0 -0.1449 0.684333 0.701772 0.134936
54539 0 -0.185168 0.898902 0.390859 0.070118
54569 0 -0.197933 0.979958 0.021892 -0.005115
54599 0 -0.1813 0.91546 -0.350327 -0.079588
54629 0 -0.137738 0.71499 -0.670512 -0.14224
54659 0 -0.073717 0.408322 -0.891106 -0.183765
54689 0 0.001252 0.041006 -0.979344 -0.197996
54719 0 0.076036 -0.3324 -0.922121 -0.182818
54749 0 0.139526 -0.656435 -0.727935 -0.140486
54779 0 0.182292 -0.88297 -0.425629 -0.077288
54809 0 0.197982 -0.978358 -0.060105 -0.002611
54839 0 0.184266 -0.92843 0.314347 0.072455
54869 0 0.143182 -0.740603 0.642109 0.136758
54899 0 0.08083 -0.442774 0.874498 0.180749
54929 0 0.006473 -0.07918 0.976999 0.197894
54959 0 -0.068846 0.296174 0.934386 0.185645
54989 0 -0.133939 0.627538 0.752989 0.145822
55019 0 -0.179138 0.865694 0.459751 0.084341
55049 0 -0.19773 0.975268 0.098226 0.010332
55079 0 -0.186953 0.939986 -0.277889 -0.065211
55109 0 -0.148408 0.765088 -0.612728 -0.131069
55139 0 -0.08782 0.476552 -0.856559 -0.177458
55169 0 -0.014188 0.117234 -0.973166 -0.197491
55199 0 0.061551 -0.259497 -0.945229 -0.188189
55229 0 0.128148 -0.597685 -0.776897 -0.150937
55259 0 0.175711 -0.847099 -0.493172 -0.091265
55289 0 0.197176 -0.970694 -0.136197 -0.018038
55319 0 0.189354 -0.950111 0.241007 0.057868
55349 0 0.153408 -0.788409 0.582415 0.125179
55379 0 0.094676 -0.509605 0.837317 0.173897
55409 0 0.021881 -0.155109 0.967852 0.196787
55439 0 -0.054163 0.222425 0.954633 0.190447
55469 0 -0.122162 0.566923 0.799622 0.155821
55499 0 -0.172017 0.827215 0.525843 0.09805
55529 0 -0.196322 0.964642 0.173962 0.025716
55559 0 -0.191468 0.95879 -0.203759 -0.050437
55589 0 -0.158174 0.81053 -0.551215 -0.119099
55619 0 -0.101388 0.541882 -0.816799 -0.170072
55649 0 -0.029542 0.192748 -0.961064 -0.195783
55679 0 0.046692 -0.185015 -0.962583 -0.192415
55709 0 0.115991 -0.535297 -0.821129 -0.160468
55739 0 0.168061 -0.806072 -0.557714 -0.104686
55769 0 0.19517 -0.957121 -0.211461 -0.033356
55799 0 0.19329 -0.966009 0.1662 0.042929
55829 0 0.1627 -0.831416 0.519175 0.112838
55859 0 0.107945 -0.573333 0.795038 0.165987
55889 0 0.037157 -0.230093 0.952813 0.194482
55919 0 -0.03915 0.147322 0.969068 0.19409
55949 0 -0.109642 0.502856 0.841387 0.164871
55979 0 -0.163849 0.783701 0.588735 0.111163
56009 0 -0.19372 0.948143 0.248638 0.040944
56039 0 -0.194817 0.971757 -0.128388 -0.035356
56069 0 -0.166978 0.851037 -0.486346 -0.106405
56099 0 -0.114338 0.603912 -0.772066 -0.161649
56129 0 -0.044716 0.267089 -0.943112 -0.192884
56159 0 0.031549 -0.109406 -0.974077 -0.19547
56189 0 0.103127 -0.46965 -0.860363 -0.169022
56219 0 0.159388 -0.760137 -0.61886 -0.11747
56249 0 0.191975 -0.937722 -0.285437 -0.04847
56279 0 0.196048 -0.976026 0.090381 0.027729
56309 0 0.171002 -0.869362 0.452775 0.09981
56339 0 0.120557 -0.633572 0.747919 0.157066
56369 0 0.052206 -0.303677 0.931974 0.190993
56399 0 -0.023899 0.071322 0.977604 0.196552
56429 0 -0.096455 0.435729 0.87803 0.172917
56459 0 -0.154684 0.735416 0.648043 0.123599
56489 0 -0.189938 0.925872 0.321802 0.055922
56519 0 -0.196981 0.978809 -0.052236 -0.02006
56549 0 -0.174766 0.886364 -0.418516 -0.093063
56579 0 -0.126593 0.662267 -0.722633 -0.152243
56609 0 -0.059617 0.339804 -0.919418 -0.188811
56639 0 0.016213 -0.033131 -0.979642 -0.197335
56669 0 0.089636 -0.401144 -0.89436 -0.176548
56699 0 0.149745 -0.709575 -0.676239 -0.129539
56729 0 0.187612 -0.912614 -0.357676 -0.06329
56759 0 0.197613 -0.980102 0.014012 0.01236
56789 0 0.178263 -0.902016 0.383619 0.086174
56819 0 0.132436 -0.689953 0.696247 0.147189
56849 0 0.066938 -0.375413 0.905462 0.186341
56879 0 -0.008503 -0.005112 0.980189 0.197817
56909 0 -0.08268 0.365948 0.909328 0.179911
56939 0 -0.144577 0.682654 0.703405 0.135282
56969 0 -0.185 0.897966 0.393006 0.07056
56999 0 -0.197945 0.979903 0.024233 -0.004642
57029 0 -0.181489 0.916295 -0.348138 -0.079154
57059 0 -0.138077 0.71659 -0.668801 -0.14191
57089 0 -0.074156 0.41045 -0.890128 -0.183588
57119 0 0.000779 0.043346 -0.979243 -0.197998
57149 0 0.075599 -0.330196 -0.922912 -0.182999
57179 0 0.13919 -0.654694 -0.729501 -0.140819
57209 0 0.182107 -0.881951 -0.427738 -0.077724
57239 0 0.197975 -0.978211 -0.062442 -0.003084
57269 0 0.184439 -0.929178 0.312128 0.072014
57299 0 0.143508 -0.742135 0.640337 0.136416
57329 0 0.081262 -0.444862 0.873438 0.180556
57359 0 0.006946 -0.081515 0.976807 0.197878
57389 0 -0.068402 0.293941 0.935091 0.185809
57419 0 -0.13359 0.625737 0.754486 0.146142
57449 0 -0.178936 0.864593 0.461818 0.084769
57479 0 -0.197704 0.975031 0.100556 0.010805
57509 0 -0.187108 0.940648 -0.275642 -0.064764
57539 0 -0.14872 0.76655 -0.610898 -0.130714
57569 0 -0.088244 0.478598 -0.855418 -0.177248
57599 0 -0.01466 0.119559 -0.972883 -0.197456
57629 0 0.061101 -0.257238 -0.945846 -0.188336
57659 0 0.127787 -0.595827 -0.778323 -0.151242
57689 0 0.175493 -0.845918 -0.495195 -0.091685
57719 0 0.197132 -0.970366 -0.138516 -0.018509
57749 0 0.189492 -0.950685 0.238736 0.057415
57779 0 0.153707 -0.789799 0.580529 0.124812
57809 0 0.095091 -0.511604 0.836097 0.173671
57839 0 0.022352 -0.157421 0.967479 0.196734
57869 0 -0.053708 0.220143 0.955161 0.190576
57899 0 -0.12179 0.56501 0.800974 0.156112
57929 0 -0.171782 0.825956 0.527818 0.098461
57959 0 -0.19626 0.964223 0.176266 0.026185
57989 0 -0.191588 0.959274 -0.201467 -0.049979
58019 0 -0.158459 0.811845 -0.549276 -0.118721
58049 0 -0.101794 0.543832 -0.815502 -0.169829
58079 0 -0.030009 0.195044 -0.960601 -0.195712
58109 0 0.046232 -0.182714 -0.963022 -0.192526
58139 0 0.115607 -0.533333 -0.822406 -0.160745
58169 0 0.167811 -0.804737 -0.559638 -0.105088
58199 0 0.195089 -0.956613 -0.213747 -0.033822
58229 0 0.193392 -0.966404 0.163891 0.042467
58259 0 0.162969 -0.832655 0.517187 0.112449
58289 0 0.108341 -0.575232 0.793665 0.165729
58319 0 0.037622 -0.23237 0.952261 0.194392
58349 0 -0.038686 0.145006 0.969417 0.194183
58379 0 -0.109248 0.500844 0.842586 0.165132
58409 0 -0.163583 0.782292 0.590606 0.111554
58439 0 -0.193621 0.947546 0.250903 0.041407
58469 0 -0.194901 0.972062 -0.126066 -0.034891
58499 0 -0.167232 0.852197 -0.484311 -0.106006
58529 0 -0.114724 0.605756 -0.770621 -0.161376
58559 0 -0.045176 0.269342 -0.942471 -0.192777
58589 0 0.031082 -0.107078 -0.974336 -0.195545
58619 0 0.102723 -0.467593 -0.861483 -0.169268
58649 0 0.159107 -0.758656 -0.620675 -0.117851
58679 0 0.191859 -0.937037 -0.287677 -0.048929
58709 0 0.196114 -0.97624 0.088049 0.027261
58739 0 0.17124 -0.870442 0.450697 0.099401
58769 0 0.120932 -0.635357 0.746403 0.156777
58799 0 0.052662 -0.305903 0.931246 0.190868
58829 0 -0.023429 0.068986 0.977771 0.196608
58859 0 -0.096041 0.433629 0.879069 0.173147
58889 0 -0.154388 0.733866 0.649798 0.123968
58919 0 -0.189804 0.925101 0.324013 0.056376
58949 0 -0.197028 0.978931 -0.049897 -0.019589
58979 0 -0.174988 0.887361 -0.416397 -0.092645
59009 0 -0.126956 0.663992 -0.721049 -0.15194
59039 0 -0.060068 0.342 -0.918604 -0.188668
59069 0 0.015742 -0.03079 -0.979718 -0.197373
59099 0 0.089214 -0.399006 -0.895316 -0.176762
59129 0 0.149435 -0.707957 -0.677932 -0.129896
59159 0 0.18746 -0.911757 -0.359856 -0.063738
59189 0 0.197642 -0.980133 0.01167 0.011888
59219 0 0.178469 -0.90293 0.381463 0.085748
59249 0 0.132787 -0.691615 0.694597 0.146872
59279 0 0.067383 -0.377575 0.904562 0.186181
59309 0 -0.00803 -0.007454 0.980174 0.197837
59339 0 -0.08225 0.363775 0.9102 0.180108
59369 0 -0.144253 0.680972 0.705035 0.135627
59399 0 -0.184831 0.897024 0.395151 0.071002
59429 0 -0.197956 0.979842 0.026575 -0.004169
59459 0 -0.181678 0.917124 -0.345948 -0.078721
59489 0 -0.138416 0.718186 -0.667087 -0.14158
59519 0 -0.074595 0.412576 -0.889144 -0.183411
59549 0 0.000306 0.045686 -0.979137 -0.197999
59579 0 0.075161 -0.32799 -0.923699 -0.183179
59609 0 0.138853 -0.652949 -0.731063 -0.141151
59639 0 0.18192 -0.880926 -0.429844 -0.078159
59669 0 0.197968 -0.978059 -0.064779 -0.003557
59699 0 0.184611 -0.929922 0.309907 0.071573
59729 0 0.143834 -0.743663 0.638562 0.136072
59759 0 0.081693 -0.446948 0.872372 0.180361
59789 0 0.007418 -0.083848 0.976609 0.19786
59819 0 -0.067958 0.291705 0.935791 0.185972
59849 0 -0.13324 0.623932 0.755979 0.146461
59879 0 -0.178733 0.863487 0.463883 0.085196
59909 0 -0.197678 0.974788 0.102885 0.011277
59939 0 -0.187262 0.941304 -0.273393 -0.064317
59969 0 -0.149032 0.768008 -0.609065 -0.130358
59999 0 -0.088667 0.48064 -0.854272 -0.177037
60029 0 -0.015132 0.121883 -0.972595 -0.19742
60059 0 0.060651 -0.254977 -0.946458 -0.188481
60089 0 0.127425 -0.593966 -0.779744 -0.151547
60119 0 0.175273 -0.844733 -0.497215 -0.092104
60149 0 0.197088 -0.970032 -0.140835 -0.01898
60179 0 0.189629 -0.951252 0.236464 0.056963
60209 0 0.154004 -0.791184 0.57864 0.124445
60239 0 0.095506 -0.513601 0.834872 0.173443
60269 0 0.022822 -0.159733 0.9671 0.19668
60299 0 -0.053252 0.217861 0.955685 0.190704
60329 0 -0.121416 0.563095 0.802322 0.156403
60359 0 -0.171547 0.824693 0.529791 0.098871
60389 0 -0.196197 0.963799 0.17857 0.026654
60419 0 -0.191707 0.959753 -0.199174 -0.049522
60449 0 -0.158742 0.813155 -0.547335 -0.118342
60479 0 -0.102199 0.545779 -0.8142 -0.169585
60509 0 -0.030477 0.197339 -0.960132 -0.19564
60539 0 0.045772 -0.180412 -0.963456 -0.192636
60569 0 0.115223 -0.531367 -0.823678 -0.16102
60599 0 0.167559 -0.803397 -0.56156 -0.105488
60629 0 0.195008 -0.956099 -0.216033 -0.034288
60659 0 0.193493 -0.966792 0.161582 0.042005
60689 0 0.163238 -0.833888 0.515196 0.112059
60719 0 0.108737 -0.577126 0.792289 0.165469
60749 0 0.038086 -0.234644 0.951703 0.194302
60779 0 -0.038222 0.142689 0.969761 0.194275
60809 0 -0.108853 0.498829 0.84378 0.165393
60839 0 -0.163316 0.780879 0.592474 0.111945
60869 0 -0.193522 0.946944 0.253167 0.041869
60899 0 -0.194984 0.97236 -0.123743 -0.034425
60929 0 -0.167485 0.853352 -0.482273 -0.105606
60959 0 -0.11511 0.607595 -0.769171 -0.161101
60989 0 -0.045637 0.271593 -0.941825 -0.192668
61019 0 0.030614 -0.104749 -0.974589 -0.195618
61049 0 0.102318 -0.465533 -0.862598 -0.169513
61079 0 0.158825 -0.757171 -0.622486 -0.118231
61109 0 0.191741 -0.936347 -0.289915 -0.049387
61139 0 0.196178 -0.976447 0.085716 0.026792
61169 0 0.171477 -0.871516 0.448616 0.098992
61199 0 0.121307 -0.637139 0.744883 0.156488
61229 0 0.053118 -0.308128 0.930512 0.190741
61259 0 -0.02296 0.06665 0.977934 0.196664
61289 0 -0.095627 0.431528 0.880102 0.173376
61319 0 -0.154092 0.732311 0.65155 0.124337
61349 0 -0.189669 0.924324 0.326223 0.056829
61379 0 -0.197074 0.979048 -0.047558 -0.019118
61409 0 -0.175209 0.888354 -0.414275 -0.092227
61439 0 -0.127319 0.665713 -0.71946 -0.151637
61469 0 -0.060519 0.344194 -0.917784 -0.188524
61499 0 0.01527 -0.028449 -0.979789 -0.19741
61529 0 0.088791 -0.396865 -0.896267 -0.176974
61559 0 0.149124 -0.706336 -0.679622 -0.130253
61589 0 0.187307 -0.910894 -0.362033 -0.064185
61619 0 0.19767 -0.980158 0.009328 0.011416
61649 0 0.178673 -0.903839 0.379304 0.085321
61679 0 0.133138 -0.693273 0.692942 0.146554
61709 0 0.067827 -0.379735 0.903658 0.186019
61739 0 -0.007557 -0.009796 0.980153 0.197855
61769 0 -0.081819 0.361599 0.911067 0.180304
61799 0 -0.143929 0.679285 0.70666 0.135972
61829 0 -0.184661 0.896077 0.397293 0.071444
61859 0 -0.197965 0.979776 0.028916 -0.003696
61889 0 -0.181866 0.917948 -0.343756 -0.078286
61919 0 -0.138754 0.719778 -0.665369 -0.141249
61949 0 -0.075033 0.414699 -0.888156 -0.183232
61979 0 -0.000167 0.048025 -0.979025 -0.197999
62009 0 0.074723 -0.325782 -0.92448 -0.183358
62039 0 0.138515 -0.6512 -0.732622 -0.141483
62069 0 0.181733 -0.879896 -0.431947 -0.078593
62099 0 0.197958 -0.977902 -0.067116 -0.00403
62129 0 0.184781 -0.930659 0.307684 0.071132
62159 0 0.144158 -0.745187 0.636783 0.135728
62189 0 0.082124 -0.449031 0.871302 0.180165
62219 0 0.007891 -0.086182 0.976406 0.197842
62249 0 -0.067513 0.289469 0.936485 0.186134
62279 0 -0.13289 0.622124 0.757468 0.146779
62309 0 -0.178529 0.862376 0.465944 0.085623
62339 0 -0.197651 0.974539 0.105214 0.011749
62369 0 -0.187415 0.941954 -0.271143 -0.063869
62399 0 -0.149343 0.769461 -0.607228 -0.130001
62429 0 -0.08909 0.48268 -0.853121 -0.176824
62459 0 -0.015603 0.124207 -0.972301 -0.197384
62489 0 0.060201 -0.252715 -0.947065 -0.188626
62519 0 0.127063 -0.592101 -0.781161 -0.151851
62549 0 0.175053 -0.843542 -0.499232 -0.092522
62579 0 0.197042 -0.969693 -0.143152 -0.019451
62609 0 0.189764 -0.951815 0.23419 0.056509
62639 0 0.154301 -0.792564 0.576748 0.124076
62669 0 0.09592 -0.515594 0.833642 0.173214
62699 0 0.023292 -0.162043 0.966715 0.196625
62729 0 -0.052796 0.215576 0.956202 0.190831
62759 0 -0.121042 0.561176 0.803665 0.156693
62789 0 -0.17131 0.823424 0.53176 0.099281
62819 0 -0.196133 0.96337 0.180872 0.027123
62849 0 -0.191824 0.960226 -0.19688 -0.049063
62879 0 -0.159024 0.81446 -0.54539 -0.117962
62909 0 -0.102604 0.547723 -0.812893 -0.16934
62939 0 -0.030944 0.199632 -0.959658 -0.195566
62969 0 0.045312 -0.17811 -0.963884 -0.192745
62999 0 0.114837 -0.529397 -0.824946 -0.161295
63029 0 0.167307 -0.802053 -0.563478 -0.105888
63059 0 0.194926 -0.95558 -0.218317 -0.034754
63089 0 0.193592 -0.967176 0.159271 0.041543
63119 0 0.163505 -0.835117 0.513202 0.111669
63149 0 0.109132 -0.579018 0.790907 0.165209
63179 0 0.03855 -0.236918 0.951139 0.19421
63209 0 -0.037758 0.140372 0.970099 0.194366
63239 0 -0.108458 0.496812 0.84497 0.165652
63269 0 -0.163048 0.779461 0.594338 0.112335
63299 0 -0.193421 0.946336 0.255429 0.042332
63329 0 -0.195066 0.972653 -0.121419 -0.033959
63359 0 -0.167737 0.854502 -0.480232 -0.105205
63389 0 -0.115494 0.609431 -0.767717 -0.160826
63419 0 -0.046097 0.273842 -0.941173 -0.192559
63449 0 0.030147 -0.10242 -0.974837 -0.195691
63479 0 0.101913 -0.46347 -0.863708 -0.169757
63509 0 0.158542 -0.755681 -0.624293 -0.11861
63539 0 0.191623 -0.935651 -0.292152 -0.049845
63569 0 0.196242 -0.976649 0.083382 0.026323
63599 0 0.171713 -0.872586 0.446532 0.098582
63629 0 0.12168 -0.638917 0.743358 0.156198
63659 0 0.053574 -0.31035 0.929774 0.190614
63689 0 -0.02249 0.064313 0.97809 0.196718
63719 0 -0.095213 0.429423 0.881131 0.173604
63749 0 -0.153794 0.730752 0.653298 0.124704
63779 0 -0.189532 0.923542 0.32843 0.057283
63809 0 -0.197119 0.979159 -0.045219 -0.018648
63839 0 -0.175428 0.889341 -0.412151 -0.091808
63869 0 -0.127681 0.66743 -0.717867 -0.151332
63899 0 -0.060969 0.346386 -0.916959 -0.188379
63929 0 0.014798 -0.026107 -0.979854 -0.197446
63959 0 0.088368 -0.394722 -0.897213 -0.177186
63989 0 0.148812 -0.70471 -0.681308 -0.130609
64019 0 0.187153 -0.910026 -0.364209 -0.064633
64049 0 0.197697 -0.980177 0.006986 0.010943
64079 0 0.178876 -0.904743 0.377143 0.084894
64109 0 0.133488 -0.694927 0.691284 0.146236
64139 0 0.068272 -0.381894 0.902748 0.185857
64169 0 -0.007084 -0.012138 0.980127 0.197873
64199 0 -0.081388 0.359421 0.911928 0.180499
64229 0 -0.143604 0.677594 0.708281 0.136315
64259 0 -0.18449 0.895125 0.399433 0.071885
64289 0 -0.197973 0.979704 0.031257 -0.003223
64319 0 -0.182052 0.918767 -0.341561 -0.077851
64349 0 -0.139091 0.721366 -0.663647 -0.140917
64379 0 -0.07547 0.41682 -0.887162 -0.183052
64409 0 -0.00064 0.050365 -0.978907 -0.197998
64439 0 0.074285 -0.323572 -0.925255 -0.183536
64469 0 0.138177 -0.649448 -0.734176 -0.141813
64499 0 0.181545 -0.878862 -0.434049 -0.079027
64529 0 0.197948 -0.977738 -0.069453 -0.004503
64559 0 0.184951 -0.931392 0.305459 0.07069
64589 0 0.144482 -0.746706 0.635001 0.135384
64619 0 0.082554 -0.451112 0.870226 0.179969
64649 0 0.008364 -0.088515 0.976197 0.197823
64679 0 -0.067068 0.28723 0.937174 0.186294
64709 0 -0.132539 0.620312 0.758952 0.147096
64739 0 -0.178324 0.86126 0.468004 0.086049
64769 0 -0.197622 0.974285 0.107543 0.012222
64799 0 -0.187567 0.942599 -0.268892 -0.063421
64829 0 -0.149654 0.77091 -0.605388 -0.129644
64859 0 -0.089512 0.484717 -0.851966 -0.176611
64889 0 -0.016075 0.12653 -0.972001 -0.197346
64919 0 0.05975 -0.250451 -0.947666 -0.188769
64949 0 0.1267 -0.590233 -0.782574 -0.152154
64979 0 0.174831 -0.842347 -0.501246 -0.09294
65009 0 0.196995 -0.969348 -0.145469 -0.019922
65039 0 0.189899 -0.952372 0.231915 0.056056
65069 0 0.154597 -0.79394 0.574853 0.123707
65099 0 0.096333 -0.517585 0.832408 0.172985
65129 0 0.023761 -0.164352 0.966325 0.196569
65159 0 -0.05234 0.213291 0.956715 0.190956
65189 0 -0.120668 0.559254 0.805004 0.156981
65219 0 -0.171072 0.822151 0.533726 0.09969
65249 0 -0.196068 0.962935 0.183174 0.027592
65279 0 -0.191941 0.960694 -0.194585 -0.048605
65309 0 -0.159306 0.815761 -0.543443 -0.117582
65339 0 -0.103008 0.549664 -0.811582 -0.169095
65369 0 -0.031412 0.201925 -0.959178 -0.195492
65399 0 0.044851 -0.175806 -0.964307 -0.192853
65429 0 0.114452 -0.527424 -0.826208 -0.161569
65459 0 0.167053 -0.800704 -0.565393 -0.106288
65489 0 0.194842 -0.955056 -0.220599 -0.03522
65519 0 0.193691 -0.967554 0.156959 0.04108
65549 0 0.163771 -0.836341 0.511205 0.111278
65579 0 0.109527 -0.580906 0.789522 0.164948
65609 0 0.039014 -0.23919 0.950571 0.194118
65639 0 -0.037293 0.138053 0.970432 0.194456
65669 0 -0.108062 0.494791 0.846155 0.165911
65699 0 -0.162779 0.778038 0.596199 0.112724
65729 0 -0.19332 0.945723 0.257689 0.042794
65759 0 -0.195146 0.97294 -0.119095 -0.033493
65789 0 -0.167988 0.855647 -0.478189 -0.104804
65819 0 -0.115878 0.611264 -0.766259 -0.160549
65849 0 -0.046557 0.276091 -0.940516 -0.192448
65879 0 0.029679 -0.10009 -0.975079 -0.195763
65909 0 0.101507 -0.461405 -0.864813 -0.17
65939 0 0.158258 -0.754188 -0.626097 -0.118988
65969 0 0.191503 -0.934951 -0.294387 -0.050303
65999 0 0.196304 -0.976846 0.081048 0.025854
66029 0 0.171948 -0.87365 0.444445 0.098171
66059 0 0.122053 -0.640691 0.741829 0.155907
66089 0 0.054029 -0.312571 0.929029 0.190485
66119 0 -0.022019 0.061975 0.978241 0.196771
66149 0 -0.094798 0.427317 0.882155 0.173831
66179 0 -0.153496 0.729189 0.655042 0.125072
66209 0 -0.189395 0.922754 0.330636 0.057735
66239 0 -0.197163 0.979264 -0.042879 -0.018176
66269 0 -0.175647 0.890323 -0.410025 -0.091388
66299 0 -0.128042 0.669143 -0.71627 -0.151026
66329 0 -0.061419 0.348576 -0.916128 -0.188233
66359 0 0.014326 -0.023766 -0.979914 -0.197481
66389 0 0.087944 -0.392577 -0.898153 -0.177397
66419 0 0.1485 -0.70308 -0.68299 -0.130964
66449 0 0.186998 -0.909154 -0.366382 -0.06508
66479 0 0.197722 -0.980191 0.004644 0.010471
66509 0 0.179079 -0.905641 0.37498 0.084467
66539 0 0.133837 -0.696577 0.689621 0.145916
66569 0 0.068716 -0.38405 0.901833 0.185693
66599 0 -0.006612 -0.01448 0.980095 0.197889
66629 0 -0.080957 0.357241 0.912784 0.180693
66659 0 -0.143278 0.6759 0.709898 0.136658
66689 0 -0.184317 0.894168 0.401571 0.072325
66719 0 -0.19798 0.979626 0.033598 -0.00275
66749 0 -0.182238 0.91958 -0.339365 -0.077416
66779 0 -0.139427 0.722949 -0.661922 -0.140584
66809 0 -0.075907 0.418939 -0.886164 -0.182871
66839 0 -0.001113 0.052704 -0.978784 -0.197996
66869 0 0.073846 -0.32136 -0.926026 -0.183713
66899 0 0.137837 -0.647692 -0.735725 -0.142143
66929 0 0.181355 -0.877822 -0.436148 -0.079461
66959 0 0.197937 -0.97757 -0.071789 -0.004976
66989 0 0.185119 -0.932119 0.303233 0.070248
67019 0 0.144805 -0.748221 0.633215 0.135038
67049 0 0.082984 -0.45319 0.869146 0.179771
67079 0 0.008837 -0.090847 0.975983 0.197802
67109 0 -0.066623 0.28499 0.937858 0.186454
67139 0 -0.132187 0.618497 0.760432 0.147412
67169 0 -0.178118 0.860139 0.47006 0.086475
67199 0 -0.197592 0.974025 0.10987 0.012694
67229 0 -0.187718 0.943239 -0.266639 -0.062973
67259 0 -0.149963 0.772354 -0.603544 -0.129286
67289 0 -0.089934 0.486752 -0.850805 -0.176397
67319 0 -0.016546 0.128852 -0.971696 -0.197307
67349 0 0.059299 -0.248186 -0.948262 -0.188911
67379 0 0.126336 -0.588361 -0.783982 -0.152457
67409 0 0.174608 -0.841147 -0.503258 -0.093358
67439 0 0.196947 -0.968997 -0.147785 -0.020392
67469 0 0.190032 -0.952923 0.229639 0.055602
67499 0 0.154892 -0.795311 0.572954 0.123337
67529 0 0.096747 -0.519572 0.831168 0.172754
67559 0 0.024231 -0.166661 0.96593 0.196511
67589 0 -0.051884 0.211004 0.957222 0.191081
67619 0 -0.120292 0.557329 0.806338 0.157269
67649 0 -0.170834 0.820874 0.535689 0.100098
67679 0 -0.196001 0.962494 0.185474 0.02806
67709 0 -0.192057 0.961156 -0.192289 -0.048146
67739 0 -0.159586 0.817057 -0.541492 -0.117201
67769 0 -0.103412 0.551601 -0.810267 -0.168848
67799 0 -0.031879 0.204216 -0.958693 -0.195416
67829 0 0.04439 -0.173501 -0.964725 -0.192959
67859 0 0.114065 -0.525448 -0.827466 -0.161842
67889 0 0.166799 -0.799351 -0.567304 -0.106687
67919 0 0.194757 -0.954526 -0.222881 -0.035685
67949 0 0.193789 -0.967926 0.154647 0.040617
67979 0 0.164037 -0.83756 0.509205 0.110886
68009 0 0.10992 -0.582791 0.788131 0.164685
68039 0 0.039478 -0.241461 0.949996 0.194024
68069 0 -0.036829 0.135734 0.970759 0.194544
68099 0 -0.107665 0.492768 0.847335 0.166169
68129 0 -0.16251 0.776611 0.598056 0.113112
68159 0 -0.193217 0.945105 0.259948 0.043256
68189 0 -0.195226 0.973222 -0.116769 -0.033026
68219 0 -0.168238 0.856787 -0.476143 -0.104402
68249 0 -0.116261 0.613093 -0.764796 -0.160272
68279 0 -0.047017 0.278337 -0.939853 -0.192336
68309 0 0.029211 -0.09776 -0.975315 -0.195833
68339 0 0.1011 -0.459337 -0.865913 -0.170243
68369 0 0.157973 -0.752689 -0.627897 -0.119366
68399 0 0.191382 -0.934244 -0.29662 -0.05076
68429 0 0.196365 -0.977036 0.078714 0.025385
68459 0 0.172183 -0.87471 0.442357 0.09776
68489 0 0.122425 -0.642462 0.740296 0.155614
68519 0 0.054484 -0.31479 0.92828 0.190356
68549 0 -0.021549 0.059638 0.978386 0.196823
68579 0 -0.094382 0.425207 0.883173 0.174057
68609 0 -0.153196 0.727621 0.656783 0.125438
68639 0 -0.189256 0.921962 0.33284 0.058188
68669 0 -0.197206 0.979363 -0.040539 -0.017705
68699 0 -0.175865 0.891301 -0.407896 -0.090968
68729 0 -0.128403 0.670853 -0.714669 -0.15072
68759 0 -0.061869 0.350764 -0.915293 -0.188085
68789 0 0.013855 -0.021424 -0.979968 -0.197514
68819 0 0.08752 -0.39043 -0.899089 -0.177606
68849 0 0.148186 -0.701446 -0.684668 -0.131319
68879 0 0.186842 -0.908275 -0.368554 -0.065526
68909 0 0.197747 -0.980199 0.002302 0.009999
68939 0 0.17928 -0.906535 0.372815 0.084038
68969 0 0.134185 -0.698222 0.687955 0.145596
68999 0 0.069159 -0.386203 0.900912 0.185528
69029 0 -0.006139 -0.016822 0.980058 0.197904
69059 0 -0.080525 0.355058 0.913635 0.180885
69089 0 -0.142951 0.674202 0.711511 0.137
69119 0 -0.184144 0.893206 0.403706 0.072766
69149 0 -0.197986 0.979543 0.035939 -0.002277
69179 0 -0.182422 0.920388 -0.337166 -0.076981
69209 0 -0.139763 0.724529 -0.660192 -0.140251
69239 0 -0.076344 0.421055 -0.88516 -0.182689
69269 0 -0.001586 0.055042 -0.978655 -0.197993
69299 0 0.073407 -0.319146 -0.926791 -0.183889
69329 0 0.137497 -0.645932 -0.737271 -0.142472
69359 0 0.181165 -0.876777 -0.438244 -0.079894
69389 0 0.197925 -0.977395 -0.074125 -0.005449
69419 0 0.185286 -0.932841 0.301004 0.069805
69449 0 0.145128 -0.749732 0.631425 0.134692
69479 0 0.083413 -0.455266 0.868061 0.179572
69509 0 0.009309 -0.093179 0.975763 0.197781
69539 0 -0.066177 0.282748 0.938536 0.186613
69569 0 -0.131835 0.616678 0.761908 0.147728
69599 0 -0.17791 0.859014 0.472114 0.0869
69629 0 -0.197561 0.97376 0.112198 0.013166
69659 0 -0.187868 0.943874 -0.264384 -0.062524
69689 0 -0.150272 0.773794 -0.601697 -0.128927
69719 0 -0.090355 0.488783 -0.849639 -0.176181
69749 0 -0.017018 0.131174 -0.971385 -0.197267
69779 0 0.058847 -0.245919 -0.948852 -0.189052
69809 0 0.125971 -0.586486 -0.785386 -0.152758
69839 0 0.174385 -0.839942 -0.505266 -0.093775
69869 0 0.196897 -0.968641 -0.1501 -0.020863
69899 0 0.190165 -0.953469 0.227361 0.055147
69929 0 0.155187 -0.796678 0.571052 0.122967
69959 0 0.097159 -0.521557 0.829925 0.172522
69989 0 0.0247 -0.168969 0.965529 0.196453
70019 0 -0.051427 0.208716 0.957723 0.191204
70049 0 -0.119916 0.555401 0.807667 0.157556
70079 0 -0.170594 0.819591 0.537649 0.100506
70109 0 -0.195934 0.962049 0.187773 0.028528
70139 0 -0.192171 0.961613 -0.189992 -0.047687
70169 0 -0.159866 0.818349 -0.539538 -0.116819
70199 0 -0.103815 0.553536 -0.808946 -0.168601
70229 0 -0.032345 0.206506 -0.958202 -0.19534
70259 0 0.043929 -0.171195 -0.965136 -0.193065
70289 0 0.113678 -0.52347 -0.828719 -0.162114
70319 0 0.166543 -0.797993 -0.569213 -0.107085
70349 0 0.194671 -0.953991 -0.225161 -0.03615
70379 0 0.193885 -0.968293 0.152334 0.040154
70409 0 0.164301 -0.838774 0.507202 0.110494
70439 0 0.110314 -0.584673 0.786736 0.164422
70469 0 0.039941 -0.24373 0.949417 0.193929
70499 0 -0.036364 0.133414 0.97108 0.194632
70529 0 -0.107267 0.490742 0.84851 0.166426
70559 0 -0.162239 0.77518 0.59991 0.1135
70589 0 -0.193113 0.944481 0.262206 0.043717
70619 0 -0.195304 0.973498 -0.114444 -0.03256
70649 0 -0.168487 0.857922 -0.474095 -0.104
70679 0 -0.116644 0.614919 -0.763329 -0.159994
70709 0 -0.047476 0.280582 -0.939186 -0.192223
70739 0 0.028743 -0.095429 -0.975546 -0.195902
70769 0 0.100693 -0.457267 -0.867008 -0.170484
70799 0 0.157688 -0.751187 -0.629694 -0.119743
70829 0 0.191261 -0.933533 -0.298852 -0.051217
70859 0 0.196426 -0.977222 0.076379 0.024916
70889 0 0.172416 -0.875764 0.440265 0.097348
70919 0 0.122797 -0.644229 0.738759 0.155321
70949 0 0.054939 -0.317007 0.927525 0.190225
70979 0 -0.021079 0.0573 0.978526 0.196874
71009 0 -0.093966 0.423096 0.884187 0.174282
71039 0 -0.152896 0.72605 0.658519 0.125804
71069 0 -0.189117 0.921164 0.335042 0.05864
71099 0 -0.197248 0.979458 -0.038198 -0.017234
71129 0 -0.176082 0.892273 -0.405766 -0.090548
71159 0 -0.128763 0.672559 -0.713064 -0.150413
71189 0 -0.062318 0.35295 -0.914452 -0.187937
71219 0 0.013383 -0.019083 -0.980016 -0.197547
71249 0 0.087095 -0.388281 -0.900019 -0.177815
71279 0 0.147872 -0.699808 -0.686342 -0.131673
71309 0 0.186685 -0.907392 -0.370723 -0.065973
71339 0 0.19777 -0.980202 -0.000041 0.009526
71369 0 0.17948 -0.907423 0.370648 0.08361
71399 0 0.134532 -0.699864 0.686284 0.145275
71429 0 0.069602 -0.388355 0.899987 0.185363
71459 0 -0.005666 -0.019164 0.980015 0.197918
71489 0 -0.080092 0.352874 0.914481 0.181077
71519 0 -0.142623 0.6725 0.71312 0.137341
71549 0 -0.18397 0.892239 0.405839 0.073205
71579 0 -0.197991 0.979454 0.038279 -0.001803
71609 0 -0.182605 0.921192 -0.334966 -0.076544
71639 0 -0.140097 0.726104 -0.658459 -0.139916
71669 0 -0.076781 0.423169 -0.884152 -0.182506
71699 0 -0.00206 0.057381 -0.978521 -0.197989
71729 0 0.072967 -0.316931 -0.927551 -0.184064
71759 0 0.137156 -0.644168 -0.738812 -0.1428
71789 0 0.180974 -0.875728 -0.440338 -0.080326
71819 0 0.197911 -0.977215 -0.07646 -0.005922
71849 0 0.185453 -0.933558 0.298774 0.069362
71879 0 0.145449 -0.751239 0.629632 0.134344
71909 0 0.083842 -0.457339 0.86697 0.179372
71939 0 0.009782 -0.09551 0.975538 0.197758
71969 0 -0.065731 0.280505 0.939209 0.18677
71999 0 -0.131481 0.614856 0.76338 0.148042
72029 0 -0.177702 0.857883 0.474166 0.087325
72059 0 -0.197529 0.973489 0.114524 0.013638
72089 0 -0.188017 0.944503 -0.262128 -0.062075
72119 0 -0.150579 0.77523 -0.599846 -0.128568
72149 0 -0.090776 0.490812 -0.848469 -0.175965
72179 0 -0.017489 0.133494 -0.971069 -0.197226
72209 0 0.058395 -0.243651 -0.949437 -0.189193
72239 0 0.125606 -0.584608 -0.786785 -0.153059
72269 0 0.17416 -0.838732 -0.507272 -0.094191
72299 0 0.196847 -0.96828 -0.152414 -0.021333
72329 0 0.190296 -0.95401 0.225082 0.054693
72359 0 0.15548 -0.79804 0.569147 0.122596
72389 0 0.097571 -0.523538 0.828676 0.17229
72419 0 0.02517 -0.171275 0.965122 0.196393
72449 0 -0.05097 0.206427 0.958219 0.191327
72479 0 -0.119539 0.553469 0.808992 0.157842
72509 0 -0.170353 0.818304 0.539606 0.100914
72539 0 -0.195865 0.961597 0.190072 0.028996
72569 0 -0.192285 0.962064 -0.187694 -0.047228
72599 0 -0.160144 0.819636 -0.537581 -0.116437
72629 0 -0.104218 0.555467 -0.807621 -0.168352
72659 0 -0.032812 0.208795 -0.957706 -0.195262
72689 0 0.043467 -0.168889 -0.965543 -0.193169
72719 0 0.113291 -0.521488 -0.829968 -0.162386
72749 0 0.166287 -0.796631 -0.571118 -0.107483
72779 0 0.194584 -0.95345 -0.22744 -0.036615
72809 0 0.193981 -0.968654 0.15002 0.03969
72839 0 0.164565 -0.839984 0.505197 0.110101
72869 0 0.110706 -0.586551 0.785337 0.164158
72899 0 0.040405 -0.245998 0.948832 0.193833
72929 0 -0.035898 0.131093 0.971396 0.194718
72959 0 -0.106869 0.488713 0.84968 0.166681
72989 0 -0.161967 0.773744 0.601761 0.113888
73019 0 -0.193008 0.943852 0.264462 0.044178
73049 0 -0.195381 0.973769 -0.112117 -0.032093
73079 0 -0.168735 0.859053 -0.472043 -0.103597
73109 0 -0.117026 0.616741 -0.761857 -0.159714
73139 0 -0.047935 0.282826 -0.938513 -0.192109
73169 0 0.028275 -0.093098 -0.975771 -0.19597
73199 0 0.100286 -0.455194 -0.868098 -0.170724
73229 0 0.157401 -0.74968 -0.631487 -0.12012
73259 0 0.191138 -0.932816 -0.301081 -0.051674
73289 0 0.196485 -0.977402 0.074044 0.024446
73319 0 0.172648 -0.876814 0.438171 0.096936
73349 0 0.123168 -0.645993 0.737217 0.155028
73379 0 0.055393 -0.319223 0.926765 0.190093
73409 0 -0.020608 0.054961 0.97866 0.196924
73439 0 -0.093549 0.420982 0.885195 0.174506
73469 0 -0.152595 0.724474 0.660252 0.126169
73499 0 -0.188976 0.920361 0.337243 0.059091
73529 0 -0.197289 0.979546 -0.035858 -0.016763
73559 0 -0.176298 0.89324 -0.403632 -0.090127
73589 0 -0.129122 0.674261 -0.711455 -0.150105
73619 0 -0.062767 0.355134 -0.913606 -0.187787
73649 0 0.01291 -0.016741 -0.980059 -0.197578
73679 0 0.08667 -0.386129 -0.900944 -0.178023
73709 0 0.147557 -0.698166 -0.688012 -0.132025
73739 0 0.186527 -0.906504 -0.37289 -0.066419
73769 0 0.197792 -0.980199 -0.002383 0.009053
73799 0 0.17968 -0.908306 0.368479 0.083181
73829 0 0.134879 -0.701502 0.68461 0.144953
73859 0 0.070045 -0.390504 0.899056 0.185196
73889 0 -0.005193 -0.021505 0.979966 0.197931
73919 0 -0.079659 0.350688 0.915322 0.181268
73949 0 -0.142294 0.670794 0.714725 0.137681
73979 0 -0.183794 0.891267 0.40797 0.073645
74009 0 -0.197995 0.97936 0.04062 -0.00133
74039 0 -0.182788 0.921989 -0.332764 -0.076108
74069 0 -0.140431 0.727676 -0.656722 -0.139581
74099 0 -0.077216 0.42528 -0.883138 -0.182322
74129 0 -0.002533 0.059719 -0.978381 -0.197983
74159 0 0.072527 -0.314713 -0.928306 -0.184238
74189 0 0.136815 -0.642401 -0.740349 -0.143128
74219 0 0.180781 -0.874673 -0.442429 -0.080759
74249 0 0.197896 -0.97703 -0.078795 -0.006395
74279 0 0.185618 -0.934269 0.296543 0.068919
74309 0 0.14577 -0.752741 0.627835 0.133996
74339 0 0.08427 -0.459409 0.865875 0.179171
74369 0 0.010254 -0.097841 0.975307 0.197734
74399 0 -0.065285 0.27826 0.939877 0.186927
74429 0 -0.131127 0.61303 0.764847 0.148356
74459 0 -0.177493 0.856747 0.476214 0.08775
74489 0 -0.197496 0.973212 0.11685 0.01411
74519 0 -0.188165 0.945126 -0.25987 -0.061626
74549 0 -0.150886 0.776661 -0.597992 -0.128208
74579 0 -0.091196 0.492838 -0.847294 -0.175747
74609 0 -0.01796 0.135814 -0.970747 -0.197183
74639 0 0.057943 -0.241382 -0.950016 -0.189332
74669 0 0.12524 -0.582726 -0.788179 -0.153358
74699 0 0.173935 -0.837518 -0.509274 -0.094607
74729 0 0.196795 -0.967913 -0.154727 -0.021804
74759 0 0.190426 -0.954545 0.222802 0.054238
74789 0 0.155773 -0.799398 0.567238 0.122224
74819 0 0.097982 -0.525517 0.827423 0.172056
74849 0 0.025639 -0.173581 0.96471 0.196332
74879 0 -0.050513 0.204137 0.95871 0.191448
74909 0 -0.119162 0.551534 0.810312 0.158127
74939 0 -0.170112 0.817013 0.541559 0.10132
74969 0 -0.195795 0.96114 0.192369 0.029464
74999 0 -0.192397 0.96251 -0.185394 -0.046768
75029 0 -0.160422 0.820918 -0.535621 -0.116054
75059 0 -0.10462 0.557396 -0.806292 -0.168103
75089 0 -0.033279 0.211083 -0.957204 -0.195183
75119 0 0.043006 -0.166581 -0.965944 -0.193273
75149 0 0.112902 -0.519503 -0.831211 -0.162656
75179 0 0.166029 -0.795264 -0.57302 -0.10788
75209 0 0.194496 -0.952904 -0.229718 -0.03708
75239 0 0.194075 -0.96901 0.147705 0.039227
75269 0 0.164827 -0.841188 0.503188 0.109707
75299 0 0.111098 -0.588426 0.783933 0.163893
75329 0 0.040868 -0.248264 0.948241 0.193736
75359 0 -0.035433 0.128772 0.971707 0.194803
75389 0 -0.106471 0.486681 0.850845 0.166936
75419 0 -0.161695 0.772304 0.603608 0.114275
75449 0 -0.192902 0.943217 0.266717 0.044639
75479 0 -0.195457 0.974034 -0.10979 -0.031626
75509 0 -0.168982 0.860178 -0.469989 -0.103194
75539 0 -0.117407 0.61856 -0.760381 -0.159434
75569 0 -0.048394 0.285067 -0.937834 -0.191994
75599 0 0.027807 -0.090766 -0.975991 -0.196037
75629 0 0.099877 -0.453118 -0.869183 -0.170963
75659 0 0.157114 -0.748169 -0.633277 -0.120495
75689 0 0.191014 -0.932094 -0.30331 -0.052131
75719 0 0.196542 -0.977576 0.071708 0.023977
75749 0 0.172879 -0.877858 0.436075 0.096523
75779 0 0.123538 -0.647752 0.735672 0.154733
75809 0 0.055847 -0.321436 0.925999 0.18996
75839 0 -0.020138 0.052623 0.978789 0.196973
75869 0 -0.093132 0.418866 0.886199 0.174729
75899 0 -0.152293 0.722895 0.661982 0.126533
75929 0 -0.188834 0.919552 0.339441 0.059543
75959 0 -0.197328 0.979629 -0.033517 -0.016291
75989 0 -0.176513 0.894202 -0.401497 -0.089705
76019 0 -0.12948 0.675959 -0.709842 -0.149796
76049 0 -0.063216 0.357316 -0.912755 -0.187637
76079 0 0.012438 -0.014399 -0.980096 -0.197608
76109 0 0.086245 -0.383975 -0.901864 -0.178229
76139 0 0.147241 -0.69652 -0.689679 -0.132378
76169 0 0.186368 -0.90561 -0.375055 -0.066864
76199 0 0.197813 -0.980191 -0.004725 0.008581
76229 0 0.179878 -0.909184 0.366307 0.082751
76259 0 0.135225 -0.703136 0.682932 0.144631
76289 0 0.070487 -0.392652 0.898121 0.185028
76319 0 -0.00472 -0.023847 0.979912 0.197943
76349 0 -0.079226 0.3485 0.916157 0.181458
76379 0 -0.141965 0.669084 0.716326 0.138021
76409 0 -0.183618 0.890289 0.410099 0.074084
76439 0 -0.197998 0.97926 0.04296 -0.000857
76469 0 -0.182969 0.922782 -0.33056 -0.075671
76499 0 -0.140764 0.729243 -0.654982 -0.139245
76529 0 -0.077652 0.42739 -0.882119 -0.182137
76559 0 -0.003006 0.062056 -0.978236 -0.197977
76589 0 0.072087 -0.312494 -0.929055 -0.184411
76619 0 0.136472 -0.64063 -0.741882 -0.143454
76649 0 0.180588 -0.873613 -0.444518 -0.08119
76679 0 0.19788 -0.976839 -0.081129 -0.006868
76709 0 0.185782 -0.934975 0.29431 0.068475
76739 0 0.146089 -0.754239 0.626035 0.133648
76769 0 0.084698 -0.461477 0.864775 0.178969
76799 0 0.010727 -0.100171 0.97507 0.197709
76829 0 -0.064838 0.276013 0.940539 0.187082
76859 0 -0.130772 0.611201 0.766309 0.148669
76889 0 -0.177283 0.855607 0.47826 0.088174
76919 0 -0.197462 0.97293 0.119175 0.014582
76949 0 -0.188312 0.945745 -0.257611 -0.061176
76979 0 -0.151192 0.778087 -0.596134 -0.127847
77009 0 -0.091615 0.494861 -0.846114 -0.175529
77039 0 -0.018431 0.138134 -0.97042 -0.19714
77069 0 0.05749 -0.239111 -0.95059 -0.189469
77099 0 0.124873 -0.580841 -0.78957 -0.153657
77129 0 0.173708 -0.836298 -0.511274 -0.095022
77159 0 0.196743 -0.967541 -0.157039 -0.022274
77189 0 0.190555 -0.955074 0.22052 0.053783
77219 0 0.156064 -0.800751 0.565326 0.121851
77249 0 0.098393 -0.527493 0.826165 0.171821
77279 0 0.026108 -0.175886 0.964293 0.196271
77309 0 -0.050055 0.201846 0.959195 0.191568
77339 0 -0.118783 0.549597 0.811628 0.158412
77369 0 -0.169869 0.815716 0.54351 0.101727
77399 0 -0.195724 0.960678 0.194665 0.029932
77429 0 -0.192508 0.96295 -0.183094 -0.046308
77459 0 -0.160699 0.822196 -0.533658 -0.11567
77489 0 -0.105021 0.559321 -0.804958 -0.167852
77519 0 -0.033745 0.21337 -0.956697 -0.195103
77549 0 0.042544 -0.164273 -0.966339 -0.193375
77579 0 0.112513 -0.517516 -0.83245 -0.162925
77609 0 0.165771 -0.793892 -0.574918 -0.108276
77639 0 0.194407 -0.952352 -0.231994 -0.037545
77669 0 0.194168 -0.96936 0.145389 0.038763
77699 0 0.165089 -0.842388 0.501177 0.109313
77729 0 0.11149 -0.590297 0.782525 0.163627
77759 0 0.04133 -0.250529 0.947645 0.193638
77789 0 -0.034967 0.126449 0.972012 0.194887
77819 0 -0.106072 0.484647 0.852006 0.16719
77849 0 -0.161421 0.77086 0.605451 0.114661
77879 0 -0.192795 0.942577 0.26897 0.0451
77909 0 -0.195532 0.974294 -0.107462 -0.031159
77939 0 -0.169228 0.861299 -0.467933 -0.10279
77969 0 -0.117788 0.620375 -0.758901 -0.159153
77999 0 -0.048853 0.287307 -0.93715 -0.191878
78029 0 0.027338 -0.088434 -0.976205 -0.196103
78059 0 0.099469 -0.45104 -0.870264 -0.171201
78089 0 0.156825 -0.746654 -0.635063 -0.12087
78119 0 0.190888 -0.931367 -0.305536 -0.052587
78149 0 0.196599 -0.977744 0.069372 0.023507
78179 0 0.173109 -0.878898 0.433976 0.09611
78209 0 0.123907 -0.649508 0.734122 0.154437
78239 0 0.056301 -0.323648 0.925229 0.189826
78269 0 -0.019667 0.050284 0.978912 0.19702
78299 0 -0.092714 0.416747 0.887197 0.174951
78329 0 -0.15199 0.721311 0.663707 0.126896
78359 0 -0.188692 0.918738 0.341637 0.059994
78389 0 -0.197367 0.979706 -0.031176 -0.01582
78419 0 -0.176727 0.895158 -0.399359 -0.089283
78449 0 -0.129838 0.677653 -0.708225 -0.149486
78479 0 -0.063664 0.359496 -0.911898 -0.187485
78509 0 0.011966 -0.012057 -0.980128 -0.197638
78539 0 0.085819 -0.381819 -0.902779 -0.178435
78569 0 0.146924 -0.69487 -0.691341 -0.132729
78599 0 0.186208 -0.904711 -0.377218 -0.067309
78629 0 0.197833 -0.980177 -0.007067 0.008108
78659 0 0.180075 -0.910057 0.364134 0.082321
78689 0 0.13557 -0.704766 0.68125 0.144307
78719 0 0.070929 -0.394797 0.89718 0.184859
78749 0 -0.004247 -0.026188 0.979852 0.197954
78779 0 -0.078792 0.34631 0.916987 0.181647
78809 0 -0.141635 0.667371 0.717922 0.13836
78839 0 -0.18344 0.889307 0.412225 0.074522
78869 0 -0.197999 0.979155 0.0453 -0.000384
78899 0 -0.183149 0.923569 -0.328354 -0.075233
78929 0 -0.141097 0.730806 -0.653237 -0.138908
78959 0 -0.078087 0.429496 -0.881095 -0.181951
78989 0 -0.003479 0.064394 -0.978085 -0.197969
79019 0 0.071646 -0.310273 -0.929799 -0.184582
79049 0 0.136129 -0.638856 -0.743411 -0.14378
79079 0 0.180393 -0.872549 -0.446604 -0.081622
79109 0 0.197863 -0.976642 -0.083463 -0.00734
79139 0 0.185945 -0.935675 0.292075 0.068031
79169 0 0.146408 -0.755733 0.624231 0.133298
79199 0 0.085126 -0.463542 0.86367 0.178766
79229 0 0.011199 -0.102501 0.974828 0.197683
79259 0 -0.064391 0.273765 0.941196 0.187237
79289 0 -0.130417 0.609368 0.767768 0.148981
79319 0 -0.177072 0.854462 0.480303 0.088597
79349 0 -0.197426 0.972643 0.121499 0.015054
79379 0 -0.188457 0.946357 -0.255351 -0.060726
79409 0 -0.151497 0.77951 -0.594273 -0.127485
79439 0 -0.092035 0.496882 -0.844929 -0.17531
79469 0 -0.018902 0.140452 -0.970087 -0.197095
79499 0 0.057037 -0.236839 -0.951159 -0.189606
79529 0 0.124505 -0.578953 -0.790955 -0.153955
79559 0 0.173481 -0.835074 -0.513271 -0.095437
79589 0 0.196689 -0.967163 -0.159351 -0.022744
79619 0 0.190683 -0.955599 0.218238 0.053327
79649 0 0.156355 -0.8021 0.563411 0.121478
79679 0 0.098804 -0.529465 0.824902 0.171586
79709 0 0.026577 -0.178189 0.96387 0.196208
79739 0 -0.049597 0.199553 0.959674 0.191687
79769 0 -0.118405 0.547656 0.812939 0.158695
79799 0 -0.169625 0.814415 0.545458 0.102132
79829 0 -0.195652 0.96021 0.19696 0.0304
79859 0 -0.192618 0.963385 -0.180792 -0.045848
79889 0 -0.160975 0.823468 -0.531692 -0.115286
79919 0 -0.105422 0.561242 -0.803619 -0.167601
79949 0 -0.034211 0.215655 -0.956185 -0.195022
79979 0 0.042081 -0.161963 -0.966729 -0.193476
80009 0 0.112124 -0.515525 -0.833685 -0.163193
80039 0 0.165512 -0.792516 -0.576814 -0.108672
80069 0 0.194317 -0.951795 -0.234269 -0.038009
80099 0 0.19426 -0.969704 0.143072 0.038299
80129 0 0.16535 -0.843584 0.499162 0.108918
80159 0 0.11188 -0.592165 0.781112 0.16336
80189 0 0.041793 -0.252793 0.947044 0.193539
80219 0 -0.034502 0.124127 0.972311 0.19497
80249 0 -0.105672 0.48261 0.853161 0.167443
80279 0 -0.161147 0.769411 0.607292 0.115046
80309 0 -0.192686 0.941932 0.271221 0.045561
80339 0 -0.195606 0.974548 -0.105134 -0.030691
80369 0 -0.169473 0.862414 -0.465873 -0.102385
80399 0 -0.118168 0.622187 -0.757417 -0.158871
80429 0 -0.049311 0.289546 -0.936461 -0.191761
80459 0 0.026869 -0.086101 -0.976413 -0.196168
80489 0 0.099059 -0.448959 -0.871339 -0.171438
80519 0 0.156536 -0.745134 -0.636845 -0.121245
80549 0 0.190762 -0.930634 -0.307761 -0.053043
80579 0 0.196655 -0.977907 0.067035 0.023037
80609 0 0.173338 -0.879932 0.431875 0.095696
80639 0 0.124276 -0.651261 0.732568 0.154141
80669 0 0.056755 -0.325858 0.924453 0.189691
80699 0 -0.019196 0.047944 0.979029 0.197067
80729 0 -0.092296 0.414626 0.88819 0.175172
80759 0 -0.151687 0.719723 0.665429 0.127259
80789 0 -0.188548 0.917919 0.343831 0.060445
80819 0 -0.197404 0.979778 -0.028835 -0.015348
80849 0 -0.176939 0.89611 -0.397219 -0.088861
80879 0 -0.130194 0.679343 -0.706604 -0.149175
80909 0 -0.064111 0.361674 -0.911037 -0.187333
80939 0 0.011494 -0.009715 -0.980154 -0.197666
80969 0 0.085392 -0.379661 -0.903689 -0.178639
80999 0 0.146607 -0.693216 -0.692999 -0.13308
81029 0 0.186046 -0.903807 -0.379379 -0.067754
81059 0 0.197852 -0.980157 -0.009409 0.007635
81089 0 0.180271 -0.910924 0.361958 0.081891
81119 0 0.135915 -0.706392 0.679564 0.143983
81149 0 0.071371 -0.396939 0.896234 0.184689
81179 0 -0.003774 -0.02853 0.979787 0.197964
81209 0 -0.078358 0.344118 0.917812 0.181835
81239 0 -0.141304 0.665653 0.719515 0.138698
81269 0 -0.183261 0.888319 0.414349 0.07496
81299 0 -0.197999 0.979044 0.047639 0.000089
81329 0 -0.183329 0.924351 -0.326146 -0.074796
81359 0 -0.141428 0.732365 -0.651489 -0.138571
81389 0 -0.078521 0.4316 -0.880067 -0.181764
81419 0 -0.003952 0.06673 -0.977928 -0.19796
81449 0 0.071205 -0.308051 -0.930538 -0.184753
81479 0 0.135785 -0.637077 -0.744935 -0.144105
81509 0 0.180198 -0.871479 -0.448688 -0.082053
81539 0 0.197845 -0.97644 -0.085796 -0.007813
81569 0 0.186107 -0.936371 0.289838 0.067587
81599 0 0.146726 -0.757222 0.622423 0.132948
81629 0 0.085552 -0.465604 0.86256 0.178563
81659 0 0.011671 -0.10483 0.97458 0.197655
81689 0 -0.063943 0.271515 0.941847 0.18739
81719 0 -0.13006 0.607532 0.769221 0.149292
81749 0 -0.17686 0.853312 0.482343 0.08902
81779 0 -0.19739 0.97235 0.123823 0.015525
81809 0 -0.188602 0.946965 -0.253088 -0.060275
81839 0 -0.151801 0.780928 -0.592409 -0.127123
81869 0 -0.092453 0.498899 -0.843739 -0.175089
81899 0 -0.019373 0.14277 -0.969749 -0.197049
81929 0 0.056584 -0.234566 -0.951722 -0.189742
81959 0 0.124137 -0.577061 -0.792336 -0.154252
81989 0 0.173252 -0.833845 -0.515265 -0.095852
82019 0 0.196634 -0.966779 -0.161661 -0.023214
82049 0 0.19081 -0.956117 0.215954 0.052872
82079 0 0.156645 -0.803444 0.561493 0.121104
82109 0 0.099213 -0.531435 0.823634 0.171349
82139 0 0.027046 -0.180492 0.963441 0.196144
82169 0 -0.049139 0.197259 0.960148 0.191805
82199 0 -0.118025 0.545712 0.814245 0.158978
82229 0 -0.169381 0.81311 0.547402 0.102537
82259 0 -0.195579 0.959737 0.199254 0.030867
82289 0 -0.192727 0.963814 -0.17849 -0.045388
82319 0 -0.16125 0.824737 -0.529722 -0.114901
82349 0 -0.105822 0.563161 -0.802275 -0.167348
82379 0 -0.034677 0.21794 -0.955667 -0.194939
82409 0 0.041619 -0.159653 -0.967113 -0.193576
82439 0 0.111733 -0.513532 -0.834914 -0.163461
82469 0 0.165252 -0.791136 -0.578706 -0.109067
82499 0 0.194226 -0.951233 -0.236542 -0.038473
82529 0 0.194351 -0.970043 0.140755 0.037835
82559 0 0.16561 -0.844774 0.497145 0.108523
82589 0 0.11227 -0.59403 0.779695 0.163093
82619 0 0.042255 -0.255055 0.946437 0.193438
82649 0 -0.034036 0.121803 0.972605 0.195052
82679 0 -0.105271 0.48057 0.854312 0.167695
82709 0 -0.160871 0.767958 0.609128 0.115431
82739 0 -0.192577 0.941281 0.273471 0.046021
82769 0 -0.195679 0.974796 -0.102805 -0.030224
82799 0 -0.169717 0.863525 -0.463811 -0.10198
82829 0 -0.118547 0.623995 -0.755928 -0.158589
82859 0 -0.049769 0.291783 -0.935767 -0.191642
82889 0 0.026401 -0.083768 -0.976616 -0.196232
82919 0 0.098649 -0.446876 -0.872409 -0.171674
82949 0 0.156246 -0.74361 -0.638624 -0.121619
82979 0 0.190635 -0.929896 -0.309983 -0.053499
83009 0 0.196709 -0.978065 0.064699 0.022567
83039 0 0.173566 -0.880961 0.429771 0.095281
83069 0 0.124644 -0.653009 0.731009 0.153843
83099 0 0.057208 -0.328066 0.923671 0.189555
83129 0 -0.018725 0.045605 0.979141 0.197112
83159 0 -0.091877 0.412502 0.889178 0.175392
83189 0 -0.151382 0.718131 0.667147 0.127621
83219 0 -0.188403 0.917095 0.346024 0.060895
83249 0 -0.19744 0.979844 -0.026494 -0.014876
83279 0 -0.177151 0.897057 -0.395076 -0.088438
83309 0 -0.13055 0.68103 -0.704978 -0.148864
83339 0 -0.064559 0.36385 -0.91017 -0.187179
83369 0 0.011021 -0.007373 -0.980174 -0.197693
83399 0 0.084965 -0.3775 -0.904594 -0.178843
83429 0 0.146288 -0.691558 -0.694654 -0.13343
83459 0 0.185884 -0.902898 -0.381537 -0.068198
83489 0 0.19787 -0.980132 -0.011751 0.007163
83519 0 0.180466 -0.911786 0.35978 0.08146
83549 0 0.136258 -0.708014 0.677874 0.143657
83579 0 0.071812 -0.39908 0.895283 0.184518
83609 0 -0.003301 -0.030871 0.979716 0.197972
83639 0 -0.077923 0.341924 0.918632 0.182021
83669 0 -0.140972 0.663932 0.721104 0.139035
83699 0 -0.183082 0.887327 0.41647 0.075398
83729 0 -0.197999 0.978927 0.049978 0.000562
83759 0 -0.183507 0.925128 -0.323937 -0.074357
83789 0 -0.141759 0.733919 -0.649737 -0.138232
83819 0 -0.078955 0.433702 -0.879033 -0.181576
83849 0 -0.004425 0.069067 -0.977766 -0.19795
83879 0 0.070763 -0.305826 -0.931271 -0.184923
83909 0 0.135441 -0.635296 -0.746455 -0.144429
83939 0 0.180001 -0.870404 -0.450769 -0.082483
83969 0 0.197826 -0.976232 -0.088129 -0.008286
83999 0 0.186268 -0.937061 0.2876 0.067142
84029 0 0.147044 -0.758708 0.620612 0.132597
84059 0 0.085979 -0.467664 0.861445 0.178358
84089 0 0.012144 -0.107158 0.974327 0.197627
84119 0 -0.063495 0.269264 0.942493 0.187542
84149 0 -0.129703 0.605692 0.770671 0.149602
84179 0 -0.176646 0.852157 0.484381 0.089442
84209 0 -0.197352 0.972051 0.126146 0.015997
84239 0 -0.188745 0.947567 -0.250825 -0.059824
84269 0 -0.152104 0.782341 -0.590541 -0.12676
84299 0 -0.092871 0.500914 -0.842545 -0.174868
84329 0 -0.019844 0.145086 -0.969405 -0.197003
84359 0 0.056131 -0.232291 -0.95228 -0.189877
84389 0 0.123768 -0.575166 -0.793713 -0.154548
84419 0 0.173023 -0.832612 -0.517256 -0.096265
84449 0 0.196578 -0.96639 -0.163971 -0.023684
84479 0 0.190936 -0.956631 0.213668 0.052416
84509 0 0.156934 -0.804783 0.559572 0.12073
84539 0 0.099622 -0.533401 0.822362 0.171112
84569 0 0.027514 -0.182794 0.963007 0.196078
84599 0 -0.048681 0.194964 0.960617 0.191922
84629 0 -0.117645 0.543764 0.815547 0.159259
84659 0 -0.169135 0.811799 0.549343 0.102942
84689 0 -0.195504 0.959258 0.201546 0.031334
84719 0 -0.192835 0.964238 -0.176186 -0.044927
84749 0 -0.161524 0.826 -0.52775 -0.114515
84779 0 -0.106222 0.565077 -0.800927 -0.167095
84809 0 -0.035143 0.220222 -0.955143 -0.194856
84839 0 0.041156 -0.157341 -0.967492 -0.193675
84869 0 0.111342 -0.511535 -0.836139 -0.163727
84899 0 0.164991 -0.789751 -0.580595 -0.109462
84929 0 0.194133 -0.950665 -0.238815 -0.038937
84959 0 0.194441 -0.970377 0.138436 0.03737
84989 0 0.165868 -0.845959 0.495125 0.108127
85019 0 0.11266 -0.595892 0.778273 0.162824
85049 0 0.042717 -0.257316 0.945825 0.193337
85079 0 -0.03357 0.119478 0.972893 0.195133
85109 0 -0.10487 0.478527 0.855458 0.167946
85139 0 -0.160595 0.7665 0.610962 0.115815
85169 0 -0.192466 0.940625 0.275719 0.046481
85199 0 -0.195751 0.975039 -0.100475 -0.029756
85229 0 -0.16996 0.864631 -0.461746 -0.101574
85259 0 -0.118926 0.625799 -0.754435 -0.158305
85289 0 -0.050227 0.294018 -0.935067 -0.191523
85319 0 0.025932 -0.081434 -0.976814 -0.196294
85349 0 0.098239 -0.44479 -0.873475 -0.17191
85379 0 0.155955 -0.742082 -0.640399 -0.121992
85409 0 0.190507 -0.929153 -0.312205 -0.053954
85439 0 0.196763 -0.978216 0.062361 0.022097
85469 0 0.173794 -0.881986 0.427665 0.094866
85499 0 0.125011 -0.654754 0.729447 0.153545
85529 0 0.05766 -0.330272 0.922885 0.189418
85559 0 -0.018254 0.043265 0.979247 0.197156
85589 0 -0.091458 0.410376 0.890161 0.175611
85619 0 -0.151077 0.716534 0.668861 0.127983
85649 0 -0.188257 0.916266 0.348214 0.061345
85679 0 -0.197475 0.979905 -0.024152 -0.014404
85709 0 -0.177362 0.897998 -0.392932 -0.088014
85739 0 -0.130906 0.682712 -0.703349 -0.148551
85769 0 -0.065006 0.366024 -0.909298 -0.187024
85799 0 0.010549 -0.005031 -0.980189 -0.197718
85829 0 0.084537 -0.375338 -0.905493 -0.179045
85859 0 0.145969 -0.689896 -0.696304 -0.133779
85889 0 0.18572 -0.901984 -0.383694 -0.068642
85919 0 0.197886 -0.980101 -0.014093 0.00669
85949 0 0.180661 -0.912643 0.357601 0.081028
85979 0 0.136601 -0.709631 0.67618 0.143331
86009 0 0.072253 -0.401218 0.894327 0.184346
86039 0 -0.002828 -0.033212 0.979639 0.197979
86069 0 -0.077488 0.339728 0.919446 0.182207
86099 0 -0.140639 0.662207 0.722688 0.139372
86129 0 -0.182901 0.886329 0.418589 0.075835
86159 0 -0.197997 0.978805 0.052317 0.001035
86189 0 -0.183684 0.925899 -0.321725 -0.073919
86219 0 -0.142089 0.73547 -0.647982 -0.137893
86249 0 -0.079389 0.435801 -0.877994 -0.181387
86279 0 -0.004898 0.071403 -0.977598 -0.197939
86309 0 0.070321 -0.3036 -0.931999 -0.185091
86339 0 0.135095 -0.63351 -0.747971 -0.144752
86369 0 0.179803 -0.869325 -0.452847 -0.082913
86399 0 0.197806 -0.976019 -0.090462 -0.008759
86429 0 0.186428 -0.937745 0.28536 0.066697
86459 0 0.14736 -0.760188 0.618797 0.132245
86489 0 0.086405 -0.469721 0.860325 0.178152
86519 0 0.012616 -0.109486 0.974068 0.197597
86549 0 -0.063047 0.267011 0.943134 0.187694
86579 0 -0.129345 0.603849 0.772116 0.149912
86609 0 -0.176432 0.850997 0.486416 0.089864
86639 0 -0.197313 0.971747 0.128469 0.016468
86669 0 -0.188888 0.948164 -0.24856 -0.059373
86699 0 -0.152407 0.78375 -0.58867 -0.126396
86729 0 -0.093289 0.502926 -0.841345 -0.174645
86759 0 -0.020315 0.147402 -0.969056 -0.196955
86789 0 0.055677 -0.230015 -0.952832 -0.19001
86819 0 0.123399 -0.573268 -0.795085 -0.154844
86849 0 0.172792 -0.831373 -0.519244 -0.096678
86879 0 0.196521 -0.965995 -0.16628 -0.024153
86909 0 0.19106 -0.957138 0.211382 0.051959
86939 0 0.157222 -0.806118 0.557647 0.120354
86969 0 0.100031 -0.535365 0.821085 0.170873
86999 0 0.027983 -0.185094 0.962568 0.196012
87029 0 -0.048222 0.192669 0.96108 0.192038
87059 0 -0.117264 0.541814 0.816844 0.15954
87089 0 -0.168889 0.810484 0.551282 0.103346
87119 0 -0.195429 0.958773 0.203838 0.031801
87149 0 -0.192942 0.964656 -0.173882 -0.044466
87179 0 -0.161797 0.827259 -0.525775 -0.114129
87209 0 -0.106621 0.566989 -0.799575 -0.166841
87239 0 -0.035608 0.222504 -0.954614 -0.194771
87269 0 0.040693 -0.155029 -0.967865 -0.193773
87299 0 0.110951 -0.509536 -0.837359 -0.163993
87329 0 0.164729 -0.788361 -0.58248 -0.109856
87359 0 0.19404 -0.950092 -0.241086 -0.039401
87389 0 0.19453 -0.970705 0.136117 0.036905
87419 0 0.166126 -0.84714 0.493102 0.10773
87449 0 0.113048 -0.59775 0.776847 0.162554
87479 0 0.043179 -0.259575 0.945207 0.193234
87509 0 -0.033103 0.117153 0.973176 0.195213
87539 0 -0.104469 0.476481 0.856599 0.168196
87569 0 -0.160318 0.765038 0.612791 0.116198
87599 0 -0.192355 0.939963 0.277966 0.046941
87629 0 -0.195821 0.975276 -0.098145 -0.029288
87659 0 -0.170203 0.865732 -0.459679 -0.101168
87689 0 -0.119304 0.6276 -0.752937 -0.15802
87719 0 -0.050685 0.296251 -0.934361 -0.191402
87749 0 0.025463 -0.079099 -0.977005 -0.196355
87779 0 0.097828 -0.442702 -0.874535 -0.172144
87809 0 0.155663 -0.74055 -0.64217 -0.122364
87839 0 0.190377 -0.928404 -0.314424 -0.054409
87869 0 0.196815 -0.978363 0.060024 0.021627
87899 0 0.17402 -0.883005 0.425556 0.094451
87929 0 0.125377 -0.656495 0.72788 0.153246
87959 0 0.058113 -0.332476 0.922093 0.189279
87989 0 -0.017783 0.040925 0.979347 0.197199
88019 0 -0.091038 0.408248 0.89114 0.175829
88049 0 -0.150771 0.714934 0.670571 0.128343
88079 0 -0.18811 0.915431 0.350403 0.061795
88109 0 -0.197509 0.979959 -0.021811 -0.013932
88139 0 -0.177572 0.898935 -0.390785 -0.08759
88169 0 -0.13126 0.684391 -0.701716 -0.148238
88199 0 -0.065453 0.368195 -0.908421 -0.186868
88229 0 0.010077 -0.002688 -0.980198 -0.197743
88259 0 0.084109 -0.373173 -0.906387 -0.179247
88289 0 0.145649 -0.68823 -0.697951 -0.134127
88319 0 0.185556 -0.901065 -0.385848 -0.069086
88349 0 0.197902 -0.980064 -0.016435 0.006217
88379 0 0.180854 -0.913495 0.355419 0.080596
88409 0 0.136943 -0.711245 0.674483 0.143005


