CIC_OEM_VERS = 2.0
CREATION_DATE  = 2009-12-08T09:00:00
ORIGINATOR     = SPACEBEL

META_START

OBJECT_NAME = CubeSat
OBJECT_ID = CubeSat

CENTER_NAME = EARTH
REF_FRAME   = EME2000
TIME_SYSTEM = UTC

META_STOP

55276 0.0 4264.085921 -832.254441 5618.208465
55276 30.24 4421.338968 -916.904119 5481.941484
55276 59.616 4574.176227 -1000.637990 5340.185449
55276 89.856 4722.444369 -1083.372281 5193.081475
55276 120.096 4865.994574 -1165.024190 5040.776067
55276 150.336 5004.682683 -1245.511970 4883.420976
55276 179.712 5138.369349 -1324.755012 4721.173056
55276 209.952 5266.920177 -1402.673922 4554.194110
55276 240.192 5390.205867 -1479.190611 4382.650733
55276 270.432 5508.102344 -1554.228364 4206.714153
55276 299.808 5620.490896 -1627.711925 4026.560060
55276 330.048 5727.258289 -1699.567573 3842.368439
55276 360.288 5828.296895 -1769.723195 3654.323385
55276 389.664 5923.504803 -1838.108365 3462.612928
55276 419.904 6012.785928 -1904.654414 3267.428846
55276 450.144 6096.050115 -1969.294499 3068.966470
55276 480.384 6173.213236 -2031.963681 2867.424493
55276 509.76 6244.197282 -2092.598981 2663.004770
55276 540.0 6308.930448 -2151.139459 2455.912113
55276 570.24 6367.347214 -2207.526267 2246.354087
55276 599.616 6419.388414 -2261.702718 2034.540796
55276 629.856 6465.001306 -2313.614342 1820.684675
55276 660.096 6504.139627 -2363.208948 1605.000266
55276 690.336 6536.763650 -2410.436673 1387.704006
55276 719.712 6562.840227 -2455.250043 1169.013998
55276 749.952 6582.342825 -2497.604015 949.149793
55276 780.192 6595.251560 -2537.456031 728.332157
55276 810.432 6601.553221 -2574.766059 506.782848
55276 839.808 6601.241283 -2609.496640 284.724385
55276 870.048 6594.315917 -2641.612921 62.379816
55276 900.288 6580.783991 -2671.082697 -160.027512
55276 929.664 6560.659065 -2697.876444 -382.274185
55276 959.904 6533.961375 -2721.967345 -604.136955
55276 990.144 6500.717812 -2743.331325 -825.392970
55276 1020.384 6460.961894 -2761.947067 -1045.820007
55276 1049.76 6414.733726 -2777.796041 -1265.196701
55276 1080.0 6362.079962 -2790.862517 -1483.302774
55276 1110.24 6303.053750 -2801.133583 -1699.919265
55276 1139.616 6237.714672 -2808.599153 -1914.828752
55276 1169.856 6166.128686 -2813.251983 -2127.815578
55276 1200.096 6088.368045 -2815.087667 -2338.666074
55276 1230.336 6004.511226 -2814.104648 -2547.168773
55276 1259.712 5914.642840 -2810.304212 -2753.114631
55276 1289.952 5818.853541 -2803.690487 -2956.297234
55276 1320.192 5717.239929 -2794.270437 -3156.513013
55276 1350.432 5609.904448 -2782.053847 -3353.561445
55276 1379.808 5496.955269 -2767.053318 -3547.245259
55276 1410.048 5378.506184 -2749.284245 -3737.370629
55276 1440.288 5254.676478 -2728.764803 -3923.747373
55276 1469.664 5125.590804 -2705.515922 -4106.189137
55276 1499.904 4991.379055 -2679.561268 -4284.513585
55276 1530.144 4852.176222 -2650.927210 -4458.542576
55276 1560.384 4708.122257 -2619.642795 -4628.102338
55276 1589.76 4559.361925 -2585.739715 -4793.023643
55276 1620.0 4406.044655 -2549.252273 -4953.141971
55276 1650.24 4248.324383 -2510.217343 -5108.297664
55276 1679.616 4086.359397 -2468.674334 -5258.336091
55276 1709.856 3920.312171 -2424.665146 -5403.107789
55276 1740.096 3750.349202 -2378.234126 -5542.468611
55276 1770.336 3576.640836 -2329.428021 -5676.279862
55276 1799.712 3399.361101 -2278.295931 -5804.408432
55276 1829.952 3218.687525 -2224.889255 -5926.726925
55276 1860.192 3034.800961 -2169.261640 -6043.113775
55276 1890.432 2847.885402 -2111.468925 -6153.453361
55276 1919.808 2658.127800 -2051.569083 -6257.636119
55276 1950.048 2465.717877 -1989.622167 -6355.558642
55276 1980.288 2270.847937 -1925.690239 -6447.123776
55276 2009.664 2073.712675 -1859.837319 -6532.240709
55276 2039.904 1874.508985 -1792.129311 -6610.825056
55276 2070.144 1673.435764 -1722.633944 -6682.798936
55276 2100.384 1470.693721 -1651.420700 -6748.091042
55276 2129.76 1266.485172 -1578.560748 -6806.636707
55276 2160.0 1061.013854 -1504.126871 -6858.377962
55276 2190.24 854.484713 -1428.193396 -6903.263589
55276 2219.616 647.103716 -1350.836122 -6941.249165
55276 2249.856 439.077644 -1272.132243 -6972.297102
55276 2280.096 230.613895 -1192.160275 -6996.376683
55276 2310.336 21.920280 -1110.999979 -7013.464089
55276 2339.712 -186.795173 -1028.732284 -7023.542414
55276 2369.952 -395.324425 -945.439207 -7026.601691
55276 2400.192 -603.459623 -861.203775 -7022.638890
55276 2430.432 -810.993305 -776.109945 -7011.657927
55276 2459.808 -1017.718594 -690.242523 -6993.669660
55276 2490.048 -1223.429404 -603.687080 -6968.691876
55276 2520.288 -1427.920634 -516.529874 -6936.749279
55276 2549.664 -1630.988373 -428.857762 -6897.873467
55276 2579.904 -1832.430090 -340.758119 -6852.102901
55276 2610.144 -2032.044836 -252.318755 -6799.482876
55276 2640.384 -2229.633439 -163.627824 -6740.065477
55276 2669.76 -2424.998695 -74.773747 -6673.909532
55276 2700.0 -2617.945565 14.154881 -6601.080560
55276 2730.24 -2808.281365 103.069372 -6521.650713
55276 2759.616 -2995.815954 191.881035 -6435.698707
55276 2789.856 -3180.361921 280.501259 -6343.309755
55276 2820.096 -3361.734776 368.841603 -6244.575483
55276 2850.336 -3539.753125 456.813881 -6139.593852
55276 2879.712 -3714.238860 544.330250 -6028.469063
55276 2909.952 -3885.017328 631.303294 -5911.311461
55276 2940.192 -4051.917514 717.646114 -5788.237433
55276 2970.432 -4214.772206 803.272412 -5659.369300
55276 2999.808 -4373.418171 888.096575 -5524.835196
55276 3030.048 -4527.696318 972.033767 -5384.768956
55276 3060.288 -4677.451856 1055.000007 -5239.309981
55276 3089.664 -4822.534459 1136.912255 -5088.603108
55276 3119.904 -4962.798416 1217.688500 -4932.798472
55276 3150.144 -5098.102781 1297.247836 -4772.051360
55276 3180.384 -5228.311523 1375.510550 -4606.522061
55276 3209.76 -5353.293663 1452.398199 -4436.375713
55276 3240.0 -5472.923411 1527.833691 -4261.782138
55276 3270.24 -5587.080300 1601.741367 -4082.915681
55276 3299.616 -5695.649314 1674.047073 -3899.955034
55276 3329.856 -5798.521004 1744.678241 -3713.083065
55276 3360.096 -5895.591611 1813.563962 -3522.486630
55276 3390.336 -5986.763172 1880.635060 -3328.356398
55276 3419.712 -6071.943630 1945.824162 -3130.886651
55276 3449.952 -6151.046927 2009.065773 -2930.275096
55276 3480.192 -6223.993105 2070.296339 -2726.722664
55276 3510.432 -6290.708387 2129.454316 -2520.433308
55276 3539.808 -6351.125261 2186.480237 -2311.613797
55276 3570.048 -6405.182554 2241.316770 -2100.473508
55276 3600.288 -6452.825501 2293.908782 -1887.224210
55276 3629.664 -6494.005804 2344.203397 -1672.079849
55276 3659.904 -6528.681688 2392.150050 -1455.256330
55276 3690.144 -6556.817947 2437.700544 -1236.971295
55276 3720.384 -6578.385986 2480.809095 -1017.443897
55276 3749.76 -6593.363854 2521.432388 -796.894578
55276 3780.0 -6601.736264 2559.529619 -575.544836
55276 3810.24 -6603.494620 2595.062537 -353.617000
55276 3839.616 -6598.637021 2627.995487 -131.333997
55276 3869.856 -6587.168267 2658.295444 91.080879
55276 3900.096 -6569.099853 2685.932051 313.404195
55276 3930.336 -6544.449959 2710.877649 535.412619
55276 3959.712 -6513.243428 2733.107306 756.883144
55276 3989.952 -6475.511742 2752.598838 977.593324
55276 4020.192 -6431.292985 2769.332839 1197.321502
55276 4050.432 -6380.631801 2783.292693 1415.847042
55276 4079.808 -6323.579350 2794.464594 1632.950555
55276 4110.048 -6260.193243 2802.837557 1848.414125
55276 4140.288 -6190.537487 2808.403428 2062.021535
55276 4169.664 -6114.682409 2811.156890 2273.558489
55276 4199.904 -6032.704585 2811.095467 2482.812828
55276 4230.144 -5944.686748 2808.219526 2689.574749
55276 4260.384 -5850.717707 2802.532270 2893.637021
55276 4289.76 -5750.892244 2794.039735 3094.795188
55276 4320.0 -5645.311016 2782.750782 3292.847782
55276 4350.24 -5534.080446 2768.677081 3487.596521
55276 4379.616 -5417.312605 2751.833102 3678.846511
55276 4409.856 -5295.125100 2732.236094 3866.406440
55276 4440.096 -5167.640943 2709.906065 4050.088765
55276 4470.336 -5034.988422 2684.865758 4229.709903
55276 4499.712 -4897.300972 2657.140628 4405.090408
55276 4529.952 -4754.717025 2626.758812 4576.055150
55276 4560.192 -4607.379876 2593.751096 4742.433485
55276 4590.432 -4455.437529 2558.150885 4904.059422
55276 4619.808 -4299.042542 2519.994164 5060.771785
55276 4650.048 -4138.351877 2479.319460 5212.414369
55276 4680.288 -3973.526732 2436.167802 5358.836090
55276 4709.664 -3804.732380 2390.582677 5499.891132
55276 4739.904 -3632.138002 2342.609983 5635.439085
55276 4770.144 -3455.916511 2292.297983 5765.345080
55276 4800.384 -3276.244381 2239.697255 5889.479917
55276 4829.76 -3093.301469 2184.860640 6007.720188
55276 4860.0 -2907.270833 2127.843183 6119.948394
55276 4890.24 -2718.338549 2068.702086 6226.053055
55276 4919.616 -2526.693526 2007.496640 6325.928812
55276 4949.856 -2332.527319 1944.288172 6419.476533
55276 4980.096 -2136.033938 1879.139980 6506.603396
55276 5010.336 -1937.409655 1812.117271 6587.222981
55276 5039.712 -1736.852813 1743.287094 6661.255350
55276 5069.952 -1534.563628 1672.718274 6728.627116
55276 5100.192 -1330.743995 1600.481347 6789.271517
55276 5130.432 -1125.597290 1526.648483 6843.128469
55276 5159.808 -919.328170 1451.293422 6890.144631
55276 5190.048 -712.142372 1374.491397 6930.273443
55276 5220.288 -504.246519 1296.319064 6963.475176
55276 5249.664 -295.847912 1216.854421 6989.716964
55276 5279.904 -87.154333 1136.176741 7008.972835
55276 5310.144 121.626159 1054.366485 7021.223735
55276 5340.384 330.285428 971.505232 7026.457543
55276 5369.76 538.615461 887.675594 7024.669083
55276 5400.0 746.408574 802.961139 7015.860131
55276 5430.24 953.457608 717.446311 7000.039410
55276 5459.616 1159.556133 631.216345 6977.222582
55276 5489.856 1364.498647 544.357186 6947.432238
55276 5520.096 1568.080777 456.955408 6910.697873
55276 5550.336 1770.099472 369.098126 6867.055861
55276 5579.712 1970.353208 280.872918 6816.549424
55276 5609.952 2168.642180 192.367732 6759.228588
55276 5640.192 2364.768495 103.670807 6695.150144
55276 5670.432 2558.536371 14.870585 6624.377591
55276 5699.808 2749.752326 -73.944375 6546.981079
55276 5730.048 2938.225368 -162.685481 6463.037346
55276 5760.288 3123.767181 -251.264199 6372.629648
55276 5789.664 3306.192318 -339.592137 6275.847679
55276 5819.904 3485.318375 -427.581130 6172.787491
55276 5850.144 3660.966183 -515.143329 6063.551402
55276 5880.384 3832.959976 -602.191288 5948.247904
55276 5909.76 4001.127574 -688.638046 5826.991558
55276 5940.0 4165.300555 -774.397221 5699.902888
55276 5970.24 4325.314420 -859.383086 5567.108267
55276 5999.616 4481.008766 -943.510661 5428.739797
55276 6029.856 4632.227440 -1026.695798 5284.935185
55276 6060.096 4778.818707 -1108.855261 5135.837609
55276 6090.336 4920.635400 -1189.906812 4981.595583
55276 6119.712 5057.535070 -1269.769293 4822.362815
55276 6149.952 5189.380137 -1348.362709 4658.298057
55276 6180.192 5316.038027 -1425.608310 4489.564951
55276 6210.432 5437.381317 -1501.428667 4316.331874
55276 6239.808 5553.287859 -1575.747754 4138.771768
55276 6270.048 5663.640917 -1648.491026 3957.061977
55276 6300.288 5768.329283 -1719.585495 3771.384070
55276 6329.664 5867.247400 -1788.959804 3581.923660
55276 6359.904 5960.295473 -1856.544301 3388.870224
55276 6390.144 6047.379573 -1922.271114 3192.416916
55276 6420.384 6128.411744 -1986.074218 2992.760368
55276 6449.76 6203.310093 -2047.889505 2790.100501
55276 6480.0 6271.998883 -2107.654854 2584.640320
55276 6510.24 6334.408613 -2165.310191 2376.585710
55276 6539.616 6390.476098 -2220.797557 2166.145228
55276 6569.856 6440.144538 -2274.061166 1953.529892
55276 6600.096 6483.363580 -2325.047465 1738.952967
55276 6630.336 6520.089376 -2373.705194 1522.629743
55276 6659.712 6550.284634 -2419.985433 1304.777321
55276 6689.952 6573.918659 -2463.841662 1085.614382
55276 6720.192 6590.967388 -2505.229804 865.360971
55276 6750.432 6601.413419 -2544.108276 644.238260
55276 6779.808 6605.246032 -2580.438030 422.468327
55276 6810.048 6602.461203 -2614.182597 200.273924
55276 6840.288 6593.061607 -2645.308124 -22.121758
55276 6869.664 6577.056619 -2673.783407 -244.495314
55276 6899.904 6554.462303 -2699.579929 -466.623364
55276 6930.144 6525.301397 -2722.671884 -688.282777
55276 6960.384 6489.603286 -2743.036208 -909.250911
55276 6989.76 6447.403973 -2760.652597 -1129.305837
55276 7020.0 6398.746037 -2775.503533 -1348.226573
55276 7050.24 6343.678589 -2787.574297 -1565.793311
55276 7079.616 6282.257216 -2796.852984 -1781.787646
55276 7109.856 6214.543922 -2803.330515 -1995.992795
55276 7140.096 6140.607060 -2807.000641 -2208.193829
55276 7170.336 6060.521255 -2807.859952 -2418.177886
55276 7199.712 5974.367326 -2805.907876 -2625.734391
55276 7229.952 5882.232196 -2801.146678 -2830.655272
55276 7260.192 5784.208800 -2793.581454 -3032.735169
55276 7290.432 5680.395981 -2783.220126 -3231.771643
55276 7319.808 5570.898389 -2770.073427 -3427.565382
55276 7350.048 5455.826364 -2754.154891 -3619.920398
55276 7380.288 5335.295820 -2735.480838 -3808.644225
55276 7409.664 5209.428123 -2714.070348 -3993.548112
55276 7439.904 5078.349963 -2689.945245 -4174.447208
55276 7470.144 4942.193216 -2663.130070 -4351.160748
55276 7500.384 4801.094813 -2633.652054 -4523.512230
55276 7529.76 4655.196590 -2601.541085 -4691.329589
55276 7560.0 4504.645142 -2566.829680 -4854.445365
55276 7590.24 4349.591676 -2529.552945 -5012.696865
55276 7619.616 4190.191848 -2489.748539 -5165.926325
55276 7649.856 4026.605606 -2447.456636 -5313.981060
55276 7680.096 3858.997027 -2402.719876 -5456.713609
55276 7710.336 3687.534146 -2355.583329 -5593.981881
55276 7739.712 3512.388789 -2306.094438 -5725.649291
55276 7769.952 3333.736396 -2254.302977 -5851.584884
55276 7800.192 3151.755845 -2200.260996 -5971.663466
55276 7830.432 2966.629271 -2144.022766 -6085.765720
55276 7859.808 2778.541882 -2085.644728 -6193.778314
55276 7890.048 2587.681778 -2025.185429 -6295.594014
55276 7920.288 2394.239758 -1962.705469 -6391.111780
55276 7949.664 2198.409133 -1898.267435 -6480.236858
55276 7979.904 2000.385537 -1831.935839 -6562.880872
55276 8010.144 1800.366726 -1763.777055 -6638.961902
55276 8040.384 1598.552394 -1693.859249 -6708.404558
55276 8069.76 1395.143967 -1622.252316 -6771.140053
55276 8100.0 1190.344412 -1549.027808 -6827.106261
55276 8130.24 984.358035 -1474.258861 -6876.247775
55276 8159.616 777.390286 -1398.020130 -6918.515955
55276 8189.856 569.647553 -1320.387708 -6953.868975
55276 8220.096 361.336970 -1241.439056 -6982.271859
55276 8250.336 152.666210 -1161.252928 -7003.696509
55276 8279.712 -56.156717 -1079.909292 -7018.121734
55276 8309.952 -264.923657 -997.489254 -7025.533268
55276 8340.192 -473.426521 -914.074977 -7025.923781
55276 8370.432 -681.457482 -829.749608 -7019.292886
55276 8399.808 -888.809178 -744.597189 -7005.647141
55276 8430.048 -1095.274909 -658.702582 -6985.000041
55276 8460.288 -1300.648839 -572.151387 -6957.372008
55276 8489.664 -1504.726195 -485.029856 -6922.790369
55276 8519.904 -1707.303463 -397.424813 -6881.289339
55276 8550.144 -1908.178591 -309.423567 -6832.909983
55276 8580.384 -2107.151179 -221.113833 -6777.700183
55276 8609.76 -2304.022675 -132.583640 -6715.714596
55276 8640.0 -2498.596575 -43.921254 -6647.014600
55276 8670.24 -2690.678609 44.784917 -6571.668246
55276 8699.616 -2880.076932 133.446399 -6489.750189
55276 8729.856 -3066.602318 221.974748 -6401.341627
55276 8760.096 -3250.068342 310.281627 -6306.530219
55276 8790.336 -3430.291567 398.278901 -6205.410013
55276 8819.712 -3607.091724 485.878718 -6098.081353
55276 8849.952 -3780.291896 572.993597 -5984.650787
55276 8880.192 -3949.718692 659.536514 -5865.230970
55276 8910.432 -4115.202422 745.420991 -5739.940559
55276 8939.808 -4276.577269 830.561178 -5608.904098
55276 8970.048 -4433.681455 914.871939 -5472.251904
55276 9000.288 -4586.357407 998.268941 -5330.119941
55276 9029.664 -4734.451917 1080.668734 -5182.649694
55276 9059.904 -4877.816300 1161.988835 -5029.988028
55276 9090.144 -5016.306545 1242.147816 -4872.287054
55276 9120.384 -5149.783465 1321.065381 -4709.703978
55276 9149.76 -5278.112840 1398.662451 -4542.400948
55276 9180.0 -5401.165559 1474.861240 -4370.544902
55276 9210.24 -5518.817751 1549.585340 -4194.307398
55276 9239.616 -5630.950920 1622.759796 -4013.864454
55276 9269.856 -5737.452067 1694.311185 -3829.396366
55276 9300.096 -5838.213810 1764.167687 -3641.087539
55276 9330.336 -5933.134499 1832.259165 -3449.126298
55276 9359.712 -6022.118323 1898.517236 -3253.704706
55276 9389.952 -6105.075418 1962.875339 -3055.018366
55276 9420.192 -6181.921959 2025.268810 -2853.266232
55276 9450.432 -6252.580254 2085.634944 -2648.650405
55276 9479.808 -6316.978827 2143.913066 -2441.375929
55276 9510.048 -6375.052499 2200.044589 -2231.650588
55276 9540.288 -6426.742460 2253.973083 -2019.684688
55276 9569.664 -6471.996331 2305.644328 -1805.690850
55276 9599.904 -6510.768226 2355.006375 -1589.883785
55276 9630.144 -6543.018805 2402.009600 -1372.480082
55276 9660.384 -6568.715314 2446.606758 -1153.697981
55276 9689.76 -6587.831626 2488.753029 -933.757146
55276 9720.0 -6600.348270 2528.406071 -712.878445
55276 9750.24 -6606.252452 2565.526061 -491.283715
55276 9779.616 -6605.538077 2600.075738 -269.195536
55276 9809.856 -6598.205747 2632.020441 -46.836998
55276 9840.096 -6584.262768 2661.328148 175.568528
55276 9870.336 -6563.723144 2687.969508 397.797625
55276 9899.712 -6536.607555 2711.917870 619.627060
55276 9929.952 -6502.943341 2733.149312 840.834016
55276 9960.192 -6462.764471 2751.642663 1061.196323
55276 9990.432 -6416.111505 2767.379527 1280.492688
55276 10019.808 -6363.031547 2780.344298 1498.502926
55276 10050.048 -6303.578198 2790.524178 1715.008183
55276 10080.288 -6237.811494 2797.909185 1929.791168
55276 10109.664 -6165.797842 2802.492163 2142.636370
55276 10139.904 -6087.609945 2804.268790 2353.330280
55276 10170.144 -6003.326723 2803.237575 2561.661616
55276 10200.384 -5913.033228 2799.399861 2767.421526
55276 10229.76 -5816.820554 2792.759822 2970.403813
55276 10260.0 -5714.785731 2783.324451 3170.405135
55276 10290.24 -5607.031629 2771.103557 3367.225212
55276 10319.616 -5493.666842 2756.109747 3560.667028
55276 10349.856 -5374.805576 2738.358411 3750.537030
55276 10380.096 -5250.567521 2717.867708 3936.645317
55276 10410.336 -5121.077734 2694.658538 4118.805830
55276 10439.712 -4986.466498 2668.754523 4296.836538
55276 10469.952 -4846.869190 2640.181979 4470.559615
55276 10500.192 -4702.426140 2608.969885 4639.801616
55276 10530.432 -4553.282481 2575.149855 4804.393647
55276 10559.808 -4399.588005 2538.756099 4964.171527
55276 10590.048 -4241.497001 2499.825390 5118.975951
55276 10620.288 -4079.168101 2458.397019 5268.652641
55276 10649.664 -3912.764120 2414.512762 5413.052499
55276 10679.904 -3742.451884 2368.216828 5552.031745
55276 10710.144 -3568.402062 2319.555816 5685.452057
55276 10740.384 -3390.788997 2268.578668 5813.180705
55276 10769.76 -3209.790527 2215.336615 5935.090674
55276 10800.0 -3025.587807 2159.883126 6051.060786
55276 10830.24 -2838.365125 2102.273853 6160.975814
55276 10859.616 -2648.309723 2042.566575 6264.726590
55276 10889.856 -2455.611604 1980.821139 6362.210108
55276 10920.096 -2260.463350 1917.099399 6453.329620
55276 10950.336 -2063.059925 1851.465152 6537.994723
55276 10979.712 -1863.598488 1783.984079 6616.121449
55276 11009.952 -1662.278193 1714.723675 6687.632338
55276 11040.192 -1459.299999 1643.753184 6752.456509
55276 11070.432 -1254.866468 1571.143530 6810.529727
55276 11099.808 -1049.181571 1496.967245 6861.794461
55276 11130.048 -842.450484 1421.298403 6906.199937
55276 11160.288 -634.879396 1344.212539 6943.702183
55276 11189.664 -426.675298 1265.786582 6974.264070
55276 11219.904 -218.045791 1186.098779 6997.855345
55276 11250.144 -9.198879 1105.228615 7014.452656
55276 11280.384 199.657230 1023.256738 7024.039580
55276 11309.76 408.314326 940.264882 7026.606629
55276 11340.0 616.564399 856.335785 7022.151265
55276 11370.24 824.199842 771.553111 7010.677900
55276 11399.616 1031.013649 686.001369 6992.197891
55276 11429.856 1236.799617 599.765829 6966.729530
55276 11460.096 1441.352545 512.932442 6934.298031
55276 11490.336 1644.468437 425.587756 6894.935503
55276 11519.712 1845.944693 337.818832 6848.680921
55276 11549.952 2045.580315 249.713160 6795.580094
55276 11580.192 2243.176095 161.358574 6735.685622
55276 11610.432 2438.534813 72.843166 6669.056847
55276 11639.808 2631.461432 -15.744797 6595.759798
55276 11670.048 2821.763286 -104.316961 6515.867134
55276 11700.288 3009.250270 -192.784971 6429.458076
55276 11729.664 3193.735030 -281.060558 6336.618332
55276 11759.904 3375.033147 -369.055623 6237.440019
55276 11790.144 3552.963316 -456.682325 6132.021578
55276 11820.384 3727.347534 -543.853167 6020.467683
55276 11849.76 3898.011271 -630.481085 5902.889142
55276 11880.0 4064.783649 -716.479527 5779.402793
55276 11910.24 4227.497610 -801.762548 5650.131394
55276 11939.616 4385.990089 -886.244886 5515.203508
55276 11969.856 4540.102174 -969.842055 5374.753380
55276 12000.096 4689.679271 -1052.470424 5228.920812
55276 12030.336 4834.571259 -1134.047304 5077.851024
55276 12059.712 4974.632647 -1214.491028 4921.694521
55276 12089.952 5109.722719 -1293.721036 4760.606944
55276 12120.192 5239.705684 -1371.657957 4594.748921
55276 12150.432 5364.450811 -1448.223684 4424.285914
55276 12179.808 5483.832573 -1523.341462 4249.388054
55276 12210.048 5597.730770 -1596.935958 4070.229976
55276 12240.288 5706.030661 -1668.933345 3886.990651
55276 12269.664 5808.623083 -1739.261373 3699.853207
55276 12299.904 5905.404567 -1807.849445 3509.004749
55276 12330.144 5996.277452 -1874.628693 3314.636175
55276 12360.384 6081.149983 -1939.532044 3116.941984
55276 12389.76 6159.936416 -2002.494294 2916.120085
55276 12420.0 6232.557109 -2063.452176 2712.371596
55276 12450.24 6298.938610 -2122.344424 2505.900642
55276 12479.616 6359.013738 -2179.111838 2296.914152
55276 12509.856 6412.721654 -2233.697349 2085.621645
55276 12540.096 6460.007934 -2286.046077 1872.235022
55276 12570.336 6500.824625 -2336.105388 1656.968346
55276 12599.712 6535.130305 -2383.824954 1440.037624
55276 12629.952 6562.890125 -2429.156800 1221.660587
55276 12660.192 6584.075848 -2472.055361 1002.056465
55276 12690.432 6598.665890 -2512.477528 781.445760
55276 12719.808 6606.645335 -2550.382693 560.050021
55276 12750.048 6608.005961 -2585.732792 338.091611
55276 12780.288 6602.746245 -2618.492346 115.793480
55276 12809.664 6590.871371 -2648.628499 -106.621067
55276 12839.904 6572.393220 -2676.111050 -328.928605
55276 12870.144 6547.330362 -2700.912486 -550.905817
55276 12900.384 6515.708035 -2723.008010 -772.329727
55276 12929.76 6477.558117 -2742.375565 -992.977933
55276 12960.0 6432.919092 -2758.995860 -1212.628836
55276 12990.24 6381.836009 -2772.852384 -1431.061869
55276 13019.616 6324.360431 -2783.931425 -1648.057727
55276 13049.856 6260.550379 -2792.222082 -1863.398590
55276 13080.096 6190.470270 -2797.716275 -2076.868352
55276 13110.336 6114.190844 -2800.408750 -2288.252840
55276 13139.712 6031.789089 -2800.297086 -2497.340031
55276 13169.952 5943.348157 -2797.381689 -2703.920275
55276 13200.192 5848.957273 -2791.665796 -2907.786502
55276 13230.432 5748.711637 -2783.155468 -3108.734434
55276 13259.808 5642.712326 -2771.859575 -3306.562796
55276 13290.048 5531.066180 -2757.789792 -3501.073511
55276 13320.288 5413.885693 -2740.960582 -3692.071906
55276 13349.664 5291.288889 -2721.389175 -3879.366900
55276 13379.904 5163.399197 -2699.095554 -4062.771202
55276 13410.144 5030.345324 -2674.102427 -4242.101491
55276 13440.384 4892.261118 -2646.435202 -4417.178599
55276 13469.76 4749.285425 -2616.121961 -4587.827689
55276 13500.0 4601.561949 -2583.193426 -4753.878425
55276 13530.24 4449.239096 -2547.682928 -4915.165138
55276 13559.616 4292.469829 -2509.626367 -5071.526991
55276 13589.856 4131.411503 -2469.062179 -5222.808130
55276 13620.096 3966.225705 -2426.031290 -5368.857838
55276 13650.336 3797.078091 -2380.577073 -5509.530680
55276 13679.712 3624.138214 -2332.745308 -5644.686641
55276 13709.952 3447.579355 -2282.584124 -5774.191261
55276 13740.192 3267.578344 -2230.143960 -5897.915760
55276 13770.432 3084.315382 -2175.477503 -6015.737165
55276 13799.808 2897.973862 -2118.639641 -6127.538421
55276 13830.048 2708.740183 -2059.687402 -6233.208503
55276 13860.288 2516.803566 -1998.679899 -6332.642521
55276 13889.664 2322.355861 -1935.678267 -6425.741814
55276 13919.904 2125.591362 -1870.745603 -6512.414044
55276 13950.144 1926.706611 -1803.946904 -6592.573281
55276 13980.384 1725.900207 -1735.348999 -6666.140081
55276 14009.76 1523.372605 -1665.020483 -6733.041556
55276 14040.0 1319.325926 -1593.031651 -6793.211446
55276 14070.24 1113.963757 -1519.454424 -6846.590175
55276 14099.616 907.490950 -1444.362284 -6893.124904
55276 14129.856 700.113425 -1367.830198 -6932.769581
55276 14160.096 492.037969 -1289.934543 -6965.484983
55276 14190.336 283.472037 -1210.753036 -6991.238744
55276 14219.712 74.623547 -1130.364656 -7010.005394
55276 14249.952 -134.299315 -1048.849566 -7021.766373
55276 14280.192 -343.088301 -966.289039 -7026.510054
55276 14310.432 -551.535301 -882.765374 -7024.231746
55276 14339.808 -759.432541 -798.361822 -7014.933706
55276 14370.048 -966.572788 -713.162502 -6998.625132
55276 14400.288 -1172.749548 -627.252323 -6975.322155
55276 14429.664 -1377.757263 -540.716896 -6945.047827
55276 14459.904 -1581.391515 -453.642461 -6907.832100
55276 14490.144 -1783.449222 -366.115795 -6863.711797
55276 14520.384 -1983.728831 -278.224133 -6812.730582
55276 14549.76 -2182.030522 -190.055081 -6754.938918
55276 14580.0 -2378.156395 -101.696536 -6690.394026
55276 14610.24 -2571.910670 -13.236593 -6619.159830
55276 14639.616 -2763.099873 75.236531 -6541.306899
55276 14669.856 -2951.533031 163.634592 -6456.912386
55276 14700.096 -3137.021857 251.869399 -6366.059954
55276 14730.336 -3319.380937 339.852903 -6268.839704
55276 14759.712 -3498.427916 427.497282 -6165.348085
55276 14789.952 -3673.983677 514.715028 -6055.687814
55276 14820.192 -3845.872521 601.419032 -5939.967774
55276 14850.432 -4013.922344 687.522674 -5818.302913
55276 14879.808 -4177.964808 772.939902 -5690.814140
55276 14910.048 -4337.835512 857.585324 -5557.628208
55276 14940.288 -4493.374160 941.374292 -5418.877595
55276 14969.664 -4644.424724 1024.222981 -5274.700379
55276 14999.904 -4790.835600 1106.048483 -5125.240106
55276 15030.144 -4932.459767 1186.768880 -4970.645651
55276 15060.384 -5069.154937 1266.303334 -4811.071079
55276 15089.76 -5200.783702 1344.572166 -4646.675491
55276 15120.0 -5327.213679 1421.496937 -4477.622875
55276 15150.24 -5448.317642 1497.000528 -4304.081941
55276 15179.616 -5563.973662 1571.007221 -4126.225962
55276 15209.856 -5674.065232 1643.442770 -3944.232600
55276 15240.096 -5778.481389 1714.234488 -3758.283734
55276 15270.336 -5877.116835 1783.311312 -3568.565277
55276 15299.712 -5969.872048 1850.603881 -3375.266996
55276 15329.952 -6056.653385 1916.044609 -3178.582318
55276 15360.192 -6137.373192 1979.567753 -2978.708142
55276 15390.432 -6211.949888 2041.109483 -2775.844638
55276 15419.808 -6280.308064 2100.607949 -2570.195048
55276 15450.048 -6342.378559 2158.003345 -2361.965480
55276 15480.288 -6398.098538 2213.237972 -2151.364695
55276 15509.664 -6447.411564 2266.256302 -1938.603904
55276 15539.904 -6490.267656 2317.005030 -1723.896544
55276 15570.144 -6526.623352 2365.433138 -1507.458062
55276 15600.384 -6556.441751 2411.491944 -1289.505698
55276 15629.76 -6579.692559 2455.135156 -1070.258256
55276 15660.0 -6596.352125 2496.318920 -849.935880
55276 15690.24 -6606.403463 2535.001865 -628.759831
55276 15719.616 -6609.836278 2571.145151 -406.952251
55276 15749.856 -6606.646975 2604.712505 -184.735937
55276 15780.096 -6596.838664 2635.670262 37.665889
55276 15810.336 -6580.421161 2663.987401 260.029817
55276 15839.712 -6557.410973 2689.635573 482.132475
55276 15869.952 -6527.831283 2712.589135 703.750765
55276 15900.192 -6491.711926 2732.825171 924.662090
55276 15930.432 -6449.089354 2750.323520 1144.644593
55276 15959.808 -6400.006597 2765.066795 1363.477376
55276 15990.048 -6344.513216 2777.040395 1580.940739
55276 16020.288 -6282.665247 2786.232524 1796.816396
55276 16049.664 -6214.525144 2792.634200 2010.887711
55276 16079.904 -6140.161704 2796.239262 2222.939909
55276 16110.144 -6059.649996 2797.044373 2432.760307
55276 16140.384 -5973.071278 2795.049024 2640.138522
55276 16169.76 -5880.512908 2790.255530 2844.866690
55276 16200.0 -5782.068250 2782.669025 3046.739676
55276 16230.24 -5677.836574 2772.297456 3245.555279
55276 16259.616 -5567.922947 2759.151571 3441.114438
55276 16289.856 -5452.438121 2743.244906 3633.221433
55276 16320.096 -5331.498417 2724.593765 3821.684077
55276 16350.336 -5205.225599 2703.217207 4006.313907
55276 16379.712 -5073.746747 2679.137018 4186.926376
55276 16409.952 -4937.194122 2652.377688 4363.341030
55276 16440.192 -4795.705028 2622.966387 4535.381688
55276 16470.432 -4649.421669 2590.932928 4702.876615
55276 16499.808 -4498.491002 2556.309741 4865.658689
55276 16530.048 -4343.064583 2519.131833 5023.565563
55276 16560.288 -4183.298412 2479.436752 5176.439825
55276 16589.664 -4019.352773 2437.264550 5324.129146
55276 16619.904 -3851.392070 2392.657733 5466.486432
55276 16650.144 -3679.584661 2345.661226 5603.369960
55276 16680.384 -3504.102684 2296.322317 5734.643517
55276 16709.76 -3325.121886 2244.690616 5860.176528
55276 16740.0 -3142.821445 2190.817995 5979.844180
55276 16770.24 -2957.383788 2134.758544 6093.527542
55276 16799.616 -2768.994412 2076.568508 6201.113674
55276 16829.856 -2577.841696 2016.306234 6302.495736
55276 16860.096 -2384.116714 1954.032112 6397.573085
55276 16890.336 -2188.013047 1889.808510 6486.251373
55276 16919.712 -1989.726590 1823.699717 6568.442628
55276 16949.952 -1789.455358 1755.771874 6644.065345
55276 16980.192 -1587.399294 1686.092911 6713.044550
55276 17010.432 -1383.760068 1614.732479 6775.311879
55276 17039.808 -1178.740885 1541.761880 6830.805633
55276 17070.048 -972.546283 1467.253996 6879.470841
55276 17100.288 -765.381931 1391.283221 6921.259302
55276 17129.664 -557.454437 1313.925383 6956.129638
55276 17159.904 -348.971138 1235.257674 6984.047324
55276 17190.144 -140.139903 1155.358574 7004.984723
55276 17220.384 68.831067 1074.307772 7018.921111
55276 17249.76 277.733445 992.186089 7025.842693
55276 17280.0 486.358977 909.075405 7025.742618
55276 17310.24 694.499682 825.058572 7018.620985
55276 17339.616 901.948059 740.219338 7004.484840
55276 17369.856 1108.497282 654.642266 6983.348175
55276 17400.096 1313.941404 568.412651 6955.231909
55276 17430.336 1518.075556 481.616437 6920.163876
55276 17459.712 1720.696144 394.340137 6878.178793
55276 17489.952 1921.601049 306.670744 6829.318234
55276 17520.192 2120.589825 218.695652 6773.630589
55276 17550.432 2317.463891 130.502570 6711.171022
55276 17579.808 2512.026727 42.179433 6642.001418
55276 17610.048 2704.084068 -46.185679 6566.190333
55276 17640.288 2893.444091 -134.504627 6483.812921
55276 17669.664 3079.917610 -222.689303 6394.950875
55276 17699.904 3263.318254 -310.651711 6299.692345
55276 17730.144 3443.462660 -398.304058 6198.131860
55276 17760.384 3620.170650 -485.558834 6090.370236
55276 17789.76 3793.265414 -572.328907 5976.514489
55276 17820.0 3962.573682 -658.527599 5856.677728
55276 17850.24 4127.925903 -744.068781 5730.979051
55276 17879.616 4289.156411 -828.866951 5599.543436
55276 17909.856 4446.103596 -912.837322 5462.501617
55276 17940.096 4598.610064 -995.895909 5319.989965
55276 17970.336 4746.522801 -1077.959608 5172.150356
55276 17999.712 4889.693326 -1158.946284 5019.130034
55276 18029.952 5027.977845 -1238.774850 4861.081472
55276 18060.192 5161.237398 -1317.365351 4698.162224
55276 18090.432 5289.338004 -1394.639043 4530.534775
55276 18119.808 5412.150797 -1470.518476 4358.366378
55276 18150.048 5529.552165 -1544.927572 4181.828896
55276 18180.288 5641.423877 -1617.791697 4001.098635
55276 18209.664 5747.653206 -1689.037749 3816.356165
55276 18239.904 5848.133052 -1758.594222 3627.786150
55276 18270.144 5942.762053 -1826.391285 3435.577158
55276 18300.384 6031.444696 -1892.360856 3239.921480
55276 18329.76 6114.091418 -1956.436670 3041.014937
55276 18360.0 6190.618703 -2018.554346 2839.056681
55276 18390.24 6260.949174 -2078.651462 2634.249000
55276 18419.616 6325.011679 -2136.667612 2426.797110
55276 18449.856 6382.741366 -2192.544474 2216.908954
55276 18480.096 6434.079758 -2246.225872 2004.794982
55276 18510.336 6478.974815 -2297.657833 1790.667946
55276 18539.712 6517.380999 -2346.788644 1574.742676
55276 18569.952 6549.259317 -2393.568912 1357.235864
55276 18600.192 6574.577372 -2437.951610 1138.365840
55276 18630.432 6593.309397 -2479.892129 918.352348
55276 18659.808 6605.436289 -2519.348326 697.416319
55276 18690.048 6610.945625 -2556.280570 475.779640
55276 18720.288 6609.831682 -2590.651781 253.664930
55276 18749.664 6602.095446 -2622.427470 31.295304
55276 18779.904 6587.744607 -2651.575776 -191.105858
55276 18810.144 6566.793556 -2678.067499 -413.315139
55276 18840.384 6539.263367 -2701.876130 -635.109321
55276 18869.76 6505.181777 -2722.977876 -856.265615
55276 18900.0 6464.583154 -2741.351689 -1076.561894
55276 18930.24 6417.508462 -2756.979284 -1295.776920
55276 18959.616 6364.005213 -2769.845154 -1513.690575
55276 18989.856 6304.127416 -2779.936591 -1730.084089
55276 19020.096 6237.935522 -2787.243693 -1944.740263
55276 19050.336 6165.496352 -2791.759376 -2157.443697
55276 19079.712 6086.883025 -2793.479374 -2367.981004
55276 19109.952 6002.174883 -2792.402248 -2576.141037
55276 19140.192 5911.457398 -2788.529381 -2781.715096
55276 19170.432 5814.822087 -2781.864974 -2984.497146
55276 19199.808 5712.366405 -2772.416042 -3184.284023
55276 19230.048 5604.193646 -2760.192403 -3380.875640
55276 19260.288 5490.412830 -2745.206663 -3574.075190
55276 19289.664 5371.138586 -2727.474205 -3763.689338
55276 19319.904 5246.491034 -2707.013166 -3949.528421
55276 19350.144 5116.595650 -2683.844420 -4131.406632
55276 19380.384 4981.583143 -2657.991551 -4309.142205
55276 19409.76 4841.589310 -2629.480826 -4482.557598
55276 19440.0 4696.754897 -2598.341170 -4651.479660
55276 19470.24 4547.225454 -2564.604128 -4815.739811
55276 19499.616 4393.151181 -2528.303835 -4975.174197
55276 19529.856 4234.686774 -2489.476980 -5129.623857
55276 19560.096 4071.991266 -2448.162761 -5278.934871
55276 19590.336 3905.227862 -2404.402848 -5422.958513
55276 19619.712 3734.563775 -2358.241338 -5561.551391
55276 19649.952 3560.170052 -2309.724707 -5694.575584
55276 19680.192 3382.221405 -2258.901764 -5821.898779
55276 19710.432 3200.896029 -2205.823598 -5943.394389
55276 19739.808 3016.375426 -2150.543527 -6058.941676
55276 19770.048 2828.844222 -2093.117039 -6168.425867
55276 19800.288 2638.489980 -2033.601743 -6271.738257
55276 19829.664 2445.503016 -1972.057302 -6368.776313
55276 19859.904 2250.076208 -1908.545378 -6459.443768
55276 19890.144 2052.404803 -1843.129569 -6543.650712
55276 19920.384 1852.686228 -1775.875341 -6621.313672
55276 19949.76 1651.119892 -1706.849968 -6692.355689
55276 19980.0 1447.906989 -1636.122462 -6756.706391
55276 20010.24 1243.250308 -1563.763506 -6814.302051
55276 20039.616 1037.354025 -1489.845381 -6865.085651
55276 20069.856 830.423511 -1414.441901 -6909.006929
55276 20100.096 622.665129 -1337.628332 -6946.022425
55276 20130.336 414.286036 -1259.481327 -6976.095521
55276 20159.712 205.493979 -1180.078846 -6999.196472
55276 20189.952 -3.502903 -1099.500081 -7015.302434
55276 20220.192 -212.496283 -1017.825379 -7024.397483
55276 20250.432 -421.277844 -935.136167 -7026.472631
55276 20279.808 -629.639482 -851.514870 -7021.525828
55276 20310.048 -837.373508 -767.044832 -7009.561974
55276 20340.288 -1044.272845 -681.810238 -6990.592906
55276 20369.664 -1250.131233 -595.896027 -6964.637389
55276 20399.904 -1454.743422 -509.387819 -6931.721103
55276 20430.144 -1657.905378 -422.371825 -6891.876618
55276 20460.384 -1859.414474 -334.934765 -6845.143362
55276 20489.76 -2059.069693 -247.163788 -6791.567592
55276 20520.0 -2256.671818 -159.146385 -6731.202348
55276 20550.24 -2452.023629 -70.970304 -6664.107405
55276 20579.616 -2644.930099 17.276535 -6590.349223
55276 20609.856 -2835.198579 105.506123 -6510.000883
55276 20640.096 -3022.638992 193.630452 -6423.142022
55276 20670.336 -3207.064020 281.561597 -6329.858762
55276 20699.712 -3388.289289 369.211804 -6230.243627
55276 20729.952 -3566.133550 456.493575 -6124.395462
55276 20760.192 -3740.418864 543.319756 -6012.419338
55276 20790.432 -3910.970778 629.603620 -5894.426458
55276 20819.808 -4077.618499 715.258957 -5770.534048
55276 20850.048 -4240.195067 800.200154 -5640.865254
55276 20880.288 -4398.537524 884.342287 -5505.549019
55276 20909.664 -4552.487080 967.601198 -5364.719964
55276 20939.904 -4701.889272 1049.893586 -5218.518262
55276 20970.144 -4846.594127 1131.137087 -5067.089499
55276 21000.384 -4986.456311 1211.250359 -4910.584542
55276 21029.76 -5121.335281 1290.153161 -4749.159385
55276 21060.0 -5251.095432 1367.766439 -4582.975004
55276 21090.24 -5375.606233 1444.012401 -4412.197201
55276 21119.616 -5494.742371 1518.814601 -4236.996437
55276 21149.856 -5608.383874 1592.098016 -4057.547674
55276 21180.096 -5716.416244 1663.789120 -3874.030194
55276 21210.336 -5818.730575 1733.815963 -3686.627429
55276 21239.712 -5915.223669 1802.108246 -3495.526776
55276 21269.952 -6005.798147 1868.597390 -3300.919415
55276 21300.192 -6090.362554 1933.216611 -3103.000113
55276 21330.432 -6168.831458 1995.900987 -2901.967033
55276 21359.808 -6241.125541 2056.587529 -2698.021533
55276 21390.048 -6307.171687 2115.215243 -2491.367966
55276 21420.288 -6366.903064 2171.725198 -2282.213469
55276 21449.664 -6420.259193 2226.060584 -2070.767759
55276 21479.904 -6467.186020 2278.166778 -1857.242912
55276 21510.144 -6507.635975 2327.991394 -1641.853154
55276 21540.384 -6541.568024 2375.484345 -1424.814635
55276 21569.76 -6568.947717 2420.597894 -1206.345212
55276 21600.0 -6589.747228 2463.286702 -986.664223
55276 21630.24 -6603.945384 2503.507880 -765.992258
55276 21659.616 -6611.527693 2541.221033 -544.550937
55276 21689.856 -6612.486359 2576.388301 -322.562675
55276 21720.096 -6606.820294 2608.974399 -100.250452
55276 21750.336 -6594.535116 2638.946658 122.162413
55276 21779.712 -6575.643149 2666.275052 344.452501
55276 21809.952 -6550.163407 2690.932238 566.396520
55276 21840.192 -6518.121573 2712.893574 787.771540
55276 21870.432 -6479.549974 2732.137152 1008.355222
55276 21899.808 -6434.487540 2748.643816 1227.926047
55276 21930.048 -6382.979771 2762.397181 1446.263552
55276 21960.288 -6325.078675 2773.383651 1663.148549
55276 21989.664 -6260.842720 2781.592428 1878.363357
55276 22019.904 -6190.336766 2787.015524 2091.692023
55276 22050.144 -6113.631996 2789.647766 2302.920546
55276 22080.384 -6030.805833 2789.486800 2511.837092
55276 22109.76 -5941.941862 2786.533091 2718.232213
55276 22140.0 -5847.129737 2780.789918 2921.899061
55276 22170.24 -5746.465081 2772.263374 3122.633593
55276 22199.616 -5640.049387 2760.962348 3320.234781
55276 22229.856 -5527.989906 2746.898522 3514.504811
55276 22260.096 -5410.399536 2730.086352 3705.249283
55276 22290.336 -5287.396696 2710.543051 3892.277406
55276 22319.712 -5159.105207 2688.288567 4075.402184
55276 22349.952 -5025.654156 2663.345565 4254.440605
55276 22380.192 -4887.177763 2635.739396 4429.213819
55276 22410.432 -4743.815242 2605.498071 4599.547314
55276 22439.808 -4595.710651 2572.652230 4765.271090
55276 22470.048 -4443.012750 2537.235109 4926.219819
55276 22500.288 -4285.874840 2499.282503 5082.233012
55276 22529.664 -4124.454610 2458.832729 5233.155170
55276 22559.904 -3958.913974 2415.926581 5378.835936
55276 22590.144 -3789.418906 2370.607294 5519.130239
55276 22620.384 -3616.139270 2322.920493 5653.898433
55276 22649.76 -3439.248651 2272.914147 5783.006430
55276 22680.0 -3258.924176 2220.638522 5906.325831
55276 22710.24 -3075.346338 2166.146123 6023.734041
55276 22739.616 -2888.698815 2109.491646 6135.114391
55276 22769.856 -2699.168283 2050.731920 6240.356244
55276 22800.096 -2506.944236 1989.925850 6339.355101
55276 22830.336 -2312.218792 1927.134355 6432.012698
55276 22859.712 -2115.186507 1862.420310 6518.237098
55276 22889.952 -1916.044176 1795.848481 6597.942772
55276 22920.192 -1714.990649 1727.485459 6671.050686
55276 22950.432 -1512.226626 1657.399598 6737.488367
55276 22979.808 -1307.954466 1585.660943 6797.189972
55276 23010.048 -1102.377986 1512.341163 6850.096350
55276 23040.288 -895.702263 1437.513479 6896.155092
55276 23069.664 -688.133435 1361.252593 6935.320583
55276 23099.904 -479.878498 1283.634616 6967.554039
55276 23130.144 -271.145106 1204.736990 6992.823546
55276 23160.384 -62.141373 1124.638416 7011.104087
55276 23189.76 146.924337 1043.418776 7022.377565
55276 23220.0 355.843603 961.159055 7026.632818
55276 23250.24 564.408154 877.941265 7023.865632
55276 23279.616 772.410071 793.848360 7014.078743
55276 23309.856 979.641983 708.964164 6997.281832
55276 23340.096 1185.897275 623.373280 6973.491521
55276 23370.336 1390.970284 537.161017 6942.731356
55276 23399.712 1594.656498 450.413303 6905.031785
55276 23429.952 1796.752757 363.216602 6860.430131
55276 23460.192 1997.057451 275.657833 6808.970558
55276 23490.432 2195.370712 187.824280 6750.704034
55276 23519.808 2391.494615 99.803516 6685.688278
55276 23550.048 2585.233369 11.683310 6613.987714
55276 23580.288 2776.393505 -76.448456 6535.673410
55276 23609.664 2964.784076 -164.503869 6450.823009
55276 23639.904 3150.216834 -252.395075 6359.520665
55276 23670.144 3332.506425 -340.034365 6261.856957
55276 23700.384 3511.470568 -427.334257 6157.928813
55276 23729.76 3686.930236 -514.207588 6047.839414
55276 23760.0 3858.709838 -600.567593 5931.698099
55276 23790.24 4026.637391 -686.327997 5809.620266
55276 23819.616 4190.544696 -771.403095 5681.727258
55276 23849.856 4350.267503 -855.707842 5548.146252
55276 23880.096 4505.645682 -939.157934 5409.010139
55276 23910.336 4656.523382 -1021.669893 5264.457396
55276 23939.712 4802.749191 -1103.161153 5114.631953
55276 23969.952 4944.176292 -1183.550139 4959.683058
55276 24000.192 5080.662611 -1262.756351 4799.765133
55276 24030.432 5212.070965 -1340.700448 4635.037622
55276 24059.808 5338.269204 -1417.304321 4465.664841
55276 24090.048 5459.130350 -1492.491183 4291.815815
55276 24120.288 5574.532725 -1566.185636 4113.664116
55276 24149.664 5684.360085 -1638.313757 3931.387691
55276 24179.904 5788.501738 -1708.803170 3745.168689
55276 24210.144 5886.852663 -1777.583121 3555.193279
55276 24240.384 5979.313625 -1844.584552 3361.651469
55276 24269.76 6065.791275 -1909.740170 3164.736915
55276 24300.0 6146.198256 -1972.984521 2964.646728
55276 24330.24 6220.453297 -2034.254056 2761.581279
55276 24359.616 6288.481301 -2093.487198 2555.743994
55276 24389.856 6350.213427 -2150.624406 2347.341153
55276 24420.096 6405.587166 -2205.608239 2136.581679
55276 24450.336 6454.546413 -2258.383417 1923.676926
55276 24479.712 6497.041526 -2308.896876 1708.840462
55276 24509.952 6533.029387 -2357.097830 1492.287856
55276 24540.192 6562.473444 -2402.937819 1274.236451
55276 24570.432 6585.343761 -2446.370764 1054.905144
55276 24599.808 6601.617046 -2487.353015 834.514160
55276 24630.048 6611.276681 -2525.843397 613.284825
55276 24660.288 6614.312742 -2561.803255 391.439334
55276 24689.664 6610.722011 -2595.196492 169.200526
55276 24719.904 6600.507981 -2625.989608 -53.208354
55276 24750.144 6583.680854 -2654.151738 -275.563878
55276 24780.384 6560.257527 -2679.654680 -497.642676
55276 24809.76 6530.261581 -2702.472926 -719.221662
55276 24840.0 6493.723248 -2722.583689 -940.078266
55276 24870.24 6450.679386 -2739.966921 -1159.990669
55276 24899.616 6401.173431 -2754.605342 -1378.738028
55276 24929.856 6345.255356 -2766.484448 -1596.100706
55276 24960.096 6282.981612 -2775.592529 -1811.860502
55276 24990.336 6214.415068 -2781.920679 -2025.800870
55276 25019.712 6139.624942 -2785.462801 -2237.707145
55276 25049.952 6058.686727 -2786.215616 -2447.366764
55276 25080.192 5971.682105 -2784.178661 -2654.569480
55276 25110.432 5878.698861 -2779.354286 -2859.107580
55276 25139.808 5779.830789 -2771.747654 -3060.776090
55276 25170.048 5675.177587 -2761.366728 -3259.372991
55276 25200.288 5564.844754 -2748.222262 -3454.699416
55276 25229.664 5448.943473 -2732.327790 -3646.559851
55276 25259.904 5327.590497 -2713.699606 -3834.762333
55276 25290.144 5200.908022 -2692.356747 -4019.118639
55276 25320.384 5069.023556 -2668.320968 -4199.444476
55276 25349.76 4932.069791 -2641.616721 -4375.559659
55276 25380.0 4790.184456 -2612.271125 -4547.288295
55276 25410.24 4643.510178 -2580.313937 -4714.458948
55276 25439.616 4492.194335 -2545.777516 -4876.904814
55276 25469.856 4336.388897 -2508.696795 -5034.463880
55276 25500.096 4176.250276 -2469.109236 -5186.979081
55276 25530.336 4011.939158 -2427.054794 -5334.298454
55276 25559.712 3843.620346 -2382.575871 -5476.275284
55276 25589.952 3671.462586 -2335.717277 -5612.768241
55276 25620.192 3495.638397 -2286.526177 -5743.641523
55276 25650.432 3316.323896 -2235.052045 -5868.764975
55276 25679.808 3133.698622 -2181.346612 -5988.014224
55276 25710.048 2947.945352 -2125.463813 -6101.270784
55276 25740.288 2759.249918 -2067.459731 -6208.422177
55276 25769.664 2567.801024 -2007.392539 -6309.362034
55276 25799.904 2373.790056 -1945.322442 -6403.990194
55276 25830.144 2177.410889 -1881.311617 -6492.212798
55276 25860.384 1978.859701 -1815.424148 -6573.942373
55276 25889.76 1778.334775 -1747.725963 -6649.097915
55276 25920.0 1576.036303 -1678.284769 -6717.604964
55276 25950.24 1372.166194 -1607.169983 -6779.395667
55276 25979.616 1166.927871 -1534.452664 -6834.408842
55276 26009.856 960.526076 -1460.205442 -6882.590037
55276 26040.096 753.166670 -1384.502449 -6923.891571
55276 26070.336 545.056432 -1307.419243 -6958.272584
55276 26099.712 336.402858 -1229.032737 -6985.699068
55276 26129.952 127.413961 -1149.421124 -7006.143901
55276 26160.192 -81.701929 -1068.663797 -7019.586870
55276 26190.432 -290.736371 -986.841277 -7026.014688
55276 26219.808 -499.481008 -904.035134 -7025.421005
55276 26250.048 -707.727772 -820.327904 -7017.806417
55276 26280.288 -915.269085 -735.803016 -7003.178462
55276 26309.664 -1121.898057 -650.544707 -6981.551616
55276 26339.904 -1327.408689 -564.637940 -6952.947276
55276 26370.144 -1531.596070 -478.168326 -6917.393747
55276 26400.384 -1734.256575 -391.222040 -6874.926211
55276 26429.76 -1935.188065 -303.885734 -6825.586699
55276 26460.0 -2134.190081 -216.246461 -6769.424053
55276 26490.24 -2331.064042 -128.391583 -6706.493880
55276 26519.616 -2525.613436 -40.408691 -6636.858506
55276 26549.856 -2717.644014 47.614482 -6560.586917
55276 26580.096 -2906.963982 135.590144 -6477.754694
55276 26610.336 -3093.384187 223.430534 -6388.443951
55276 26639.712 -3276.718306 311.048002 -6292.743254
55276 26669.952 -3456.783030 398.355100 -6190.747540
55276 26700.192 -3633.398247 485.264664 -6082.558034
55276 26730.432 -3806.387221 571.689902 -5968.282150
55276 26759.808 -3975.576770 657.544481 -5848.033394
55276 26790.048 -4140.797437 742.742607 -5721.931255
55276 26820.288 -4301.883667 827.199118 -5590.101097
55276 26849.664 -4458.673969 910.829562 -5452.674036
55276 26879.904 -4611.011082 993.550285 -5309.786820
55276 26910.144 -4758.742135 1075.278515 -5161.581693
55276 26940.384 -4901.718808 1155.932442 -5008.206266
55276 26969.76 -5039.797475 1235.431305 -4849.813371
55276 27000.0 -5172.839363 1313.695470 -4686.560913
55276 27030.24 -5300.710687 1390.646513 -4518.611719
55276 27059.616 -5423.282797 1466.207299 -4346.133381
55276 27089.856 -5540.432305 1540.302060 -4169.298089
55276 27120.096 -5652.041221 1612.856473 -3988.282465
55276 27150.336 -5757.997073 1683.797739 -3803.267388
55276 27179.712 -5858.193029 1753.054653 -3614.437818
55276 27209.952 -5952.528011 1820.557682 -3421.982609
55276 27240.192 -6040.906800 1886.239037 -3226.094323
55276 27270.432 -6123.240143 1950.032738 -3026.969040
55276 27299.808 -6199.444847 2011.874692 -2824.806157
55276 27330.048 -6269.443868 2071.702751 -2619.808194
55276 27360.288 -6333.166400 2129.456783 -2412.180581
55276 27389.664 -6390.547949 2185.078734 -2202.131460
55276 27419.904 -6441.530406 2238.512688 -1989.871464
55276 27450.144 -6486.062112 2289.704927 -1775.613511
55276 27480.384 -6524.097914 2338.603988 -1559.572579
55276 27509.76 -6555.599218 2385.160717 -1341.965490
55276 27540.0 -6580.534032 2429.328321 -1123.010687
55276 27570.24 -6598.877002 2471.062419 -902.928008
55276 27599.616 -6610.609442 2510.321085 -681.938456
55276 27629.856 -6615.719356 2547.064899 -460.263977
55276 27660.096 -6614.201453 2581.256982 -238.127225
55276 27690.336 -6606.057151 2612.863038 -15.751332
55276 27719.712 -6591.294581 2641.851388 206.640321
55276 27749.952 -6569.928575 2668.193006 428.824340
55276 27780.192 -6541.980651 2691.861547 650.577547
55276 27810.432 -6507.478992 2712.833372 871.677213
55276 27839.808 -6466.458412 2731.087576 1091.901286
55276 27870.048 -6418.960320 2746.606004 1311.028626
55276 27900.288 -6365.032674 2759.373272 1528.839230
55276 27929.664 -6304.729929 2769.376783 1745.114460
55276 27959.904 -6238.112974 2776.606732 1959.637269
55276 27990.144 -6165.249071 2781.056120 2172.192421
55276 28020.384 -6086.211775 2782.720759 2382.566718
55276 28049.76 -6001.080857 2781.599271 2590.549208
55276 28080.0 -5909.942219 2777.693088 2795.931411
55276 28110.24 -5812.887795 2771.006451 2998.507520
55276 28139.616 -5710.015457 2761.546398 3198.074618
55276 28169.856 -5601.428908 2749.322759 3394.432874
55276 28200.096 -5487.237570 2734.348141 3587.385753
55276 28230.336 -5367.556467 2716.637913 3776.740204
55276 28259.712 -5242.506105 2696.210185 3962.306856
55276 28289.952 -5112.212341 2673.085792 4143.900209
55276 28320.192 -4976.806255 2647.288265 4321.338810
55276 28350.432 -4836.424008 2618.843808 4494.445439
55276 28379.808 -4691.206701 2587.781266 4663.047278
55276 28410.048 -4541.300233 2554.132095 4826.976084
55276 28440.288 -4386.855142 2517.930330 4986.068349
55276 28469.664 -4228.026455 2479.212542 5140.165462
55276 28499.904 -4064.973529 2438.017805 5289.113859
55276 28530.144 -3897.859886 2394.387651 5432.765175
55276 28560.384 -3726.853046 2348.366029 5570.976382
55276 28589.76 -3552.124360 2299.999256 5703.609931
55276 28620.0 -3373.848833 2249.335971 5830.533879
55276 28650.24 -3192.204949 2196.427084 5951.622016
55276 28679.616 -3007.374492 2141.325722 6066.753985
55276 28709.856 -2819.542365 2084.087180 6175.815392
55276 28740.096 -2628.896401 2024.768857 6278.697921
55276 28770.336 -2435.627181 1963.430204 6375.299427
55276 28799.712 -2239.927842 1900.132661 6465.524036
55276 28829.952 -2041.993886 1834.939594 6549.282234
55276 28860.192 -1842.022988 1767.916238 6626.490949
55276 28890.432 -1640.214800 1699.129623 6697.073628
55276 28919.808 -1436.770755 1628.648514 6760.960306
55276 28950.048 -1231.893872 1556.543339 6818.087674
55276 28980.288 -1025.788554 1482.886123 6868.399131
55276 29009.664 -818.660390 1407.750414 6911.844842
55276 29039.904 -610.715956 1331.211213 6948.381778
55276 29070.144 -402.162612 1253.344897 6977.973760
55276 29100.384 -193.208301 1174.229150 7000.591487
55276 29129.76 15.938652 1093.942884 7016.212564
55276 29160.0 225.069741 1012.566161 7024.821525
55276 29190.24 433.976484 930.180118 7026.409842
55276 29219.616 642.450620 846.866888 7020.975938
55276 29249.856 850.284318 762.709518 7008.525185
55276 29280.096 1057.270370 677.791891 6989.069899
55276 29310.336 1263.202397 592.198646 6962.629331
55276 29339.712 1467.875048 506.015092 6929.229648
55276 29369.952 1671.084198 419.327129 6888.903910
55276 29400.192 1872.627151 332.221164 6841.692040
55276 29430.432 2072.302828 244.784026 6787.640790
55276 29459.808 2269.911973 157.102884 6726.803693
55276 29490.048 2465.257343 69.265162 6659.241021
55276 29520.288 2658.143900 -18.641549 6585.019726
55276 29549.664 2848.379006 -106.529571 6504.213379
55276 29579.904 3035.772610 -194.311230 6416.902102
55276 29610.144 3220.137435 -281.898937 6323.172498
55276 29640.384 3401.289167 -369.205277 6223.117567
55276 29669.76 3579.046634 -456.143092 6116.836619
55276 29700.0 3753.231987 -542.625570 6004.435185
55276 29730.24 3923.670880 -628.566328 5886.024918
55276 29759.616 4090.192643 -713.879498 5761.723485
55276 29789.856 4252.630452 -798.479814 5631.654458
55276 29820.096 4410.821500 -882.282692 5495.947199
55276 29850.336 4564.607161 -965.204319 5354.736734
55276 29879.712 4713.833150 -1047.161737 5208.163628
55276 29909.952 4858.349683 -1128.072921 5056.373847
55276 29940.192 4998.011626 -1207.856866 4899.518623
55276 29970.432 5132.678649 -1286.433668 4737.754302
55276 29999.808 5262.215369 -1363.724603 4571.242199
55276 30030.048 5386.491487 -1439.652208 4400.148438
55276 30060.288 5505.381932 -1514.140361 4224.643792
55276 30089.664 5618.766983 -1587.114357 4044.903517
55276 30119.904 5726.532401 -1658.500985 3861.107177
55276 30150.144 5828.569548 -1728.228604 3673.438472
55276 30180.384 5924.775501 -1796.227216 3482.085053
55276 30209.76 6015.053164 -1862.428539 3287.238338
55276 30240.0 6099.311374 -1926.766077 3089.093321
55276 30270.24 6177.464994 -1989.175192 2887.848377
55276 30299.616 6249.435013 -2049.593168 2683.705063
55276 30329.856 6315.148625 -2107.959280 2476.867919
55276 30360.096 6374.539316 -2164.214854 2267.544253
55276 30390.336 6427.546932 -2218.303334 2055.943942
55276 30419.712 6474.117751 -2270.170337 1842.279209
55276 30449.952 6514.204540 -2319.763713 1626.764411
55276 30480.192 6547.766608 -2367.033602 1409.615821
55276 30510.432 6574.769857 -2411.932480 1191.051402
55276 30539.808 6595.186814 -2454.415219 971.290587
55276 30570.048 6608.996669 -2494.439128 750.554047
55276 30600.288 6616.185299 -2531.963999 529.063470
55276 30629.664 6616.745279 -2566.952153 307.041328
55276 30659.904 6610.675900 -2599.368475 84.710643
55276 30690.144 6597.983166 -2629.180457 -137.705238
55276 30720.384 6578.679788 -2656.358225 -359.982880
55276 30749.76 6552.785175 -2680.874574 -581.898986
55276 30780.0 6520.325408 -2702.704996 -803.230639
55276 30810.24 6481.333217 -2721.827704 -1023.755521
55276 30839.616 6435.847941 -2738.223653 -1243.252155
55276 30869.856 6383.915489 -2751.876561 -1461.500125
55276 30900.096 6325.588287 -2762.772922 -1678.280310
55276 30930.336 6260.925222 -2770.902022 -1893.375107
55276 30959.712 6189.991574 -2776.255943 -2106.568656
55276 30989.952 6112.858953 -2778.829577 -2317.647061
55276 31020.192 6029.605210 -2778.620621 -2526.398612
55276 31050.432 5940.314361 -2775.629583 -2732.613996
55276 31079.808 5845.076492 -2769.859776 -2936.086513
55276 31110.048 5743.987661 -2761.317316 -3136.612286
55276 31140.288 5637.149797 -2750.011108 -3333.990466
55276 31169.664 5524.670590 -2735.952837 -3528.023435
55276 31199.904 5406.663373 -2719.156955 -3718.517003
55276 31230.144 5283.247004 -2699.640661 -3905.280605
55276 31260.384 5154.545741 -2677.423881 -4088.127488
55276 31289.76 5020.689107 -2652.529246 -4266.874895
55276 31320.0 4881.811757 -2624.982068 -4441.344253
55276 31350.24 4738.053336 -2594.810305 -4611.361338
55276 31379.616 4589.558334 -2562.044539 -4776.756456
55276 31409.856 4436.475932 -2526.717937 -4937.364603
55276 31440.096 4278.959854 -2488.866215 -5093.025628
55276 31470.336 4117.168203 -2448.527602 -5243.584387
55276 31499.712 3951.263300 -2405.742798 -5388.890894
55276 31529.952 3781.411522 -2360.554929 -5528.800463
55276 31560.192 3607.783125 -2313.009505 -5663.173852
55276 31590.432 3430.552075 -2263.154372 -5791.877388
55276 31619.808 3249.895875 -2211.039656 -5914.783101
55276 31650.048 3065.995378 -2156.717722 -6031.768841
55276 31680.288 2879.034613 -2100.243110 -6142.718396
55276 31709.664 2689.200595 -2041.672484 -6247.521598
55276 31739.904 2496.683140 -1981.064573 -6346.074426
55276 31770.144 2301.674679 -1918.480113 -6438.279105
55276 31800.384 2104.370060 -1853.981783 -6524.044195
55276 31829.76 1904.966362 -1787.634143 -6603.284676
55276 31860.0 1703.662698 -1719.503572 -6675.922022
55276 31890.24 1500.660017 -1649.658197 -6741.884280
55276 31919.616 1296.160913 -1578.167827 -6801.106127
55276 31949.856 1090.369419 -1505.103888 -6853.528935
55276 31980.096 883.490814 -1430.539347 -6899.100822
55276 32010.336 675.731419 -1354.548643 -6937.776697
55276 32039.712 467.298401 -1277.207613 -6969.518303
55276 32069.952 258.399569 -1198.593420 -6994.294248
55276 32100.192 49.243173 -1118.784476 -7012.080037
55276 32130.432 -159.962297 -1037.860367 -7022.858088
55276 32159.808 -369.008311 -955.901774 -7026.617754
55276 32190.048 -577.686503 -872.990398 -7023.355328
55276 32220.288 -785.788869 -789.208878 -7013.074045
55276 32249.664 -993.107970 -704.640714 -6995.784085
55276 32279.904 -1199.437133 -619.370183 -6971.502559
55276 32310.144 -1404.570648 -533.482263 -6940.253494
55276 32340.384 -1608.303969 -447.062545 -6902.067815
55276 32369.76 -1810.433912 -360.197156 -6856.983313
55276 32400.0 -2010.758852 -272.972671 -6805.044614
55276 32430.24 -2209.078920 -185.476032 -6746.303141
55276 32459.616 -2405.196195 -97.794465 -6680.817063
55276 32489.856 -2598.914902 -10.015393 -6608.651244
55276 32520.096 -2790.041601 77.773649 -6529.877187
55276 32550.336 -2978.385377 165.485097 -6444.572968
55276 32579.712 -3163.758029 253.031445 -6352.823161
55276 32609.952 -3345.974257 340.325330 -6254.718767
55276 32640.192 -3524.851845 427.279619 -6150.357125
55276 32670.432 -3700.211842 513.807490 -6039.841823
55276 32699.808 -3871.878743 599.822526 -5923.282605
55276 32730.048 -4039.680661 685.238793 -5800.795264
55276 32760.288 -4203.449504 769.970927 -5672.501535
55276 32789.664 -4363.021145 853.934220 -5538.528985
55276 32819.904 -4518.235583 937.044706 -5399.010884
55276 32850.144 -4668.937113 1019.219240 -5254.086084
55276 32880.384 -4814.974479 1100.375588 -5103.898888
55276 32909.76 -4956.201035 1180.432503 -4948.598904
55276 32940.0 -5092.474889 1259.309812 -4788.340911
55276 32970.24 -5223.659057 1336.928495 -4623.284703
55276 32999.616 -5349.621599 1413.210766 -4453.594934
55276 33029.856 -5470.235761 1488.080151 -4279.440963
55276 33060.096 -5585.380106 1561.461568 -4100.996683
55276 33090.336 -5694.938641 1633.281403 -3918.440353
55276 33119.712 -5798.800942 1703.467587 -3731.954422
55276 33149.952 -5896.862269 1771.949666 -3541.725350
55276 33180.192 -5989.023678 1838.658880 -3347.943420
55276 33210.432 -6075.192129 1903.528231 -3150.802553
55276 33239.808 -6155.280585 1966.492552 -2950.500109
55276 33270.048 -6229.208107 2027.488579 -2747.236694
55276 33300.288 -6296.899942 2086.455013 -2541.215954
55276 33329.664 -6358.287603 2143.332586 -2332.644373
55276 33359.904 -6413.308950 2198.064124 -2121.731061
55276 33390.144 -6461.908253 2250.594607 -1908.687541
55276 33420.384 -6504.036256 2300.871226 -1693.727537
55276 33449.76 -6539.650237 2348.843442 -1477.066751
55276 33480.0 -6568.714047 2394.463035 -1258.922644
55276 33510.24 -6591.198159 2437.684160 -1039.514210
55276 33539.616 -6607.079700 2478.463390 -819.061756
55276 33569.856 -6616.342475 2516.759768 -597.786665
55276 33600.096 -6618.976988 2552.534844 -375.911175
55276 33630.336 -6614.980455 2585.752723 -153.658147
55276 33659.712 -6604.356806 2616.380094 68.749169
55276 33689.952 -6587.116682 2644.386270 291.087365
55276 33720.192 -6563.277423 2669.743221 513.133105
55276 33750.432 -6532.863052 2692.425599 734.663356
55276 33779.808 -6495.904248 2712.410765 955.455624
55276 33810.048 -6452.438311 2729.678813 1175.288181
55276 33840.288 -6402.509121 2744.212587 1393.940294
55276 33869.664 -6346.167094 2755.997701 1611.192456
55276 33899.904 -6283.469120 2765.022550 1826.826611
55276 33930.144 -6214.478506 2771.278319 2040.626376
55276 33960.384 -6139.264904 2774.758995 2252.377266
55276 33989.76 -6057.904236 2775.461366 2461.866915
55276 34020.0 -5970.478608 2773.385025 2668.885288
55276 34050.24 -5877.076225 2768.532368 2873.224897
55276 34079.616 -5777.791294 2760.908585 3074.681013
55276 34109.856 -5672.723922 2750.521660 3273.051867
55276 34140.096 -5561.980006 2737.382353 3468.138863
55276 34170.336 -5445.671125 2721.504188 3659.746764
55276 34199.712 -5323.914416 2702.903439 3847.683900
55276 34229.952 -5196.832452 2681.599109 4031.762349
55276 34260.192 -5064.553114 2657.612907 4211.798127
55276 34290.432 -4927.209453 2630.969224 4387.611372
55276 34319.808 -4784.939553 2601.695107 4559.026516
55276 34350.048 -4637.886388 2569.820226 4725.872460
55276 34380.288 -4486.197670 2535.376847 4887.982742
55276 34409.664 -4330.025700 2498.399788 5045.195694
55276 34439.904 -4169.527211 2458.926392 5197.354606
55276 34470.144 -4004.863204 2416.996479 5344.307873
55276 34500.384 -3836.198787 2372.652308 5485.909138
55276 34529.76 -3663.703005 2325.938531 5622.017441
55276 34560.0 -3487.548670 2276.902147 5752.497344
55276 34590.24 -3307.912186 2225.592455 5877.219068
55276 34619.616 -3124.973370 2172.060999 5996.058611
55276 34649.856 -2938.915272 2116.361518 6108.897866
55276 34680.096 -2749.923994 2058.549891 6215.624736
55276 34710.336 -2558.188502 1998.684080 6316.133233
55276 34739.712 -2363.900438 1936.824069 6410.323584
55276 34769.952 -2167.253932 1873.031807 6498.102318
55276 34800.192 -1968.445406 1807.371144 6579.382356
55276 34830.432 -1767.673386 1739.907768 6654.083092
55276 34859.808 -1565.138303 1670.709139 6722.130463
55276 34890.048 -1361.042294 1599.844419 6783.457025
55276 34920.288 -1155.589011 1527.384412 6838.002007
55276 34949.664 -948.983415 1453.401484 6885.711369
55276 34979.904 -741.431579 1377.969500 6926.537855
55276 35010.144 -533.140490 1301.163746 6960.441029
55276 35040.384 -324.317843 1223.060859 6987.387319
55276 35069.76 -115.171842 1143.738749 7007.350041
55276 35100.0 94.089002 1063.276529 7020.309428
55276 35130.24 303.256074 981.754429 7026.252643
55276 35159.616 512.120855 899.253728 7025.173797
55276 35189.856 720.475127 815.856667 7017.073947
55276 35220.096 928.111172 731.646376 7001.961102
55276 35250.336 1134.821973 646.706789 6979.850211
55276 35279.712 1340.401418 561.122563 6950.763150
55276 35309.952 1544.644495 474.979001 6914.728705
55276 35340.192 1747.347496 388.361963 6871.782546
55276 35370.432 1948.308212 301.357787 6821.967189
55276 35399.808 2147.326129 214.053205 6765.331964
55276 35430.048 2344.202628 126.535256 6701.932970
55276 35460.288 2538.741175 38.891207 6631.833019
55276 35489.664 2730.747516 -48.791539 6555.101581
55276 35519.904 2920.029868 -136.425521 6471.814724
55276 35550.144 3106.399105 -223.923310 6382.055037
55276 35580.384 3289.668948 -311.197593 6285.911562
55276 35609.76 3469.656149 -398.161260 6183.479703
55276 35640.0 3646.180671 -484.727487 6074.861144
55276 35670.24 3819.065872 -570.809821 5960.163751
55276 35699.616 3988.138674 -656.322271 5839.501473
55276 35729.856 4153.229745 -741.179385 5712.994233
55276 35760.096 4314.173663 -825.296342 5580.767815
55276 35790.336 4470.809089 -908.589031 5442.953747
55276 35819.712 4622.978924 -990.974139 5299.689174
55276 35849.952 4770.530473 -1072.369232 5151.116728
55276 35880.192 4913.315600 -1152.692837 4997.384393
55276 35910.432 5051.190883 -1231.864526 4838.645360
55276 35939.808 5184.017754 -1309.804997 4675.057881
55276 35970.048 5311.662651 -1386.436153 4506.785119
55276 36000.288 5433.997151 -1461.681181 4333.994982
55276 36029.664 5550.898107 -1535.464634 4156.859968
55276 36059.904 5662.247775 -1607.712502 3975.556991
55276 36090.144 5767.933940 -1678.352295 3790.267209
55276 36120.384 5867.850037 -1747.313111 3601.175845
55276 36149.76 5961.895258 -1814.525713 3408.472006
55276 36180.0 6049.974665 -1879.922603 3212.348494
55276 36210.24 6131.999294 -1943.438085 3013.001610
55276 36239.616 6207.886247 -2005.008340 2810.630967
55276 36269.856 6277.558782 -2064.571492 2605.439280
55276 36300.096 6340.946404 -2122.067668 2397.632168
55276 36330.336 6397.984934 -2177.439069 2187.417943
55276 36359.712 6448.616588 -2230.630022 1975.007402
55276 36389.952 6492.790036 -2281.587048 1760.613606
55276 36420.192 6530.460462 -2330.258912 1544.451671
55276 36450.432 6561.589617 -2376.596679 1326.738541
55276 36479.808 6586.145857 -2420.553767 1107.692766
55276 36510.048 6604.104186 -2462.085996 887.534282
55276 36540.288 6615.446280 -2501.151635 666.484175
55276 36569.664 6620.160513 -2537.711446 444.764463
55276 36599.904 6618.241967 -2571.728725 222.597856
55276 36630.144 6609.692442 -2603.169339 0.207533
55276 36660.384 6594.520455 -2632.001767 -222.183096
55276 36689.76 6572.741229 -2658.197129 -444.350617
55276 36720.0 6544.376681 -2681.729213 -666.071848
55276 36750.24 6509.455393 -2702.574509 -887.124066
55276 36779.616 6468.012589 -2720.712229 -1107.285244
55276 36809.856 6420.090089 -2736.124324 -1326.334275
55276 36840.096 6365.736266 -2748.795510 -1544.051208
55276 36870.336 6305.005995 -2758.713275 -1760.217466
55276 36899.712 6237.960590 -2765.867894 -1974.616081
55276 36929.952 6164.667740 -2770.252437 -2187.031909
55276 36960.192 6085.201431 -2771.862773 -2397.251855
55276 36990.432 5999.641868 -2770.697573 -2605.065092
55276 37019.808 5908.075388 -2766.758312 -2810.263273
55276 37050.048 5810.594366 -2760.049259 -3012.640742
55276 37080.288 5707.297115 -2750.577474 -3211.994747
55276 37109.664 5598.287779 -2738.352799 -3408.125640
55276 37139.904 5483.676223 -2723.387843 -3600.837081
55276 37170.144 5363.577916 -2705.697968 -3789.936233
55276 37200.384 5238.113808 -2685.301269 -3975.233954
55276 37229.76 5107.410200 -2662.218556 -4156.544987
55276 37260.0 4971.598612 -2636.473326 -4333.688142
55276 37290.24 4830.815647 -2608.091739 -4506.486477
55276 37319.616 4685.202846 -2577.102590 -4674.767470
55276 37349.856 4534.906537 -2543.537272 -4838.363187
55276 37380.096 4380.077693 -2507.429750 -4997.110450
55276 37410.336 4220.871764 -2468.816517 -5150.850992
55276 37439.712 4057.448526 -2427.736556 -5299.431611
55276 37469.952 3889.971914 -2384.231303 -5442.704318
55276 37500.192 3718.609852 -2338.344599 -5580.526481
55276 37530.432 3543.534085 -2290.122643 -5712.760959
55276 37559.808 3364.920006 -2239.613949 -5839.276233
55276 37590.048 3182.946473 -2186.869290 -5959.946530
55276 37620.288 2997.795634 -2131.941648 -6074.651945
55276 37649.664 2809.652743 -2074.886160 -6183.278551
55276 37679.904 2618.705972 -2015.760060 -6285.718506
55276 37710.144 2425.146224 -1954.622622 -6381.870153
55276 37740.384 2229.166948 -1891.535101 -6471.638116
55276 37769.76 2030.963939 -1826.560667 -6554.933387
55276 37800.0 1830.735150 -1759.764346 -6631.673407
55276 37830.24 1628.680498 -1691.212953 -6701.782142
55276 37859.616 1425.001663 -1620.975026 -6765.190152
55276 37889.856 1219.901891 -1549.120756 -6821.834656
55276 37920.096 1013.585802 -1475.721922 -6871.659585
55276 37950.336 806.259180 -1400.851817 -6914.615637
55276 37979.712 598.128784 -1324.585174 -6950.660314
55276 38009.952 389.402136 -1246.998101 -6979.757968
55276 38040.192 180.287331 -1168.167996 -7001.879829
55276 38070.432 -29.007174 -1088.173482 -7017.004027
55276 38099.808 -238.272754 -1007.094323 -7025.115620
55276 38130.048 -447.300822 -925.011350 -7026.206598
55276 38160.288 -655.883029 -842.006385 -7020.275896
55276 38189.664 -863.811466 -758.162157 -7007.329392
55276 38219.904 -1070.878860 -673.562226 -6987.379905
55276 38250.144 -1276.878784 -588.290901 -6960.447177
55276 38280.384 -1481.605845 -502.433159 -6926.557864
55276 38309.76 -1684.855893 -416.074563 -6885.745505
55276 38340.0 -1886.426211 -329.301179 -6838.050498
55276 38370.24 -2086.115717 -242.199495 -6783.520057
55276 38399.616 -2283.725159 -154.856334 -6722.208178
55276 38429.856 -2479.057308 -67.358773 -6654.175583
55276 38460.096 -2671.917150 20.205944 -6579.489669
55276 38490.336 -2862.112083 107.750490 -6498.224447
55276 38519.712 -3049.452099 195.187537 -6410.460472
55276 38549.952 -3233.749977 282.429846 -6316.284773
55276 38580.192 -3414.821467 369.390350 -6215.790771
55276 38610.432 -3592.485470 455.982241 -6109.078192
55276 38639.808 -3766.564227 542.119051 -5996.252976
55276 38670.048 -3936.883485 627.714743 -5877.427180
55276 38700.288 -4103.272682 712.683793 -5752.718869
55276 38729.664 -4265.565116 796.941276 -5622.252010
55276 38759.904 -4423.598109 880.402948 -5486.156350
55276 38790.144 -4577.213180 962.985336 -5344.567297
55276 38820.384 -4726.256200 1044.605813 -5197.625792
55276 38849.76 -4870.577553 1125.182689 -5045.478168
55276 38880.0 -5010.032289 1204.635290 -4888.276016
55276 38910.24 -5144.480274 1282.884038 -4726.176039
55276 38939.616 -5273.786333 1359.850534 -4559.339895
55276 38969.856 -5397.820393 1435.457636 -4387.934045
55276 39000.096 -5516.457617 1509.629540 -4212.129588
55276 39030.336 -5629.578538 1582.291856 -4032.102096
55276 39059.712 -5737.069181 1653.371683 -3848.031441
55276 39089.952 -5838.821186 1722.797688 -3660.101614
55276 39120.192 -5934.731922 1790.500175 -3468.500549
55276 39150.432 -6024.704599 1856.411162 -3273.419931
55276 39179.808 -6108.648371 1920.464446 -3075.055010
55276 39210.048 -6186.478432 1982.595679 -2873.604399
55276 39240.288 -6258.116112 2042.742428 -2669.269882
55276 39269.664 -6323.488960 2100.844247 -2462.256205
55276 39299.904 -6382.530825 2156.842736 -2252.770870
55276 39330.144 -6435.181930 2210.681604 -2041.023928
55276 39360.384 -6481.388934 2262.306730 -1827.227761
55276 39389.76 -6521.104999 2311.666216 -1611.596866
55276 39420.0 -6554.289836 2358.710449 -1394.347637
55276 39450.24 -6580.909754 2403.392144 -1175.698140
55276 39479.616 -6600.937697 2445.666404 -955.867892
55276 39509.856 -6614.353277 2485.490759 -735.077631
55276 39540.096 -6621.142796 2522.825219 -513.549090
55276 39570.336 -6621.299263 2557.632307 -291.504766
55276 39599.712 -6614.822402 2589.877107 -69.167691
55276 39629.952 -6601.718656 2619.527295 153.238801
55276 39660.192 -6582.001177 2646.553175 375.491304
55276 39690.432 -6555.689815 2670.927709 597.366575
55276 39719.808 -6522.811095 2692.626544 818.641762
55276 39750.048 -6483.398189 2711.628039 1039.094639
55276 39780.288 -6437.490878 2727.913284 1258.503831
55276 39809.664 -6385.135512 2741.466118 1476.649049
55276 39839.904 -6326.384955 2752.273148 1693.311313
55276 39870.144 -6261.298529 2760.323758 1908.273180
55276 39900.384 -6189.941949 2765.610120 2121.318966
55276 39929.76 -6112.387249 2768.127197 2332.234967
55276 39960.0 -6028.712706 2767.872752 2540.809681
55276 39990.24 -5939.002753 2764.847341 2746.834017
55276 40019.616 -5843.347888 2759.054317 2950.101515
55276 40049.856 -5741.844576 2750.499817 3150.408548
55276 40080.096 -5634.595145 2739.192758 3347.554531
55276 40110.336 -5521.707675 2725.144824 3541.342123
55276 40139.712 -5403.295884 2708.370452 3731.577421
55276 40169.952 -5279.479007 2688.886813 3918.070158
55276 40200.192 -5150.381670 2666.713790 4100.633890
55276 40230.432 -5016.133757 2641.873961 4279.086176
55276 40259.808 -4876.870275 2614.392570 4453.248768
55276 40290.048 -4732.731211 2584.297495 4622.947775
55276 40320.288 -4583.861391 2551.619226 4788.013842
55276 40349.664 -4430.410324 2516.390822 4948.282308
55276 40379.904 -4272.532053 2478.647883 5103.593374
55276 40410.144 -4110.384992 2438.428509 5253.792249
55276 40440.384 -3944.131767 2395.773258 5398.729304
55276 40469.76 -3773.939049 2350.725104 5538.260218
55276 40500.0 -3599.977387 2303.329395 5672.246111
55276 40530.24 -3422.421029 2253.633801 5800.553679
55276 40559.616 -3241.447754 2201.688268 5923.055322
55276 40589.856 -3057.238687 2147.544965 6039.629264
55276 40620.096 -2869.978122 2091.258231 6150.159666
55276 40650.336 -2679.853334 2032.884520 6254.536737
55276 40679.712 -2487.054395 1972.482343 6352.656839
55276 40709.952 -2291.773983 1910.112209 6444.422578
55276 40740.192 -2094.207194 1845.836564 6529.742900
55276 40770.432 -1894.551347 1779.719730 6608.533173
55276 40799.808 -1693.005790 1711.827837 6680.715267
55276 40830.048 -1489.771704 1642.228762 6746.217622
55276 40860.288 -1285.051907 1570.992057 6804.975320
55276 40889.664 -1079.050652 1498.188886 6856.930136
55276 40919.904 -871.973434 1423.891947 6902.030601
55276 40950.144 -664.026782 1348.175410 6940.232041
55276 40980.384 -455.418065 1271.114835 6971.496620
55276 41009.76 -246.355284 1192.787106 6995.793376
55276 41040.0 -37.046878 1113.270351 7013.098248
55276 41070.24 172.298487 1032.643868 7023.394095
55276 41099.616 381.472112 950.988048 7026.670716
55276 41129.856 590.265473 868.384298 7022.924857
55276 41160.096 798.470420 784.914959 7012.160213
55276 41190.336 1005.879377 700.663229 6994.387426
55276 41219.712 1212.285549 615.713083 6969.624076
55276 41249.952 1417.483116 530.149187 6937.894665
55276 41280.192 1621.267435 444.056825 6899.230592
55276 41310.432 1823.435243 357.521808 6853.670129
55276 41339.808 2023.784846 270.630393 6801.258383
55276 41370.048 2222.116323 183.469204 6742.047259
55276 41400.288 2418.231721 96.125141 6676.095407
55276 41429.664 2611.935242 8.685302 6603.468174
55276 41459.904 2803.033444 -78.763105 6524.237543
55276 41490.144 2991.335425 -166.132849 6438.482064
55276 41520.384 3176.653013 -253.336757 6346.286785
55276 41549.76 3358.800952 -340.287801 6247.743171
55276 41580.0 3537.597089 -426.899183 6142.949023
55276 41610.24 3712.862548 -513.084422 6032.008383
55276 41639.616 3884.421916 -598.757439 5915.031437
55276 41669.856 4052.103414 -683.832637 5792.134415
55276 41700.096 4215.739070 -768.224994 5663.439480
55276 41730.336 4375.164893 -851.850142 5529.074611
55276 41759.712 4530.221030 -934.624450 5389.173484
55276 41789.952 4680.751936 -1016.465113 5243.875345
55276 41820.192 4826.606531 -1097.290229 5093.324873
55276 41850.432 4967.638352 -1177.018887 4937.672048
55276 41879.808 5103.705705 -1255.571241 4777.072002
55276 41910.048 5234.671811 -1332.868600 4611.684871
55276 41940.288 5360.404949 -1408.833499 4441.675639
55276 41969.664 5480.778591 -1483.389784 4267.213980
55276 41999.904 5595.671536 -1556.462686 4088.474089
55276 42030.144 5704.968037 -1627.978901 3905.634516
55276 42060.384 5808.557923 -1697.866662 3718.877984
55276 42089.76 5906.336715 -1766.055813 3528.391217
55276 42120.0 5998.205741 -1832.477885 3334.364748
55276 42150.24 6084.072239 -1897.066165 3136.992735
55276 42179.616 6163.849457 -1959.755764 2936.472761
55276 42209.856 6237.456749 -2020.483687 2733.005645
55276 42240.096 6304.819662 -2079.188899 2526.795232
55276 42270.336 6365.870021 -2135.812387 2318.048191
55276 42299.712 6420.545997 -2190.297225 2106.973807
55276 42329.952 6468.792184 -2242.588631 1893.783764
55276 42360.192 6510.559658 -2292.634028 1678.691934
55276 42390.432 6545.806030 -2340.383100 1461.914156
55276 42419.808 6574.495497 -2385.787839 1243.668014
55276 42450.048 6596.598882 -2428.802606 1024.172616
55276 42480.288 6612.093669 -2469.384171 803.648364
55276 42509.664 6620.964027 -2507.491764 582.316729
55276 42539.904 6623.200832 -2543.087113 360.400022
55276 42570.144 6618.801675 -2576.134490 138.121163
55276 42600.384 6607.770869 -2606.600746 -84.296550
55276 42629.76 6590.119443 -2634.455345 -306.629675
55276 42660.0 6565.865135 -2659.670396 -528.654855
55276 42690.24 6535.032367 -2682.220683 -750.149050
55276 42719.616 6497.652223 -2702.083689 -970.889773
55276 42749.856 6453.762414 -2719.239620 -1190.655315
55276 42780.096 6403.407238 -2733.671425 -1409.224978
55276 42810.336 6346.637529 -2745.364810 -1626.379302
55276 42839.712 6283.510605 -2754.308253 -1841.900292
55276 42869.952 6214.090199 -2760.493016 -2055.571643
55276 42900.192 6138.446398 -2763.913149 -2267.178962
55276 42930.432 6056.655560 -2764.565497 -2476.509986
55276 42959.808 5968.800231 -2762.449698 -2683.354802
55276 42990.048 5874.969059 -2757.568185 -2887.506059
55276 43020.288 5775.256696 -2749.926178 -3088.759176
55276 43049.664 5669.763694 -2739.531677 -3286.912556
55276 43079.904 5558.596402 -2726.395451 -3481.767781
55276 43110.144 5441.866847 -2710.531027 -3673.129816
55276 43140.384 5319.692616 -2691.954668 -3860.807205
55276 43169.76 5192.196733 -2670.685361 -4044.612259
55276 43200.0 5059.507529 -2646.744786 -4224.361242
55276 43230.24 4921.758502 -2620.157301 -4399.874558
55276 43259.616 4779.088184 -2590.949908 -4570.976920
55276 43289.856 4631.639990 -2559.152222 -4737.497532
55276 43320.096 4479.562074 -2524.796447 -4899.270246
55276 43350.336 4323.007172 -2487.917330 -5056.133731
55276 43379.712 4162.132445 -2448.552133 -5207.931627
55276 43409.952 3997.099319 -2406.740586 -5354.512696
55276 43440.192 3828.073316 -2362.524848 -5495.730969
55276 43470.432 3655.223891 -2315.949464 -5631.445883
55276 43499.808 3478.724253 -2267.061314 -5761.522420
55276 43530.048 3298.751194 -2215.909569 -5885.831231
55276 43560.288 3115.484908 -2162.545636 -6004.248761
55276 43589.664 2929.108810 -2107.023107 -6116.657364
55276 43619.904 2739.809353 -2049.397702 -6222.945413
55276 43650.144 2547.775842 -1989.727216 -6323.007409
55276 43680.384 2353.200242 -1928.071456 -6416.744071
55276 43709.76 2156.276992 -1864.492183 -6504.062435
55276 43740.0 1957.202808 -1799.053049 -6584.875937
55276 43770.24 1756.176492 -1731.819533 -6659.104490
55276 43799.616 1553.398734 -1662.858877 -6726.674561
55276 43829.856 1349.071918 -1592.240015 -6787.519236
55276 43860.096 1143.399919 -1520.033512 -6841.578280
55276 43890.336 936.587910 -1446.311487 -6888.798194
55276 43919.712 728.842158 -1371.147545 -6929.132257
55276 43949.952 520.369825 -1294.616708 -6962.540576
55276 43980.192 311.378766 -1216.795336 -6988.990114
55276 44010.432 102.077330 -1137.761056 -7008.454723
55276 44039.808 -107.325845 -1057.592688 -7020.915169
55276 44070.048 -316.622030 -976.370163 -7026.359143
55276 44100.288 -525.602608 -894.174453 -7024.781279
55276 44129.664 -734.059277 -811.087485 -7016.183153
55276 44159.904 -941.784249 -727.192070 -7000.573284
55276 44190.144 -1148.570450 -642.571817 -6977.967127
55276 44220.384 -1354.211723 -557.311054 -6948.387057
55276 44249.76 -1558.503024 -471.494747 -6911.862351
55276 44280.0 -1761.240625 -385.208420 -6868.429161
55276 44310.24 -1962.222307 -298.538070 -6818.130484
55276 44339.616 -2161.247558 -211.570083 -6761.016118
55276 44369.856 -2358.117772 -124.391154 -6697.142623
55276 44400.096 -2552.636437 -37.088200 -6626.573268
55276 44430.336 -2744.609333 50.251723 -6549.377972
55276 44459.712 -2933.844720 137.541506 -6465.633245
55276 44489.952 -3120.153525 224.694069 -6375.422111
