CIC_AEM_VERS = 1.0
CREATION_DATE  = 2009-12-08T09:00:00
ORIGINATOR     = SPACEBEL

META_START

COMMENT Exemple de fichier d'attitude

OBJECT_NAME = CubeSat
OBJECT_ID = CubeSat

REF_FRAME_A = EME2000
REF_FRAME_B = SC_BODY_1
ATTITUDE_DIR = A2B

TIME_SYSTEM = UTC

ATTITUDE_TYPE = QUATERNION

META_STOP


55276 14730.336 0.210085 0.240801 0.025170 0.947231
55276 14759.712 0.210409 0.255787 0.022011 0.943301
55276 14789.952 0.210681 0.270709 0.018847 0.939135
55276 14820.192 0.210901 0.285563 0.015678 0.934735
55276 14850.432 0.211067 0.300346 0.012504 0.930100
55276 14879.808 0.211181 0.315055 0.009328 0.925233
55276 14910.048 0.211242 0.329684 0.006150 0.920134
55276 14940.288 0.211251 0.344232 0.002969 0.914805
55276 14969.664 0.211207 0.358693 -0.000211 0.909248
55276 14999.904 0.211110 0.373065 -0.003392 0.903462
55276 15030.144 0.210960 0.387344 -0.006572 0.897451
55276 15060.384 0.210757 0.401526 -0.009751 0.891214
55276 15089.76 0.210503 0.415608 -0.012926 0.884755
55276 15120.0 0.210195 0.429586 -0.016099 0.878075
55276 15150.24 0.209835 0.443456 -0.019268 0.871174
55276 15179.616 0.209423 0.457216 -0.022431 0.864056
55276 15209.856 0.208958 0.470862 -0.025590 0.856721
55276 15240.096 0.208441 0.484390 -0.028741 0.849171
55276 15270.336 0.207873 0.497797 -0.031886 0.841410
55276 15299.712 0.207252 0.511080 -0.035022 0.833437
55276 15329.952 0.206580 0.524235 -0.038150 0.825256
55276 15360.192 0.205856 0.537259 -0.041268 0.816868
55276 15390.432 0.205080 0.550149 -0.044375 0.808276
55276 15419.808 0.204254 0.562901 -0.047472 0.799481
55276 15450.048 0.203376 0.575512 -0.050556 0.790486
55276 15480.288 0.202448 0.587980 -0.053628 0.781293
55276 15509.664 0.201469 0.600300 -0.056686 0.771905
55276 15539.904 0.200440 0.612470 -0.059730 0.762323
55276 15570.144 0.199361 0.624488 -0.062759 0.752550
55276 15600.384 0.198232 0.636349 -0.065772 0.742589
55276 15629.76 0.197054 0.648050 -0.068769 0.732442
55276 15660.0 0.195826 0.659590 -0.071748 0.722112
55276 15690.24 0.194550 0.670965 -0.074709 0.711601
55276 15719.616 0.193225 0.682171 -0.077652 0.700911
55276 15749.856 0.191852 0.693207 -0.080575 0.690046
55276 15780.096 0.190431 0.704070 -0.083477 0.679009
55276 15810.336 0.188962 0.714756 -0.086359 0.667801
55276 15839.712 0.187446 0.725264 -0.089218 0.656427
55276 15869.952 0.185884 0.735590 -0.092056 0.644888
55276 15900.192 0.184275 0.745732 -0.094870 0.633188
55276 15930.432 0.182620 0.755687 -0.097660 0.621329
55276 15959.808 0.180919 0.765453 -0.100426 0.609315
55276 15990.048 0.179173 0.775028 -0.103166 0.597148
55276 16020.288 0.177383 0.784408 -0.105881 0.584832
55276 16049.664 0.175548 0.793592 -0.108568 0.572369
55276 16079.904 0.173670 0.802578 -0.111229 0.559764
55276 16110.144 0.171748 0.811363 -0.113861 0.547018
55276 16140.384 0.169783 0.819944 -0.116465 0.534136
55276 16169.76 0.167776 0.828321 -0.119039 0.521120
55276 16200.0 0.165727 0.836489 -0.121584 0.507974
55276 16230.24 0.163637 0.844449 -0.124098 0.494700
55276 16259.616 0.161506 0.852197 -0.126580 0.481304
55276 16289.856 0.159334 0.859732 -0.129031 0.467786
55276 16320.096 0.157123 0.867052 -0.131449 0.454152
55276 16350.336 0.154873 0.874155 -0.133835 0.440405
55276 16379.712 0.152584 0.881039 -0.136186 0.426547
55276 16409.952 0.150256 0.887702 -0.138504 0.412583
55276 16440.192 0.147892 0.894143 -0.140786 0.398516
55276 16470.432 0.145490 0.900361 -0.143034 0.384349
55276 16499.808 0.143052 0.906353 -0.145245 0.370086
55276 16530.048 0.140579 0.912119 -0.147420 0.355731
55276 16560.288 0.138070 0.917656 -0.149558 0.341287
55276 16589.664 0.135527 0.922964 -0.151658 0.326758
55276 16619.904 0.132950 0.928040 -0.153720 0.312147
55276 16650.144 0.130340 0.932885 -0.155743 0.297458
55276 16680.384 0.127697 0.937496 -0.157728 0.282696
55276 16709.76 0.125022 0.941873 -0.159673 0.267862
55276 16740.0 0.122317 0.946014 -0.161578 0.252962
55276 16770.24 0.119580 0.949918 -0.163442 0.237999
55276 16799.616 0.116814 0.953585 -0.165265 0.222976
55276 16829.856 0.114019 0.957013 -0.167047 0.207898
55276 16860.096 0.111195 0.960202 -0.168787 0.192767
55276 16890.336 0.108343 0.963150 -0.170485 0.177589
55276 16919.712 0.105465 0.965858 -0.172140 0.162367
55276 16949.952 0.102560 0.968324 -0.173752 0.147104
55276 16980.192 0.099629 0.970549 -0.175320 0.131804
55276 17010.432 0.096674 0.972530 -0.176845 0.116472
55276 17039.808 0.093694 0.974268 -0.178325 0.101110
55276 17070.048 0.090691 0.975763 -0.179760 0.085723
55276 17100.288 0.087665 0.977013 -0.181151 0.070315
55276 17129.664 0.084618 0.978020 -0.182496 0.054889
55276 17159.904 0.081549 0.978781 -0.183795 0.039450
55276 17190.144 0.078460 0.979298 -0.185049 0.024001
55276 17220.384 0.075351 0.979570 -0.186256 0.008546
55276 17249.76 0.072224 0.979597 -0.187417 -0.006911
55276 17280.0 0.069078 0.979379 -0.188531 -0.022367
55276 17310.24 0.065915 0.978917 -0.189597 -0.037817
55276 17339.616 0.062736 0.978209 -0.190617 -0.053257
55276 17369.856 0.059541 0.977257 -0.191588 -0.068684
55276 17400.096 0.056331 0.976061 -0.192512 -0.084094
55276 17430.336 0.053106 0.974620 -0.193387 -0.099483
55276 17459.712 0.049869 0.972936 -0.194215 -0.114848
55276 17489.952 0.046619 0.971008 -0.194994 -0.130183
55276 17520.192 0.043358 0.968837 -0.195724 -0.145487
55276 17550.432 0.040085 0.966425 -0.196405 -0.160753
55276 17579.808 0.036803 0.963770 -0.197037 -0.175980
55276 17610.048 0.033511 0.960875 -0.197620 -0.191163
55276 17640.288 0.030211 0.957739 -0.198153 -0.206299
55276 17669.664 0.026904 0.954363 -0.198637 -0.221382
55276 17699.904 0.023589 0.950749 -0.199072 -0.236411
55276 17730.144 0.020269 0.946897 -0.199456 -0.251381
55276 17760.384 0.016943 0.942808 -0.199791 -0.266287
55276 17789.76 0.013614 0.938483 -0.200076 -0.281128
55276 17820.0 0.010281 0.933924 -0.200312 -0.295898
55276 17850.24 0.006945 0.929131 -0.200497 -0.310595
55276 17879.616 0.003608 0.924105 -0.200632 -0.325214
55276 17909.856 0.000270 0.918848 -0.200717 -0.339752
55276 17940.096 -0.003069 0.913361 -0.200752 -0.354205
55276 17970.336 -0.006406 0.907645 -0.200736 -0.368570
55276 17999.712 -0.009742 0.901703 -0.200671 -0.382842
55276 18029.952 -0.013076 0.895535 -0.200556 -0.397019
55276 18060.192 -0.016406 0.889142 -0.200390 -0.411097
55276 18090.432 -0.019732 0.882527 -0.200175 -0.425073
55276 18119.808 -0.023054 0.875691 -0.199909 -0.438942
55276 18150.048 -0.026369 0.868636 -0.199594 -0.452701
55276 18180.288 -0.029678 0.861363 -0.199229 -0.466348
55276 18209.664 -0.032979 0.853875 -0.198814 -0.479878
55276 18239.904 -0.036272 0.846173 -0.198350 -0.493288
55276 18270.144 -0.039556 0.838259 -0.197836 -0.506575
55276 18300.384 -0.042830 0.830135 -0.197272 -0.519735
55276 18329.76 -0.046093 0.821804 -0.196660 -0.532765
55276 18360.0 -0.049345 0.813267 -0.195998 -0.545662
55276 18390.24 -0.052584 0.804526 -0.195288 -0.558423
55276 18419.616 -0.055810 0.795583 -0.194528 -0.571044
55276 18449.856 -0.059022 0.786441 -0.193720 -0.583523
55276 18480.096 -0.062219 0.777103 -0.192864 -0.595855
55276 18510.336 -0.065401 0.767570 -0.191960 -0.608039
55276 18539.712 -0.068566 0.757844 -0.191008 -0.620070
55276 18569.952 -0.071714 0.747929 -0.190008 -0.631946
55276 18600.192 -0.074843 0.737827 -0.188961 -0.643664
55276 18630.432 -0.077954 0.727540 -0.187866 -0.655222
55276 18659.808 -0.081045 0.717071 -0.186725 -0.666615
55276 18690.048 -0.084116 0.706422 -0.185537 -0.677841
55276 18720.288 -0.087166 0.695596 -0.184302 -0.688898
55276 18749.664 0.090194 -0.684596 0.183022 0.699783
55276 18779.904 0.093199 -0.673425 0.181696 0.710492
55276 18810.144 0.096180 -0.662085 0.180325 0.721024
55276 18840.384 0.099138 -0.650580 0.178909 0.731375
55276 18869.76 0.102070 -0.638912 0.177448 0.741543
55276 18900.0 0.104977 -0.627084 0.175942 0.751525
55276 18930.24 0.107857 -0.615099 0.174393 0.761320
55276 18959.616 0.110710 -0.602960 0.172801 0.770923
55276 18989.856 0.113536 -0.590670 0.171165 0.780334
55276 19020.096 0.116333 -0.578232 0.169486 0.789550
55276 19050.336 0.119100 -0.565650 0.167766 0.798568
55276 19079.712 0.121837 -0.552926 0.166003 0.807386
55276 19109.952 0.124544 -0.540064 0.164199 0.816001
55276 19140.192 0.127220 -0.527067 0.162354 0.824413
55276 19170.432 0.129863 -0.513938 0.160468 0.832618
55276 19199.808 0.132474 -0.500681 0.158542 0.840615
55276 19230.048 0.135052 -0.487298 0.156577 0.848402
55276 19260.288 0.137595 -0.473794 0.154573 0.855976
55276 19289.664 0.140104 -0.460171 0.152530 0.863335
55276 19319.904 0.142578 -0.446433 0.150449 0.870479
55276 19350.144 0.145016 -0.432584 0.148331 0.877405
55276 19380.384 0.147417 -0.418627 0.146175 0.884111
55276 19409.76 0.149782 -0.404565 0.143983 0.890596
55276 19440.0 0.152108 -0.390402 0.141755 0.896858
55276 19470.24 0.154397 -0.376141 0.139492 0.902896
55276 19499.616 0.156647 -0.361787 0.137194 0.908708
55276 19529.856 0.158857 -0.347342 0.134861 0.914292
55276 19560.096 0.161028 -0.332811 0.132495 0.919648
55276 19590.336 0.163158 -0.318196 0.130096 0.924773
55276 19619.712 0.165247 -0.303502 0.127665 0.929667
55276 19649.952 0.167295 -0.288733 0.125201 0.934329
55276 19680.192 0.169300 -0.273891 0.122707 0.938757
55276 19710.432 0.171264 -0.258981 0.120181 0.942950
55276 19739.808 0.173184 -0.244006 0.117626 0.946907
55276 19770.048 0.175061 -0.228971 0.115041 0.950627
55276 19800.288 0.176894 -0.213878 0.112428 0.954109
55276 19829.664 0.178683 -0.198732 0.109786 0.957353
55276 19859.904 0.180426 -0.183537 0.107118 0.960357
55276 19890.144 0.182125 -0.168295 0.104422 0.963122
55276 19920.384 0.183778 -0.153012 0.101700 0.965645
55276 19949.76 0.185385 -0.137691 0.098953 0.967927
55276 19980.0 0.186946 -0.122335 0.096181 0.969966
55276 20010.24 0.188459 -0.106949 0.093385 0.971763
55276 20039.616 0.189926 -0.091536 0.090566 0.973318
55276 20069.856 0.191345 -0.076100 0.087724 0.974628
55276 20100.096 0.192716 -0.060646 0.084861 0.975695
55276 20130.336 0.194039 -0.045176 0.081976 0.976518
55276 20159.712 0.195313 -0.029695 0.079070 0.977097
55276 20189.952 0.196539 -0.014207 0.076145 0.977432
55276 20220.192 0.197715 0.001285 0.073201 0.977522
55276 20250.432 0.198842 0.016776 0.070238 0.977367
55276 20279.808 0.199919 0.032264 0.067258 0.976969
55276 20310.048 0.200947 0.047743 0.064261 0.976326
55276 20340.288 0.201924 0.063210 0.061248 0.975438
55276 20369.664 0.202850 0.078662 0.058220 0.974307
55276 20399.904 0.203726 0.094094 0.055177 0.972933
55276 20430.144 0.204551 0.109502 0.052120 0.971314
55276 20460.384 0.205324 0.124883 0.049051 0.969453
55276 20489.76 0.206047 0.140233 0.045969 0.967350
55276 20520.0 0.206718 0.155548 0.042875 0.965005
55276 20550.24 0.207337 0.170824 0.039771 0.962418
55276 20579.616 0.207905 0.186058 0.036657 0.959591
55276 20609.856 0.208421 0.201245 0.033533 0.956523
55276 20640.096 0.208884 0.216382 0.030402 0.953217
55276 20670.336 0.209296 0.231465 0.027262 0.949672
55276 20699.712 0.209655 0.246491 0.024116 0.945889
55276 20729.952 0.209962 0.261454 0.020964 0.941870
55276 20760.192 0.210216 0.276353 0.017806 0.937615
55276 20790.432 0.210418 0.291183 0.014644 0.933125
55276 20819.808 0.210567 0.305940 0.011478 0.928402
55276 20850.048 0.210664 0.320620 0.008310 0.923447
55276 20880.288 0.210708 0.335221 0.005139 0.918261
55276 20909.664 0.210700 0.349738 0.001967 0.912845
55276 20939.904 0.210639 0.364167 -0.001205 0.907200
55276 20970.144 0.210525 0.378506 -0.004377 0.901328
55276 21000.384 0.210359 0.392750 -0.007548 0.895231
55276 21029.76 0.210141 0.406896 -0.010717 0.888910
55276 21060.0 0.209870 0.420941 -0.013884 0.882366
55276 21090.24 0.209546 0.434881 -0.017046 0.875602
55276 21119.616 0.209170 0.448711 -0.020205 0.868618
55276 21149.856 0.208743 0.462430 -0.023359 0.861417
55276 21180.096 0.208262 0.476033 -0.026506 0.854000
55276 21210.336 0.207730 0.489518 -0.029647 0.846370
55276 21239.712 0.207147 0.502880 -0.032781 0.838527
55276 21269.952 0.206511 0.516116 -0.035906 0.830475
55276 21300.192 0.205824 0.529223 -0.039022 0.822214
55276 21330.432 0.205085 0.542198 -0.042129 0.813748
55276 21359.808 0.204296 0.555038 -0.045225 0.805078
55276 21390.048 0.203455 0.567739 -0.048309 0.796207
55276 21420.288 0.202564 0.580297 -0.051381 0.787136
55276 21449.664 0.201622 0.592711 -0.054441 0.777868
55276 21479.904 0.200629 0.604977 -0.057486 0.768405
55276 21510.144 0.199587 0.617091 -0.060518 0.758750
55276 21540.384 0.198495 0.629051 -0.063534 0.748905
55276 21569.76 0.197353 0.640853 -0.066534 0.738872
55276 21600.0 0.196162 0.652495 -0.069517 0.728655
55276 21630.24 0.194922 0.663974 -0.072482 0.718255
55276 21659.616 0.193633 0.675287 -0.075430 0.707675
55276 21689.856 0.192296 0.686431 -0.078358 0.696918
55276 21720.096 0.190911 0.697403 -0.081267 0.685987
55276 21750.336 0.189479 0.708201 -0.084155 0.674883
55276 21779.712 0.187999 0.718821 -0.087022 0.663611
55276 21809.952 0.186472 0.729261 -0.089867 0.652173
55276 21840.192 0.184899 0.739519 -0.092690 0.640572
55276 21870.432 0.183279 0.749592 -0.095489 0.628810
55276 21899.808 0.181614 0.759478 -0.098264 0.616891
55276 21930.048 0.179903 0.769173 -0.101014 0.604817
55276 21960.288 0.178148 0.778675 -0.103739 0.592593
55276 21989.664 0.176348 0.787983 -0.106438 0.580220
55276 22019.904 0.174504 0.797094 -0.109110 0.567701
55276 22050.144 0.172616 0.806005 -0.111755 0.555041
55276 22080.384 0.170686 0.814714 -0.114371 0.542242
55276 22109.76 0.168713 0.823219 -0.116959 0.529308
55276 22140.0 0.166697 0.831518 -0.119517 0.516241
55276 22170.24 0.164641 0.839610 -0.122045 0.503045
55276 22199.616 0.162543 0.847491 -0.124543 0.489723
55276 22229.856 0.160404 0.855159 -0.127009 0.476279
55276 22260.096 0.158225 0.862614 -0.129443 0.462716
55276 22290.336 0.156007 0.869853 -0.131844 0.449037
55276 22319.712 0.153750 0.876874 -0.134213 0.435246
55276 22349.952 0.151455 0.883676 -0.136547 0.421346
55276 22380.192 0.149122 0.890257 -0.138848 0.407341
55276 22410.432 0.146751 0.896615 -0.141113 0.393234
55276 22439.808 0.144344 0.902748 -0.143343 0.379029
55276 22470.048 0.141901 0.908656 -0.145537 0.364730
55276 22500.288 0.139423 0.914336 -0.147695 0.350339
55276 22529.664 0.136910 0.919787 -0.149815 0.335861
55276 22559.904 0.134362 0.925009 -0.151898 0.321299
55276 22590.144 0.131781 0.929998 -0.153942 0.306657
55276 22620.384 0.129167 0.934756 -0.155948 0.291938
55276 22649.76 0.126521 0.939279 -0.157915 0.277147
55276 22680.0 0.123843 0.943567 -0.159842 0.262286
55276 22710.24 0.121135 0.947620 -0.161729 0.247360
55276 22739.616 0.118396 0.951435 -0.163576 0.232372
55276 22769.856 0.115628 0.955012 -0.165382 0.217326
55276 22800.096 0.112830 0.958351 -0.167146 0.202226
55276 22830.336 0.110005 0.961450 -0.168868 0.187075
55276 22859.712 0.107152 0.964308 -0.170548 0.171878
55276 22889.952 0.104272 0.966925 -0.172185 0.156638
55276 22920.192 0.101366 0.969300 -0.173779 0.141359
55276 22950.432 0.098435 0.971433 -0.175329 0.126045
55276 22979.808 0.095480 0.973323 -0.176836 0.110699
55276 23010.048 0.092500 0.974970 -0.178298 0.095326
55276 23040.288 0.089498 0.976373 -0.179716 0.079929
55276 23069.664 0.086473 0.977531 -0.181088 0.064512
55276 23099.904 0.083426 0.978446 -0.182416 0.049079
55276 23130.144 0.080359 0.979115 -0.183697 0.033634
55276 23160.384 0.077271 0.979540 -0.184933 0.018180
55276 23189.76 0.074164 0.979720 -0.186123 0.002722
55276 23220.0 0.071039 0.979654 -0.187265 -0.012737
55276 23250.24 0.067896 0.979344 -0.188362 -0.028193
55276 23279.616 0.064736 0.978789 -0.189411 -0.043642
55276 23309.856 0.061559 0.977989 -0.190412 -0.059079
55276 23340.096 0.058368 0.976945 -0.191366 -0.074502
55276 23370.336 0.055161 0.975656 -0.192273 -0.089907
55276 23399.712 0.051941 0.974124 -0.193131 -0.105289
55276 23429.952 0.048708 0.972347 -0.193941 -0.120645
55276 23460.192 0.045463 0.970328 -0.194702 -0.135970
55276 23490.432 0.042206 0.968066 -0.195415 -0.151262
55276 23519.808 0.038939 0.965562 -0.196079 -0.166516
55276 23550.048 0.035662 0.962816 -0.196694 -0.181729
55276 23580.288 0.032376 0.959829 -0.197260 -0.196896
55276 23609.664 0.029082 0.956603 -0.197777 -0.212014
55276 23639.904 0.025780 0.953137 -0.198244 -0.227080
55276 23670.144 0.022472 0.949432 -0.198662 -0.242088
55276 23700.384 0.019159 0.945490 -0.199030 -0.257037
55276 23729.76 0.015841 0.941312 -0.199348 -0.271921
55276 23760.0 0.012518 0.936898 -0.199617 -0.286737
55276 23790.24 0.009193 0.932250 -0.199836 -0.301482
55276 23819.616 0.005865 0.927368 -0.200005 -0.316152
55276 23849.856 0.002536 0.922255 -0.200124 -0.330742
55276 23880.096 -0.000794 0.916910 -0.200193 -0.345250
55276 23910.336 -0.004123 0.911336 -0.200212 -0.359672
55276 23939.712 -0.007452 0.905534 -0.200182 -0.374005
55276 23969.952 -0.010779 0.899506 -0.200101 -0.388244
55276 24000.192 -0.014103 0.893252 -0.199970 -0.402385
55276 24030.432 -0.017423 0.886775 -0.199790 -0.416427
55276 24059.808 -0.020739 0.880075 -0.199559 -0.430364
55276 24090.048 -0.024050 0.873156 -0.199279 -0.444194
55276 24120.288 -0.027355 0.866018 -0.198949 -0.457913
55276 24149.664 -0.030653 0.858663 -0.198569 -0.471518
55276 24179.904 -0.033944 0.851093 -0.198140 -0.485005
55276 24210.144 -0.037225 0.843310 -0.197661 -0.498371
55276 24240.384 -0.040498 0.835315 -0.197133 -0.511612
55276 24269.76 -0.043760 0.827112 -0.196556 -0.524725
55276 24300.0 -0.047011 0.818702 -0.195930 -0.537707
55276 24330.24 -0.050251 0.810086 -0.195255 -0.550555
55276 24359.616 -0.053478 0.801268 -0.194531 -0.563265
55276 24389.856 -0.056691 0.792249 -0.193758 -0.575834
55276 24420.096 -0.059890 0.783032 -0.192938 -0.588260
55276 24450.336 -0.063074 0.773618 -0.192069 -0.600538
55276 24479.712 -0.066242 0.764011 -0.191152 -0.612666
55276 24509.952 -0.069394 0.754213 -0.190187 -0.624641
55276 24540.192 -0.072528 0.744226 -0.189175 -0.636459
55276 24570.432 -0.075644 0.734052 -0.188116 -0.648119
55276 24599.808 -0.078740 0.723695 -0.187010 -0.659616
55276 24630.048 -0.081817 0.713156 -0.185857 -0.670948
55276 24660.288 -0.084874 0.702439 -0.184658 -0.682112
55276 24689.664 0.087909 -0.691546 0.183412 0.693106
55276 24719.904 0.090921 -0.680480 0.182121 0.703926
55276 24750.144 0.093911 -0.669244 0.180785 0.714570
55276 24780.384 0.096878 -0.657840 0.179403 0.725035
55276 24809.76 0.099820 -0.646271 0.177976 0.735319
55276 24840.0 0.102737 -0.634541 0.176505 0.745419
55276 24870.24 0.105627 -0.622652 0.174991 0.755332
55276 24899.616 0.108492 -0.610607 0.173432 0.765056
55276 24929.856 0.111329 -0.598409 0.171830 0.774588
55276 24960.096 0.114138 -0.586062 0.170185 0.783927
55276 24990.336 0.116918 -0.573568 0.168498 0.793069
55276 25019.712 0.119669 -0.560930 0.166769 0.802013
55276 25049.952 0.122390 -0.548152 0.164998 0.810756
55276 25080.192 0.125080 -0.535237 0.163186 0.819296
55276 25110.432 0.127738 -0.522189 0.161333 0.827631
55276 25139.808 0.130365 -0.509009 0.159440 0.835759
55276 25170.048 0.132958 -0.495703 0.157507 0.843678
55276 25200.288 0.135518 -0.482272 0.155535 0.851385
55276 25229.664 0.138044 -0.468721 0.153524 0.858880
55276 25259.904 0.140536 -0.455053 0.151474 0.866159
55276 25290.144 0.142992 -0.441271 0.149387 0.873222
55276 25320.384 0.145412 -0.427379 0.147263 0.880066
55276 25349.76 0.147795 -0.413380 0.145102 0.886690
55276 25380.0 0.150142 -0.399278 0.142904 0.893092
55276 25410.24 0.152450 -0.385076 0.140671 0.899270
55276 25439.616 0.154721 -0.370778 0.138403 0.905224
55276 25469.856 0.156952 -0.356388 0.136100 0.910950
55276 25500.096 0.159144 -0.341908 0.133764 0.916449
55276 25530.336 0.161297 -0.327343 0.131394 0.921719
55276 25559.712 0.163408 -0.312696 0.128991 0.926758
55276 25589.952 0.165479 -0.297972 0.126556 0.931565
55276 25620.192 0.167508 -0.283173 0.124089 0.936139
55276 25650.432 0.169495 -0.268303 0.121591 0.940479
55276 25679.808 0.171440 -0.253366 0.119064 0.944583
55276 25710.048 0.173341 -0.238367 0.116506 0.948452
55276 25740.288 0.175199 -0.223307 0.113919 0.952083
55276 25769.664 0.177014 -0.208192 0.111304 0.955476
55276 25799.904 0.178783 -0.193026 0.108661 0.958629
55276 25830.144 0.180508 -0.177811 0.105991 0.961544
55276 25860.384 0.182188 -0.162551 0.103294 0.964217
55276 25889.76 0.183822 -0.147251 0.100572 0.966650
55276 25920.0 0.185410 -0.131915 0.097824 0.968840
55276 25950.24 0.186952 -0.116546 0.095052 0.970789
55276 25979.616 0.188447 -0.101147 0.092257 0.972495
55276 26009.856 0.189895 -0.085723 0.089438 0.973957
55276 26040.096 0.191295 -0.070278 0.086597 0.975176
55276 26070.336 0.192647 -0.054816 0.083734 0.976151
55276 26099.712 0.193951 -0.039340 0.080850 0.976882
55276 26129.952 0.195207 -0.023854 0.077946 0.977369
55276 26160.192 0.196413 -0.008362 0.075023 0.977611
55276 26190.432 0.197571 0.007132 0.072081 0.977609
55276 26219.808 0.198679 0.022624 0.069121 0.977362
55276 26250.048 0.199738 0.038110 0.066143 0.976871
55276 26280.288 0.200746 0.053587 0.063149 0.976136
55276 26309.664 0.201705 0.069051 0.060140 0.975157
55276 26339.904 0.202613 0.084497 0.057115 0.973933
55276 26370.144 0.203470 0.099922 0.054076 0.972467
55276 26400.384 0.204276 0.115323 0.051023 0.970757
55276 26429.76 0.205032 0.130694 0.047958 0.968804
55276 26460.0 0.205736 0.146033 0.044880 0.966609
55276 26490.24 0.206389 0.161336 0.041792 0.964172
55276 26519.616 0.206990 0.176598 0.038693 0.961494
55276 26549.856 0.207540 0.191816 0.035584 0.958576
55276 26580.096 0.208037 0.206986 0.032466 0.955418
55276 26610.336 0.208483 0.222105 0.029340 0.952021
55276 26639.712 0.208877 0.237169 0.026207 0.948385
55276 26669.952 0.209219 0.252173 0.023068 0.944513
55276 26700.192 0.209508 0.267114 0.019922 0.940404
55276 26730.432 0.209745 0.281989 0.016772 0.936060
55276 26759.808 0.209930 0.296793 0.013617 0.931482
55276 26790.048 0.210062 0.311523 0.010459 0.926670
55276 26820.288 0.210142 0.326175 0.007298 0.921627
55276 26849.664 0.210169 0.340746 0.004135 0.916354
55276 26879.904 0.210144 0.355232 0.000972 0.910850
55276 26910.144 0.210066 0.369630 -0.002192 0.905119
55276 26940.384 0.209936 0.383935 -0.005355 0.899162
55276 26969.76 0.209754 0.398144 -0.008517 0.892979
55276 27000.0 0.209519 0.412254 -0.011677 0.886573
55276 27030.24 0.209232 0.426260 -0.014834 0.879945
55276 27059.616 0.208893 0.440161 -0.017987 0.873097
55276 27089.856 0.208501 0.453951 -0.021136 0.866030
55276 27120.096 0.208058 0.467628 -0.024279 0.858747
55276 27150.336 0.207563 0.481188 -0.027416 0.851248
55276 27179.712 0.207015 0.494628 -0.030546 0.843537
55276 27209.952 0.206417 0.507945 -0.033669 0.835614
55276 27240.192 0.205766 0.521134 -0.036783 0.827482
55276 27270.432 0.205065 0.534193 -0.039888 0.819143
55276 27299.808 0.204312 0.547119 -0.042983 0.810599
55276 27330.048 0.203508 0.559908 -0.046067 0.801851
55276 27360.288 0.202653 0.572557 -0.049139 0.792903
55276 27389.664 0.201748 0.585063 -0.052199 0.783757
55276 27419.904 0.200792 0.597422 -0.055246 0.774414
55276 27450.144 0.199786 0.609632 -0.058279 0.764877
55276 27480.384 0.198731 0.621690 -0.061297 0.755149
55276 27509.76 0.197626 0.633592 -0.064300 0.745232
55276 27540.0 0.196471 0.645335 -0.067287 0.735128
55276 27570.24 0.195268 0.656918 -0.070257 0.724841
55276 27599.616 0.194015 0.668335 -0.073209 0.714371
55276 27629.856 0.192715 0.679586 -0.076142 0.703723
55276 27660.096 0.191366 0.690667 -0.079057 0.692899
55276 27690.336 0.189969 0.701574 -0.081951 0.681901
55276 27719.712 0.188525 0.712307 -0.084825 0.670733
55276 27749.952 0.187034 0.722861 -0.087678 0.659396
55276 27780.192 0.185496 0.733234 -0.090508 0.647895
55276 27810.432 0.183912 0.743423 -0.093316 0.636231
55276 27839.808 0.182282 0.753427 -0.096100 0.624409
55276 27870.048 0.180607 0.763242 -0.098860 0.612430
55276 27900.288 0.178887 0.772865 -0.101595 0.600297
55276 27929.664 0.177121 0.782296 -0.104305 0.588015
55276 27959.904 0.175312 0.791530 -0.106988 0.575586
55276 27990.144 0.173459 0.800567 -0.109644 0.563012
55276 28020.384 0.171563 0.809403 -0.112273 0.550298
55276 28049.76 0.169623 0.818037 -0.114873 0.537446
55276 28080.0 0.167642 0.826465 -0.117445 0.524460
55276 28110.24 0.165618 0.834687 -0.119987 0.511342
55276 28139.616 0.163554 0.842700 -0.122498 0.498097
55276 28169.856 0.161448 0.850502 -0.124979 0.484727
55276 28200.096 0.159302 0.858091 -0.127429 0.471236
55276 28230.336 0.157117 0.865466 -0.129846 0.457628
55276 28259.712 0.154892 0.872624 -0.132231 0.443905
55276 28289.952 0.152629 0.879563 -0.134583 0.430071
55276 28320.192 0.150327 0.886282 -0.136900 0.416129
55276 28350.432 0.147988 0.892780 -0.139184 0.402084
55276 28379.808 0.145612 0.899054 -0.141432 0.387938
55276 28410.048 0.143200 0.905103 -0.143645 0.373695
55276 28440.288 0.140752 0.910926 -0.145822 0.359359
55276 28469.664 0.138268 0.916521 -0.147962 0.344934
55276 28499.904 0.135751 0.921886 -0.150065 0.330422
55276 28530.144 0.133199 0.927021 -0.152130 0.315827
55276 28560.384 0.130614 0.931924 -0.154157 0.301154
55276 28589.76 0.127997 0.936593 -0.156145 0.286406
55276 28620.0 0.125347 0.941029 -0.158095 0.271586
55276 28650.24 0.122667 0.945229 -0.160004 0.256699
55276 28679.616 0.119955 0.949192 -0.161874 0.241747
55276 28709.856 0.117214 0.952918 -0.163702 0.226735
55276 28740.096 0.114444 0.956406 -0.165490 0.211667
55276 28770.336 0.111645 0.959655 -0.167236 0.196546
55276 28799.712 0.108818 0.962663 -0.168941 0.181375
55276 28829.952 0.105963 0.965431 -0.170603 0.166160
55276 28860.192 0.103083 0.967958 -0.172222 0.150903
55276 28890.432 0.100176 0.970242 -0.173798 0.135608
55276 28919.808 0.097245 0.972284 -0.175331 0.120280
55276 28950.048 0.094289 0.974082 -0.176820 0.104922
55276 28980.288 0.091310 0.975637 -0.178264 0.089537
55276 29009.664 0.088308 0.976948 -0.179664 0.074130
55276 29039.904 0.085284 0.978015 -0.181019 0.058705
55276 29070.144 0.082238 0.978837 -0.182328 0.043265
55276 29100.384 0.079172 0.979414 -0.183592 0.027814
55276 29129.76 0.076087 0.979747 -0.184810 0.012357
55276 29160.0 0.072982 0.979834 -0.185982 -0.003104
55276 29190.24 0.069859 0.979676 -0.187107 -0.018564
55276 29219.616 0.066718 0.979274 -0.188186 -0.034019
55276 29249.856 0.063561 0.978627 -0.189217 -0.049466
55276 29280.096 0.060388 0.977734 -0.190201 -0.064901
55276 29310.336 0.057200 0.976598 -0.191138 -0.080319
55276 29339.712 0.053997 0.975217 -0.192027 -0.095718
55276 29369.952 0.050781 0.973592 -0.192868 -0.111092
55276 29400.192 0.047552 0.971724 -0.193660 -0.126439
55276 29430.432 0.044312 0.969613 -0.194405 -0.141754
55276 29459.808 0.041060 0.967259 -0.195100 -0.157034
55276 29490.048 0.037798 0.964664 -0.195747 -0.172275
55276 29520.288 0.034526 0.961827 -0.196345 -0.187473
55276 29549.664 0.031246 0.958749 -0.196894 -0.202624
55276 29579.904 0.027958 0.955432 -0.197394 -0.217724
55276 29610.144 0.024663 0.951876 -0.197845 -0.232770
55276 29640.384 0.021362 0.948081 -0.198246 -0.247759
55276 29669.76 0.018055 0.944050 -0.198598 -0.262685
55276 29700.0 0.014744 0.939782 -0.198900 -0.277546
55276 29730.24 0.011429 0.935279 -0.199153 -0.292338
55276 29759.616 0.008111 0.930542 -0.199355 -0.307056
55276 29789.856 0.478147 0.836680 0.070190 -0.257711
55276 29820.096 0.476041 0.826409 0.065657 -0.293465
55276 29850.336 0.473377 0.814535 0.060244 -0.329876
55276 29879.712 0.470094 0.801009 0.054069 -0.366706
55276 29909.952 0.466132 0.785832 0.047284 -0.403674
55276 29940.192 0.461437 0.769064 0.040072 -0.440467
55276 29970.432 0.455963 0.750822 0.032634 -0.476758
55276 29999.808 0.449680 0.731284 0.025182 -0.512228
55276 30030.048 0.442571 0.710674 0.017920 -0.546582
55276 30060.288 0.434634 0.689248 0.011034 -0.579576
55276 30089.664 0.425885 0.667274 0.004681 -0.611020
55276 30119.904 0.416347 0.645016 -0.001015 -0.640787
55276 30150.144 -0.406054 -0.622716 0.005972 0.668812
55276 30180.384 -0.038171 0.840415 -0.196969 -0.503437
55276 30209.76 -0.041432 0.832341 -0.196427 -0.516632
55276 30240.0 -0.044683 0.824058 -0.195836 -0.529698
55276 30270.24 -0.047922 0.815569 -0.195196 -0.542631
55276 30299.616 -0.051149 0.806876 -0.194508 -0.555429
55276 30329.856 -0.054364 0.797981 -0.193771 -0.568088
55276 30360.096 -0.057564 0.788886 -0.192985 -0.580605
55276 30390.336 -0.060750 0.779593 -0.192152 -0.592977
55276 30419.712 -0.063921 0.770105 -0.191270 -0.605200
55276 30449.952 -0.067076 0.760425 -0.190341 -0.617273
55276 30480.192 -0.070214 0.750554 -0.189364 -0.629190
55276 30510.432 -0.073334 0.740495 -0.188340 -0.640951
55276 30539.808 -0.076436 0.730250 -0.187269 -0.652551
55276 30570.048 -0.079519 0.719823 -0.186151 -0.663987
55276 30600.288 -0.082581 0.709216 -0.184987 -0.675258
55276 30629.664 -0.085623 0.698431 -0.183776 -0.686360
55276 30659.904 0.088643 -0.687471 0.182520 0.697290
55276 30690.144 0.091641 -0.676339 0.181218 0.708045
55276 30720.384 0.094616 -0.665037 0.179871 0.718623
55276 30749.76 0.097567 -0.653570 0.178479 0.729022
55276 30780.0 0.100493 -0.641938 0.177043 0.739238
55276 30810.24 0.103395 -0.630146 0.175562 0.749268
55276 30839.616 0.106270 -0.618197 0.174038 0.759112
55276 30869.856 0.109118 -0.606092 0.172470 0.768765
55276 30900.096 0.111939 -0.593836 0.170859 0.778226
55276 30930.336 0.114732 -0.581432 0.169205 0.787492
55276 30959.712 0.117496 -0.568882 0.167509 0.796561
55276 30989.952 0.120230 -0.556189 0.165771 0.805430
55276 31020.192 0.122934 -0.543358 0.163992 0.814098
55276 31050.432 0.125607 -0.530390 0.162172 0.822562
55276 31079.808 0.128248 -0.517291 0.160312 0.830821
55276 31110.048 0.130858 -0.504061 0.158412 0.838871
55276 31140.288 0.133434 -0.490706 0.156472 0.846711
55276 31169.664 0.135977 -0.477228 0.154492 0.854339
55276 31199.904 0.138485 -0.463631 0.152475 0.861754
55276 31230.144 0.140959 -0.449918 0.150419 0.868953
55276 31260.384 0.143397 -0.436092 0.148326 0.875934
55276 31289.76 0.145800 -0.422158 0.146196 0.882696
55276 31320.0 0.148165 -0.408118 0.144029 0.889237
55276 31350.24 0.150494 -0.393976 0.141826 0.895556
55276 31379.616 0.152784 -0.379736 0.139588 0.901650
55276 31409.856 0.155036 -0.365400 0.137316 0.907519
55276 31440.096 0.157250 -0.350974 0.135008 0.913161
55276 31470.336 0.159424 -0.336460 0.132668 0.918574
55276 31499.712 0.161557 -0.321862 0.130294 0.923757
55276 31529.952 0.163651 -0.307184 0.127887 0.928709
55276 31560.192 0.165703 -0.292429 0.125449 0.933429
55276 31590.432 0.167713 -0.277601 0.122979 0.937916
55276 31619.808 0.169682 -0.262704 0.120479 0.942167
55276 31650.048 0.171608 -0.247742 0.117948 0.946183
55276 31680.288 0.173490 -0.232717 0.115388 0.949963
55276 31709.664 0.175330 -0.217635 0.112799 0.953505
55276 31739.904 0.177125 -0.202498 0.110183 0.956808
55276 31770.144 0.178876 -0.187311 0.107538 0.959872
55276 31800.384 0.180582 -0.172077 0.104867 0.962695
55276 31829.76 0.182243 -0.156800 0.102169 0.965278
55276 31860.0 0.183859 -0.141484 0.099446 0.967620
55276 31890.24 0.185428 -0.126133 0.096699 0.969720
55276 31919.616 0.186951 -0.110750 0.093927 0.971577
55276 31949.856 0.188427 -0.095340 0.091131 0.973191
55276 31980.096 0.189856 -0.079906 0.088313 0.974562
55276 32010.336 0.191237 -0.064453 0.085473 0.975689
55276 32039.712 0.192570 -0.048983 0.082611 0.976572
55276 32069.952 0.193856 -0.033501 0.079729 0.977211
55276 32100.192 0.195093 -0.018010 0.076827 0.977605
55276 32130.432 0.196281 -0.002516 0.073905 0.977755
55276 32159.808 0.197419 0.012980 0.070965 0.977661
55276 32190.048 0.198509 0.028472 0.068008 0.977322
55276 32220.288 0.199549 0.043957 0.065033 0.976739
55276 32249.664 0.200539 0.059431 0.062042 0.975911
55276 32279.904 0.201479 0.074890 0.059036 0.974840
55276 32310.144 0.202368 0.090331 0.056015 0.973524
55276 32340.384 0.203207 0.105749 0.052980 0.971966
55276 32369.76 0.203995 0.121140 0.049931 0.970164
55276 32400.0 0.204733 0.136502 0.046870 0.968119
55276 32430.24 0.205419 0.151829 0.043797 0.965833
55276 32459.616 0.206053 0.167119 0.040714 0.963305
55276 32489.856 0.206637 0.182366 0.037620 0.960536
55276 32520.096 0.207168 0.197569 0.034517 0.957526
55276 32550.336 0.207648 0.212722 0.031405 0.954277
55276 32579.712 0.208076 0.227821 0.028285 0.950790
55276 32609.952 0.208452 0.242865 0.025158 0.947065
55276 32640.192 0.208776 0.257847 0.022025 0.943102
55276 32670.432 0.209048 0.272765 0.018886 0.938904
55276 32699.808 0.209268 0.287615 0.015743 0.934471
55276 32730.048 0.209436 0.302394 0.012596 0.929804
55276 32760.288 0.209551 0.317096 0.009445 0.924905
55276 32789.664 0.209614 0.331720 0.006292 0.919774
55276 32819.904 0.209624 0.346261 0.003138 0.914413
55276 32850.144 0.209583 0.360716 -0.000017 0.908823
55276 32880.384 0.209489 0.375080 -0.003172 0.903006
55276 32909.76 0.209342 0.389351 -0.006327 0.896963
55276 32940.0 0.209144 0.403524 -0.009480 0.890695
55276 32970.24 0.208893 0.417597 -0.012630 0.884204
55276 32999.616 0.208590 0.431566 -0.015777 0.877492
55276 33029.856 0.208235 0.445426 -0.018921 0.870560
55276 33060.096 0.207828 0.459176 -0.022059 0.863411
55276 33090.336 0.207369 0.472811 -0.025192 0.856045
55276 33119.712 0.206859 0.486327 -0.028319 0.848465
55276 33149.952 0.206296 0.499723 -0.031438 0.840673
55276 33180.192 0.205683 0.512993 -0.034550 0.832670
55276 33210.432 0.205018 0.526135 -0.037653 0.824459
55276 33239.808 0.204301 0.539145 -0.040746 0.816041
55276 33270.048 0.203534 0.552021 -0.043829 0.807419
55276 33300.288 0.202716 0.564759 -0.046901 0.798595
55276 33329.664 0.201848 0.577356 -0.049962 0.789571
55276 33359.904 0.200929 0.589808 -0.053010 0.780349
55276 33390.144 0.199960 0.602113 -0.056044 0.770932
55276 33420.384 0.198941 0.614267 -0.059064 0.761321
55276 33449.76 0.197872 0.626267 -0.062070 0.751521
55276 33480.0 0.196754 0.638111 -0.065059 0.741532
55276 33510.24 0.195587 0.649796 -0.068033 0.731357
55276 33539.616 0.194371 0.661317 -0.070989 0.720999
55276 33569.856 0.193106 0.672674 -0.073927 0.710461
55276 33600.096 0.191794 0.683862 -0.076847 0.699745
55276 33630.336 0.190433 0.694878 -0.079748 0.688854
55276 33659.712 0.189025 0.705721 -0.082628 0.677790
55276 33689.952 0.187570 0.716388 -0.085488 0.666557
55276 33720.192 0.186068 0.726875 -0.088326 0.655157
55276 33750.432 0.184519 0.737180 -0.091141 0.643592
55276 33779.808 0.182925 0.747301 -0.093934 0.631867
55276 33810.048 0.181284 0.757235 -0.096703 0.619984
55276 33840.288 0.179599 0.766979 -0.099448 0.607946
55276 33869.664 0.177869 0.776531 -0.102168 0.595755
55276 33899.904 0.176094 0.785889 -0.104862 0.583415
55276 33930.144 0.174275 0.795050 -0.107529 0.570930
55276 33960.384 0.172413 0.804012 -0.110170 0.558302
55276 33989.76 0.170508 0.812773 -0.112783 0.545534
55276 34020.0 0.168561 0.821331 -0.115367 0.532629
55276 34050.24 0.166571 0.829682 -0.117923 0.519592
55276 34079.616 0.164539 0.837827 -0.120448 0.506424
55276 34109.856 0.162467 0.845761 -0.122944 0.493130
55276 34140.096 0.160354 0.853484 -0.125408 0.479713
55276 34170.336 0.158201 0.860993 -0.127841 0.466176
55276 34199.712 0.156009 0.868287 -0.130242 0.452522
55276 34229.952 0.153777 0.875363 -0.132610 0.438755
55276 34260.192 0.151508 0.882221 -0.134945 0.424879
55276 34290.432 0.149200 0.888857 -0.137246 0.410896
55276 34319.808 0.146855 0.895272 -0.139512 0.396811
55276 34350.048 0.144474 0.901462 -0.141743 0.382626
55276 34380.288 0.142056 0.907426 -0.143939 0.368347
55276 34409.664 0.139603 0.913164 -0.146098 0.353975
55276 34439.904 0.137115 0.918673 -0.148221 0.339514
55276 34470.144 0.134593 0.923952 -0.150307 0.324969
55276 34500.384 0.132038 0.929000 -0.152354 0.310343
55276 34529.76 0.129449 0.933816 -0.154364 0.295640
55276 34560.0 0.126828 0.938398 -0.156335 0.280862
55276 34590.24 0.124176 0.942745 -0.158266 0.266015
55276 34619.616 0.121492 0.946856 -0.160158 0.251101
55276 34649.856 0.118778 0.950731 -0.162010 0.236125
55276 34680.096 0.116035 0.954368 -0.163821 0.221089
55276 34710.336 0.113262 0.957766 -0.165591 0.205999
55276 34739.712 0.110461 0.960925 -0.167320 0.190857
55276 34769.952 0.107633 0.963843 -0.169006 0.175667
55276 34800.192 0.104778 0.966520 -0.170651 0.160434
55276 34830.432 0.101896 0.968955 -0.172252 0.145161
55276 34859.808 0.098990 0.971149 -0.173810 0.129851
55276 34890.048 0.096058 0.973099 -0.175325 0.114509
55276 34920.288 0.093102 0.974806 -0.176796 0.099139
55276 34949.664 0.090123 0.976269 -0.178223 0.083744
55276 34979.904 0.087122 0.977488 -0.179605 0.068328
55276 35010.144 0.084099 0.978463 -0.180942 0.052894
55276 35040.384 0.081055 0.979193 -0.182234 0.037448
55276 35069.76 0.077990 0.979678 -0.183480 0.021993
55276 35100.0 0.074906 0.979918 -0.184681 0.006531
55276 35130.24 0.071804 0.979913 -0.185835 -0.008931
55276 35159.616 0.068683 0.979663 -0.186942 -0.024392
55276 35189.856 0.065545 0.979168 -0.188003 -0.039846
55276 35220.096 0.062391 0.978429 -0.189017 -0.055291
55276 35250.336 0.059221 0.977444 -0.189984 -0.070721
55276 35279.712 0.056036 0.976215 -0.190903 -0.086135
55276 35309.952 0.052838 0.974743 -0.191775 -0.101526
55276 35340.192 0.049626 0.973026 -0.192598 -0.116893
55276 35370.432 0.046402 0.971066 -0.193374 -0.132230
55276 35399.808 0.043166 0.968863 -0.194101 -0.147534
55276 35430.048 0.039919 0.966418 -0.194780 -0.162801
55276 35460.288 0.036662 0.963731 -0.195410 -0.178028
55276 35489.664 0.033396 0.960803 -0.195991 -0.193211
55276 35519.904 0.309577 0.921660 0.016928 0.233277
55276 35550.144 0.311440 0.926089 0.023563 0.211684
55276 35580.384 0.313116 0.930394 0.029809 0.188248
55276 35609.76 0.314560 0.934538 0.035415 0.162594
55276 35640.0 0.315725 0.938455 0.040070 0.134220
55276 35670.24 0.316561 0.942023 0.043389 0.102463
55276 35699.616 0.317009 0.945027 0.044901 0.066427
55276 35729.856 0.316989 0.947079 0.044034 0.024920
55276 35760.096 0.316376 0.947492 0.040104 -0.023613
55276 35790.336 0.314940 0.945088 0.032333 -0.081086
55276 35819.712 0.312272 0.937937 0.019934 -0.149542
55276 35849.952 0.307674 0.923171 0.002364 -0.230406
55276 35880.192 0.300154 0.897333 -0.020152 -0.322946
55276 35910.432 0.288721 0.857951 -0.045975 -0.422429
55276 35939.808 0.273056 0.806024 -0.071999 -0.520174
55276 35970.048 0.253945 0.746838 -0.094856 -0.607245
55276 36000.288 0.232831 0.687254 -0.112511 -0.678832
55276 36029.664 0.314966 0.754479 -0.033977 -0.574807
55276 36059.904 0.300402 0.700142 -0.055362 -0.645365
55276 36090.144 -0.283517 -0.646258 0.072775 0.704750
55276 36120.384 -0.265079 -0.595988 0.085826 0.753104
55276 36149.76 -0.245665 -0.550863 0.094868 0.791959
55276 36180.0 -0.225643 -0.511174 0.100581 0.823207
55276 36210.24 -0.205248 -0.476530 0.103692 0.848552
55276 36239.616 -0.184657 -0.446268 0.104853 0.869340
55276 36269.856 -0.164033 -0.419678 0.104601 0.886579
55276 36300.096 -0.143537 -0.396108 0.103359 0.901006
55276 36330.336 -0.123332 -0.374999 0.101456 0.913166
55276 36359.712 -0.103573 -0.355889 0.099142 0.923465
55276 36389.952 -0.084400 -0.338400 0.096602 0.932218
55276 36420.192 -0.067902 0.756810 -0.189528 -0.621858
55276 36450.432 -0.071026 0.746866 -0.188539 -0.633718
55276 36479.808 -0.074133 0.736736 -0.187503 -0.645420
55276 36510.048 -0.077221 0.726421 -0.186420 -0.656960
55276 36540.288 -0.080289 0.715924 -0.185291 -0.668336
55276 36569.664 -0.083337 0.705248 -0.184115 -0.679545
55276 36599.904 -0.086364 0.694396 -0.182894 -0.690584
55276 36630.144 0.089370 -0.683369 0.181627 0.701449
55276 36660.384 0.092353 -0.672172 0.180314 0.712140
55276 36689.76 0.095312 -0.660806 0.178957 0.722652
55276 36720.0 0.098248 -0.649275 0.177554 0.732983
55276 36750.24 0.101159 -0.637581 0.176108 0.743131
55276 36779.616 0.104044 -0.625728 0.174618 0.753092
55276 36809.856 0.106904 -0.613718 0.173084 0.762865
55276 36840.096 0.109736 -0.601555 0.171507 0.772448
55276 36870.336 0.112541 -0.589241 0.169887 0.781837
55276 36899.712 0.115317 -0.576779 0.168224 0.791030
55276 36929.952 0.118065 -0.564174 0.166520 0.800025
55276 36960.192 0.120782 -0.551427 0.164774 0.808820
55276 36990.432 0.123470 -0.538543 0.162987 0.817412
55276 37019.808 0.126126 -0.525523 0.161159 0.825800
55276 37050.048 0.128750 -0.512373 0.159291 0.833981
55276 37080.288 0.131342 -0.499094 0.157384 0.841953
55276 37109.664 0.133901 -0.485690 0.155437 0.849715
55276 37139.904 0.136427 -0.472165 0.153451 0.857263
55276 37170.144 0.138918 -0.458522 0.151427 0.864598
55276 37200.384 0.141374 -0.444765 0.149365 0.871716
55276 37229.76 0.143795 -0.430896 0.147266 0.878615
55276 37260.0 0.146179 -0.416920 0.145130 0.885295
55276 37290.24 0.148527 -0.402839 0.142958 0.891753
55276 37319.616 0.150837 -0.388658 0.140750 0.897988
55276 37349.856 0.153110 -0.374380 0.138507 0.903998
55276 37380.096 0.155344 -0.360008 0.136230 0.909782
55276 37410.336 0.157539 -0.345547 0.133918 0.915339
55276 37439.712 0.159694 -0.330999 0.131573 0.920666
55276 37469.952 0.161810 -0.316369 0.129195 0.925763
55276 37500.192 0.163885 -0.301659 0.126785 0.930628
55276 37530.432 0.165918 -0.286875 0.124344 0.935261
55276 37559.808 0.167910 -0.272019 0.121871 0.939659
55276 37590.048 0.169860 -0.257095 0.119368 0.943823
55276 37620.288 0.171767 -0.242107 0.116835 0.947750
55276 37649.664 0.173632 -0.227058 0.114273 0.951440
55276 37679.904 0.175452 -0.211953 0.111683 0.954892
55276 37710.144 0.177229 -0.196795 0.109064 0.958106
55276 37740.384 0.178961 -0.181588 0.106418 0.961079
55276 37769.76 0.180649 -0.166336 0.103746 0.963813
55276 37800.0 0.182291 -0.151042 0.101048 0.966305
