CIC_AEM_VERS = 1.0
CREATION_DATE  = 1996-11-04T17:22:31
ORIGINATOR     = CNES

META_START

COMMENT Cic infos
COMMENT Info generated from c:/Documents and Settings/mjt/Desktop/ephemeris.cic
COMMENT
COMMENT Labels SATELLITE POSITION SATELLITE VELOCITY
COMMENT Units km km/s
COMMENT Agate infos
COMMENT Bulletin Initial en parametres : MOSAIQ (MOYEN)
COMMENT Date : 21/03/2012 a  00:00:00.000000 ; date julienne :  22725.0000000
COMMENT Demi gd axe =    7072.000 km
COMMENT Excentricite =  0.000012
COMMENT Inclinaison =  82.00000 deg
COMMENT Petit omega =   0.00000 deg
COMMENT Grand omega =   0.00000 deg
COMMENT Hlo vraie NA =  12.07060 h
COMMENT Anomalie moyenne =   0.40500 deg
COMMENT Altitude apogee/perigee =   693.775 /   693.951 km

COMMENT Variations moyennes (dues au J2 seulement) :
COMMENT pomm  -3.1347052 deg/jour
COMMENT gomm  -0.9660956 deg/jour
COMMENT amm   14.5887853  tr/jour

COMMENT Periode orbitale =   5918.67 secondes ;  1.6441 heures
COMMENT Pulsation orbite =0.00106 rad/s
COMMENT Periode nodale   =   5925.89 secondes ;  1.6461 heures

COMMENT Date de debut de simulation : 10/07/2014 a  00:00:00.000 ; date julienne :  23566.0000000
COMMENT Date de fin de simulation : 11/07/2014 a  00:00:00.000 ; date julienne :  23567.0000000
COMMENT Pas de simulation :  10.000 s
COMMENT Duree du calcul   :   1.00000 jours

COMMENT Definition du repere orbital local (eq. QSW) :
COMMENT x = normal au rayon vecteur (a  z), vers la vitesse (x = y vectoriel z)
COMMENT y = parallele au moment cinetique (normale positive a l'orbite)
COMMENT z = geocentrique ascendante

OBJECT_NAME = Rosetta
OBJECT_ID = Rosetta

REF_FRAME_A = EME2000
REF_FRAME_B = SC_BODY_1
ATTITUDE_DIR = A2B

TIME_SYSTEM = UTC

ATTITUDE_TYPE = QUATERNION

META_STOP
54922 0.0 -0.0962 -0.0200 -0.2018 0.9745
54922 0.9999936 -0.0962 -0.0200 -0.2018 0.9745
54922 1.9999872 -0.0962 -0.0200 -0.2018 0.9745
54922 2.9999808 -0.0962 -0.0200 -0.2018 0.9745
54922 3.9999744 -0.0962 -0.0200 -0.2018 0.9745
54922 4.999968 -0.0962 -0.0200 -0.2018 0.9745
54922 5.9999616 -0.0962 -0.0200 -0.2018 0.9745
54922 7.0000416 -0.0962 -0.0200 -0.2018 0.9745
54922 8.0000352 -0.0962 -0.0200 -0.2018 0.9745
54922 9.0000288 -0.0962 -0.0200 -0.2018 0.9745
54922 10.0000224 -0.0962 -0.0200 -0.2018 0.9745
54922 11.000016 -0.0962 -0.0200 -0.2018 0.9745
54922 12.0000096 -0.0962 -0.0200 -0.2018 0.9745
54922 13.0000032 -0.0962 -0.0200 -0.2018 0.9745
54922 13.9999968 -0.0962 -0.0200 -0.2018 0.9745
54922 14.9999904 -0.0962 -0.0200 -0.2018 0.9745
54922 15.999984 -0.0962 -0.0200 -0.2018 0.9745
54922 16.9999776 -0.0962 -0.0200 -0.2018 0.9745
54922 17.9999712 -0.0962 -0.0200 -0.2019 0.9745
54922 18.9999648 -0.0962 -0.0200 -0.2019 0.9745
54922 19.9999584 -0.0962 -0.0200 -0.2019 0.9745
54922 21.0000384 -0.0962 -0.0200 -0.2019 0.9745
54922 22.000032 -0.0962 -0.0200 -0.2019 0.9745
54922 23.0000256 -0.0962 -0.0200 -0.2019 0.9745
54922 24.0000192 -0.0962 -0.0200 -0.2019 0.9745
54922 25.0000128 -0.0962 -0.0200 -0.2019 0.9745
54922 26.0000064 -0.0962 -0.0200 -0.2019 0.9745
54922 27.0 -0.0962 -0.0200 -0.2019 0.9745
54922 27.9999936 -0.0962 -0.0200 -0.2019 0.9745
54922 28.9999872 -0.0962 -0.0200 -0.2019 0.9745
54922 29.9999808 -0.0962 -0.0200 -0.2019 0.9745
54922 30.9999744 -0.0962 -0.0200 -0.2019 0.9745
54922 31.999968 -0.0962 -0.0200 -0.2019 0.9745
54922 32.9999616 -0.0962 -0.0200 -0.2019 0.9745
54922 34.0000416 -0.0962 -0.0200 -0.2019 0.9745
54922 35.0000352 -0.0962 -0.0200 -0.2019 0.9745
54922 36.0000288 -0.0962 -0.0200 -0.2019 0.9745
54922 37.0000224 -0.0962 -0.0200 -0.2019 0.9745
54922 38.000016 -0.0962 -0.0200 -0.2019 0.9745
54922 39.0000096 -0.0962 -0.0200 -0.2019 0.9745
54922 40.0000032 -0.0962 -0.0200 -0.2019 0.9745
54922 40.9999968 -0.0962 -0.0200 -0.2019 0.9745
54922 41.9999904 -0.0962 -0.0200 -0.2019 0.9745
54922 42.999984 -0.0962 -0.0200 -0.2019 0.9745
54922 43.9999776 -0.0962 -0.0200 -0.2019 0.9745
54922 44.9999712 -0.0962 -0.0200 -0.2019 0.9745
54922 45.9999648 -0.0962 -0.0200 -0.2019 0.9745
54922 46.9999584 -0.0962 -0.0200 -0.2019 0.9745
54922 48.0000384 -0.0962 -0.0200 -0.2019 0.9745
54922 49.000032 -0.0962 -0.0200 -0.2019 0.9745
54922 50.0000256 -0.0962 -0.0200 -0.2019 0.9745
54922 51.0000192 -0.0962 -0.0200 -0.2019 0.9745
54922 52.0000128 -0.0962 -0.0200 -0.2019 0.9745
54922 53.0000064 -0.0962 -0.0200 -0.2019 0.9745
54922 54.0 -0.0962 -0.0200 -0.2019 0.9745
54922 54.9999936 -0.0962 -0.0200 -0.2019 0.9745
54922 55.9999872 -0.0962 -0.0200 -0.2019 0.9745
54922 56.9999808 -0.0962 -0.0200 -0.2019 0.9745
54922 57.9999744 -0.0962 -0.0200 -0.2019 0.9745
54922 58.999968 -0.0962 -0.0200 -0.2019 0.9745
54922 59.9999616 -0.0962 -0.0200 -0.2019 0.9745
54922 61.0000416 -0.0962 -0.0200 -0.2019 0.9745
54922 62.0000352 -0.0962 -0.0200 -0.2019 0.9745
54922 63.0000288 -0.0962 -0.0200 -0.2019 0.9745
54922 64.0000224 -0.0962 -0.0200 -0.2019 0.9745
54922 65.000016 -0.0962 -0.0200 -0.2019 0.9745
54922 66.0000096 -0.0962 -0.0200 -0.2019 0.9745
54922 67.0000032 -0.0962 -0.0200 -0.2019 0.9745
54922 67.9999968 -0.0962 -0.0200 -0.2019 0.9745
54922 68.9999904 -0.0962 -0.0200 -0.2019 0.9745
54922 69.999984 -0.0962 -0.0200 -0.2019 0.9745
54922 70.9999776 -0.0962 -0.0200 -0.2019 0.9745
54922 71.9999712 -0.0962 -0.0200 -0.2019 0.9745
54922 72.9999648 -0.0962 -0.0200 -0.2019 0.9745
54922 73.9999584 -0.0962 -0.0200 -0.2019 0.9745
54922 75.0000384 -0.0962 -0.0200 -0.2019 0.9745
54922 76.000032 -0.0962 -0.0200 -0.2019 0.9745
54922 77.0000256 -0.0962 -0.0200 -0.2019 0.9745
54922 78.0000192 -0.0962 -0.0200 -0.2019 0.9745
54922 79.0000128 -0.0962 -0.0200 -0.2019 0.9745
54922 80.0000064 -0.0962 -0.0200 -0.2019 0.9745
54922 81.0 -0.0962 -0.0200 -0.2019 0.9745
54922 81.9999936 -0.0962 -0.0200 -0.2019 0.9745
54922 82.9999872 -0.0962 -0.0200 -0.2019 0.9745
54922 83.9999808 -0.0962 -0.0200 -0.2019 0.9745
54922 84.9999744 -0.0962 -0.0200 -0.2019 0.9745
54922 85.999968 -0.0962 -0.0200 -0.2019 0.9745
54922 86.9999616 -0.0962 -0.0200 -0.2019 0.9745
54922 88.0000416 -0.0962 -0.0200 -0.2019 0.9745
54922 89.0000352 -0.0962 -0.0200 -0.2019 0.9745
54922 90.0000288 -0.0962 -0.0200 -0.2019 0.9745
54922 91.0000224 -0.0962 -0.0200 -0.2019 0.9745
54922 92.000016 -0.0962 -0.0200 -0.2019 0.9745
54922 93.0000096 -0.0962 -0.0200 -0.2020 0.9745
54922 94.0000032 -0.0962 -0.0200 -0.2020 0.9745
54922 94.9999968 -0.0962 -0.0200 -0.2020 0.9745
54922 95.9999904 -0.0962 -0.0200 -0.2020 0.9745
54922 96.999984 -0.0962 -0.0200 -0.2020 0.9745
54922 97.9999776 -0.0962 -0.0200 -0.2020 0.9745
54922 98.9999712 -0.0962 -0.0200 -0.2020 0.9745
54922 99.9999648 -0.0962 -0.0200 -0.2020 0.9745
54922 100.9999584 -0.0962 -0.0200 -0.2020 0.9745
54922 102.0000384 -0.0962 -0.0200 -0.2020 0.9744
54922 103.000032 -0.0962 -0.0200 -0.2020 0.9744
54922 104.0000256 -0.0962 -0.0200 -0.2020 0.9744
54922 105.0000192 -0.0962 -0.0200 -0.2020 0.9744
54922 106.0000128 0.5952 0.4743 0.4699 -0.4472
54922 107.0000064 0.5954 0.4740 0.4696 -0.4475
54922 108.0 0.5957 0.4738 0.4693 -0.4477
54922 108.9999936 0.5959 0.4736 0.4690 -0.4480
54922 109.9999872 0.5962 0.4733 0.4686 -0.4482
54922 110.9999808 0.5964 0.4731 0.4683 -0.4485
54922 111.9999744 0.5967 0.4729 0.4680 -0.4487
54922 112.999968 0.5969 0.4726 0.4677 -0.4490
54922 113.9999616 0.5972 0.4724 0.4674 -0.4492
54922 115.0000416 0.5974 0.4721 0.4671 -0.4495
54922 116.0000352 0.5977 0.4719 0.4668 -0.4497
54922 117.0000288 0.5979 0.4717 0.4664 -0.4500
54922 118.0000224 0.5982 0.4714 0.4661 -0.4502
54922 119.000016 0.5984 0.4712 0.4658 -0.4505
54922 120.0000096 0.5986 0.4710 0.4655 -0.4507
54922 121.0000032 0.5989 0.4707 0.4652 -0.4510
54922 121.9999968 0.5991 0.4705 0.4649 -0.4512
54922 122.9999904 0.5994 0.4702 0.4645 -0.4515
54922 123.999984 0.5996 0.4700 0.4642 -0.4517
54922 124.9999776 0.5999 0.4698 0.4639 -0.4520
54922 125.9999712 0.6001 0.4695 0.4636 -0.4522
54922 126.9999648 0.6004 0.4693 0.4633 -0.4525
54922 127.9999584 0.6006 0.4690 0.4629 -0.4527
54922 129.0000384 0.6009 0.4688 0.4626 -0.4529
54922 130.000032 0.6011 0.4686 0.4623 -0.4532
54922 131.0000256 0.6013 0.4683 0.4620 -0.4534
54922 132.0000192 0.6016 0.4681 0.4617 -0.4537
54922 133.0000128 0.6018 0.4679 0.4614 -0.4539
54922 134.0000064 0.6021 0.4676 0.4610 -0.4542
54922 135.0 0.6023 0.4674 0.4607 -0.4544
54922 135.9999936 0.6026 0.4671 0.4604 -0.4547
54922 136.9999872 0.6028 0.4669 0.4601 -0.4549
54922 137.9999808 0.6031 0.4666 0.4598 -0.4552
54922 138.9999744 0.6033 0.4664 0.4594 -0.4554
54922 139.999968 0.6035 0.4662 0.4591 -0.4557
54922 140.9999616 0.6038 0.4659 0.4588 -0.4559
54922 142.0000416 0.6040 0.4657 0.4585 -0.4562
54922 143.0000352 0.6043 0.4654 0.4582 -0.4564
54922 144.0000288 0.6045 0.4652 0.4579 -0.4567
54922 145.0000224 0.6047 0.4650 0.4575 -0.4569
54922 146.000016 0.6050 0.4647 0.4572 -0.4571
54922 147.0000096 0.6052 0.4645 0.4569 -0.4574
54922 148.0000032 0.6055 0.4642 0.4566 -0.4576
54922 148.9999968 0.6057 0.4640 0.4563 -0.4579
54922 149.9999904 0.6060 0.4638 0.4559 -0.4581
54922 150.999984 0.6062 0.4635 0.4556 -0.4584
54922 151.9999776 0.6064 0.4633 0.4553 -0.4586
54922 152.9999712 0.6067 0.4630 0.4550 -0.4589
54922 153.9999648 0.6069 0.4628 0.4547 -0.4591
54922 154.9999584 0.6072 0.4625 0.4543 -0.4593
54922 156.0000384 0.6074 0.4623 0.4540 -0.4596
54922 157.000032 0.6076 0.4621 0.4537 -0.4598
54922 158.0000256 0.6079 0.4618 0.4534 -0.4601
54922 159.0000192 0.6081 0.4616 0.4530 -0.4603
54922 160.0000128 0.6084 0.4613 0.4527 -0.4606
54922 161.0000064 0.6086 0.4611 0.4524 -0.4608
54922 162.0 0.6088 0.4608 0.4521 -0.4611
54922 162.9999936 0.6091 0.4606 0.4518 -0.4613
54922 163.9999872 0.6093 0.4603 0.4514 -0.4615
54922 164.9999808 0.6096 0.4601 0.4511 -0.4618
54922 165.9999744 0.6098 0.4599 0.4508 -0.4620
54922 166.999968 0.6100 0.4596 0.4505 -0.4623
54922 167.9999616 0.6103 0.4594 0.4501 -0.4625
54922 169.0000416 0.6105 0.4591 0.4498 -0.4628
54922 170.0000352 0.6107 0.4589 0.4495 -0.4630
54922 171.0000288 0.6110 0.4586 0.4492 -0.4632
54922 172.0000224 0.6112 0.4584 0.4489 -0.4635
54922 173.000016 0.6115 0.4581 0.4485 -0.4637
54922 174.0000096 0.6117 0.4579 0.4482 -0.4640
54922 175.0000032 0.6119 0.4577 0.4479 -0.4642
54922 175.9999968 0.6122 0.4574 0.4476 -0.4645
54922 176.9999904 0.6124 0.4572 0.4472 -0.4647
54922 177.999984 0.6126 0.4569 0.4469 -0.4649
54922 178.9999776 0.6129 0.4567 0.4466 -0.4652
54922 179.9999712 0.6131 0.4564 0.4463 -0.4654
54922 180.9999648 0.6133 0.4562 0.4459 -0.4657
54922 181.9999584 0.6136 0.4559 0.4456 -0.4659
54922 183.0000384 0.6138 0.4557 0.4453 -0.4661
54922 184.000032 0.6141 0.4554 0.4450 -0.4664
54922 185.0000256 0.6143 0.4552 0.4446 -0.4666
54922 186.0000192 0.6145 0.4549 0.4443 -0.4669
54922 187.0000128 0.6148 0.4547 0.4440 -0.4671
54922 188.0000064 0.6150 0.4545 0.4437 -0.4673
54922 189.0 0.6152 0.4542 0.4433 -0.4676
54922 189.9999936 0.6155 0.4540 0.4430 -0.4678
54922 190.9999872 0.6157 0.4537 0.4427 -0.4681
54922 191.9999808 0.6159 0.4535 0.4424 -0.4683
54922 192.9999744 0.6162 0.4532 0.4420 -0.4685
54922 193.999968 0.6164 0.4530 0.4417 -0.4688
54922 194.9999616 0.6166 0.4527 0.4414 -0.4690
54922 196.0000416 0.6169 0.4525 0.4411 -0.4693
54922 197.0000352 0.6171 0.4522 0.4407 -0.4695
54922 198.0000288 0.6173 0.4520 0.4404 -0.4697
54922 199.0000224 0.6176 0.4517 0.4401 -0.4700
54922 200.000016 0.6178 0.4515 0.4398 -0.4702
54922 201.0000096 0.6180 0.4512 0.4394 -0.4705
54922 202.0000032 0.6183 0.4510 0.4391 -0.4707
54922 202.9999968 0.6185 0.4507 0.4388 -0.4709
54922 203.9999904 0.6187 0.4505 0.4384 -0.4712
54922 204.999984 0.6190 0.4502 0.4381 -0.4714
54922 205.9999776 0.6192 0.4500 0.4378 -0.4717
54922 206.9999712 0.6194 0.4497 0.4375 -0.4719
54922 207.9999648 0.6197 0.4495 0.4371 -0.4721
54922 208.9999584 0.6199 0.4492 0.4368 -0.4724
54922 210.0000384 0.6201 0.4490 0.4365 -0.4726
54922 211.000032 0.6203 0.4487 0.4362 -0.4728
54922 212.0000256 0.6206 0.4485 0.4358 -0.4731
54922 213.0000192 0.6208 0.4482 0.4355 -0.4733
54922 214.0000128 0.6210 0.4480 0.4352 -0.4736
54922 215.0000064 0.6213 0.4477 0.4348 -0.4738
54922 216.0 0.6215 0.4475 0.4345 -0.4740
54922 216.9999936 0.6217 0.4472 0.4342 -0.4743
54922 217.9999872 0.6220 0.4470 0.4339 -0.4745
54922 218.9999808 0.6222 0.4467 0.4335 -0.4747
54922 219.9999744 0.6224 0.4465 0.4332 -0.4750
54922 220.999968 0.6226 0.4462 0.4329 -0.4752
54922 221.9999616 0.6229 0.4460 0.4325 -0.4754
54922 223.0000416 0.6231 0.4457 0.4322 -0.4757
54922 224.0000352 0.6233 0.4455 0.4319 -0.4759
54922 225.0000288 0.6236 0.4452 0.4316 -0.4762
54922 226.0000224 0.6238 0.4450 0.4312 -0.4764
54922 227.000016 0.6240 0.4447 0.4309 -0.4766
54922 228.0000096 0.6242 0.4445 0.4306 -0.4769
54922 229.0000032 0.6245 0.4442 0.4302 -0.4771
54922 229.9999968 0.6247 0.4440 0.4299 -0.4773
54922 230.9999904 0.6249 0.4437 0.4296 -0.4776
54922 231.999984 0.6251 0.4435 0.4292 -0.4778
54922 232.9999776 0.6254 0.4432 0.4289 -0.4780
54922 233.9999712 0.6256 0.4430 0.4286 -0.4783
54922 234.9999648 0.6258 0.4427 0.4282 -0.4785
54922 235.9999584 0.6261 0.4424 0.4279 -0.4787
54922 237.0000384 0.6263 0.4422 0.4276 -0.4790
54922 238.000032 0.6265 0.4419 0.4273 -0.4792
54922 239.0000256 0.6267 0.4417 0.4269 -0.4794
54922 240.0000192 0.6270 0.4414 0.4266 -0.4797
54922 241.0000128 0.6272 0.4412 0.4263 -0.4799
54922 242.0000064 0.6274 0.4409 0.4259 -0.4801
54922 243.0 0.6276 0.4407 0.4256 -0.4804
54922 243.9999936 0.6279 0.4404 0.4253 -0.4806
54922 244.9999872 0.6281 0.4402 0.4249 -0.4808
54922 245.9999808 0.6283 0.4399 0.4246 -0.4811
54922 246.9999744 0.6285 0.4397 0.4243 -0.4813
54922 247.999968 0.6288 0.4394 0.4239 -0.4815
54922 248.9999616 0.6290 0.4391 0.4236 -0.4818
54922 250.0000416 0.6292 0.4389 0.4233 -0.4820
54922 251.0000352 0.6294 0.4386 0.4229 -0.4822
54922 252.0000288 0.6297 0.4384 0.4226 -0.4825
54922 253.0000224 0.6299 0.4381 0.4223 -0.4827
54922 254.000016 0.6301 0.4379 0.4219 -0.4829
54922 255.0000096 0.6303 0.4376 0.4216 -0.4832
54922 256.0000032 0.6305 0.4374 0.4213 -0.4834
54922 256.9999968 0.6308 0.4371 0.4209 -0.4836
54922 257.9999904 0.6310 0.4368 0.4206 -0.4838
54922 258.999984 0.6312 0.4366 0.4203 -0.4841
54922 259.9999776 0.6314 0.4363 0.4199 -0.4843
54922 260.9999712 0.6317 0.4361 0.4196 -0.4845
54922 261.9999648 0.6319 0.4358 0.4193 -0.4848
54922 262.9999584 0.6321 0.4356 0.4189 -0.4850
54922 264.0000384 0.6323 0.4353 0.4186 -0.4852
54922 265.000032 0.6325 0.4351 0.4183 -0.4855
54922 266.0000256 0.6328 0.4348 0.4179 -0.4857
54922 267.0000192 0.6330 0.4345 0.4176 -0.4859
54922 268.0000128 0.6332 0.4343 0.4173 -0.4862
54922 269.0000064 0.6334 0.4340 0.4169 -0.4864
54922 270.0 0.6336 0.4338 0.4166 -0.4866
54922 270.9999936 0.6339 0.4335 0.4163 -0.4868
54922 271.9999872 0.6341 0.4333 0.4159 -0.4871
54922 272.9999808 0.6343 0.4330 0.4156 -0.4873
54922 273.9999744 0.6345 0.4327 0.4152 -0.4875
54922 274.999968 0.6347 0.4325 0.4149 -0.4878
54922 275.9999616 0.6350 0.4322 0.4146 -0.4880
54922 277.0000416 0.6352 0.4320 0.4142 -0.4882
54922 278.0000352 0.6354 0.4317 0.4139 -0.4884
54922 279.0000288 0.6356 0.4314 0.4136 -0.4887
54922 280.0000224 0.6358 0.4312 0.4132 -0.4889
54922 281.000016 0.6361 0.4309 0.4129 -0.4891
54922 282.0000096 0.6363 0.4307 0.4126 -0.4894
54922 283.0000032 0.6365 0.4304 0.4122 -0.4896
54922 283.9999968 0.6367 0.4302 0.4119 -0.4898
54922 284.9999904 0.6369 0.4299 0.4116 -0.4900
54922 285.999984 0.6371 0.4296 0.4112 -0.4903
54922 286.9999776 0.6374 0.4294 0.4109 -0.4905
54922 287.9999712 0.6376 0.4291 0.4105 -0.4907
54922 288.9999648 0.6378 0.4289 0.4102 -0.4909
54922 289.9999584 0.6380 0.4286 0.4099 -0.4912
54922 291.0000384 0.6382 0.4283 0.4095 -0.4914
54922 292.000032 0.6385 0.4281 0.4092 -0.4916
54922 293.0000256 0.6387 0.4278 0.4089 -0.4918
54922 294.0000192 0.6389 0.4276 0.4085 -0.4921
54922 295.0000128 0.6391 0.4273 0.4082 -0.4923
54922 296.0000064 0.6393 0.4270 0.4078 -0.4925
54922 297.0 0.6395 0.4268 0.4075 -0.4928
54922 297.9999936 0.6397 0.4265 0.4072 -0.4930
54922 298.9999872 0.6400 0.4263 0.4068 -0.4932
54922 299.9999808 0.6402 0.4260 0.4065 -0.4934
54922 300.9999744 0.6404 0.4257 0.4061 -0.4937
54922 301.999968 0.6406 0.4255 0.4058 -0.4939
54922 302.9999616 0.6408 0.4252 0.4055 -0.4941
54922 304.0000416 0.6410 0.4249 0.4051 -0.4943
54922 305.0000352 0.6412 0.4247 0.4048 -0.4946
54922 306.0000288 0.6415 0.4244 0.4045 -0.4948
54922 307.0000224 0.6417 0.4242 0.4041 -0.4950
54922 308.000016 0.6419 0.4239 0.4038 -0.4952
54922 309.0000096 0.6421 0.4236 0.4034 -0.4955
54922 310.0000032 0.6423 0.4234 0.4031 -0.4957
54922 310.9999968 0.6425 0.4231 0.4028 -0.4959
54922 311.9999904 0.6427 0.4229 0.4024 -0.4961
54922 312.999984 0.6430 0.4226 0.4021 -0.4963
54922 313.9999776 0.6432 0.4223 0.4017 -0.4966
54922 314.9999712 0.6434 0.4221 0.4014 -0.4968
54922 315.9999648 0.6436 0.4218 0.4011 -0.4970
54922 316.9999584 0.6438 0.4215 0.4007 -0.4972
54922 318.0000384 0.6440 0.4213 0.4004 -0.4975
54922 319.000032 0.6442 0.4210 0.4000 -0.4977
54922 320.0000256 0.6444 0.4208 0.3997 -0.4979
54922 321.0000192 0.6447 0.4205 0.3993 -0.4981
54922 322.0000128 0.6449 0.4202 0.3990 -0.4984
54922 323.0000064 0.6451 0.4200 0.3987 -0.4986
54922 324.0 0.6453 0.4197 0.3983 -0.4988
54922 324.9999936 0.6455 0.4194 0.3980 -0.4990
54922 325.9999872 0.6457 0.4192 0.3976 -0.4992
54922 326.9999808 0.6459 0.4189 0.3973 -0.4995
54922 327.9999744 0.6461 0.4186 0.3970 -0.4997
54922 328.999968 0.6463 0.4184 0.3966 -0.4999
54922 329.9999616 0.6465 0.4181 0.3963 -0.5001
54922 331.0000416 0.6468 0.4178 0.3959 -0.5003
54922 332.0000352 0.6470 0.4176 0.3956 -0.5006
54922 333.0000288 0.6472 0.4173 0.3952 -0.5008
54922 334.0000224 0.6474 0.4171 0.3949 -0.5010
54922 335.000016 0.6476 0.4168 0.3946 -0.5012
54922 336.0000096 0.6478 0.4165 0.3942 -0.5015
54922 337.0000032 0.6480 0.4163 0.3939 -0.5017
54922 337.9999968 0.6482 0.4160 0.3935 -0.5019
54922 338.9999904 0.6484 0.4157 0.3932 -0.5021
54922 339.999984 0.6486 0.4155 0.3929 -0.5023
54922 340.9999776 0.6488 0.4152 0.3925 -0.5026
54922 341.9999712 0.6490 0.4149 0.3922 -0.5028
54922 342.9999648 0.6493 0.4147 0.3918 -0.5030
54922 343.9999584 0.6495 0.4144 0.3915 -0.5032
54922 345.0000384 0.6497 0.4141 0.3911 -0.5034
54922 346.000032 0.6499 0.4139 0.3908 -0.5036
54922 347.0000256 0.6501 0.4136 0.3904 -0.5039
54922 348.0000192 0.6503 0.4133 0.3901 -0.5041
54922 349.0000128 0.6505 0.4131 0.3898 -0.5043
54922 350.0000064 0.6507 0.4128 0.3894 -0.5045
54922 351.0 0.6509 0.4125 0.3891 -0.5047
54922 351.9999936 0.6511 0.4123 0.3887 -0.5050
54922 352.9999872 0.6513 0.4120 0.3884 -0.5052
54922 353.9999808 0.6515 0.4117 0.3880 -0.5054
54922 354.9999744 0.6517 0.4115 0.3877 -0.5056
54922 355.999968 0.6519 0.4112 0.3873 -0.5058
54922 356.9999616 0.6521 0.4109 0.3870 -0.5060
54922 358.0000416 0.6523 0.4107 0.3867 -0.5063
54922 359.0000352 0.6525 0.4104 0.3863 -0.5065
54922 360.0000288 0.6528 0.4101 0.3860 -0.5067
54922 361.0000224 0.6530 0.4099 0.3856 -0.5069
54922 362.000016 0.6532 0.4096 0.3853 -0.5071
54922 363.0000096 0.6534 0.4093 0.3849 -0.5074
54922 364.0000032 0.6536 0.4091 0.3846 -0.5076
54922 364.9999968 0.6538 0.4088 0.3842 -0.5078
54922 365.9999904 0.6540 0.4085 0.3839 -0.5080
54922 366.999984 0.6542 0.4082 0.3835 -0.5082
54922 367.9999776 0.6544 0.4080 0.3832 -0.5084
54922 368.9999712 0.6546 0.4077 0.3829 -0.5086
54922 369.9999648 0.6548 0.4074 0.3825 -0.5089
54922 370.9999584 0.6550 0.4072 0.3822 -0.5091
54922 372.0000384 0.6552 0.4069 0.3818 -0.5093
54922 373.000032 0.6554 0.4066 0.3815 -0.5095
54922 374.0000256 0.6556 0.4064 0.3811 -0.5097
54922 375.0000192 0.6558 0.4061 0.3808 -0.5099
54922 376.0000128 0.6560 0.4058 0.3804 -0.5102
54922 377.0000064 0.6562 0.4056 0.3801 -0.5104
54922 378.0 0.6564 0.4053 0.3797 -0.5106
54922 378.9999936 0.6566 0.4050 0.3794 -0.5108
54922 379.9999872 0.6568 0.4047 0.3790 -0.5110
54922 380.9999808 0.6570 0.4045 0.3787 -0.5112
54922 381.9999744 0.6572 0.4042 0.3783 -0.5114
54922 382.999968 0.6574 0.4039 0.3780 -0.5117
54922 383.9999616 0.6576 0.4037 0.3776 -0.5119
54922 385.0000416 0.6578 0.4034 0.3773 -0.5121
54922 386.0000352 0.6580 0.4031 0.3770 -0.5123
54922 387.0000288 0.6582 0.4028 0.3766 -0.5125
54922 388.0000224 0.6584 0.4026 0.3763 -0.5127
54922 389.000016 0.6586 0.4023 0.3759 -0.5129
54922 390.0000096 0.6588 0.4020 0.3756 -0.5131
54922 391.0000032 0.6590 0.4018 0.3752 -0.5134
54922 391.9999968 0.6592 0.4015 0.3749 -0.5136
54922 392.9999904 0.6594 0.4012 0.3745 -0.5138
54922 393.999984 0.6596 0.4009 0.3742 -0.5140
54922 394.9999776 0.6598 0.4007 0.3738 -0.5142
54922 395.9999712 0.6600 0.4004 0.3735 -0.5144
54922 396.9999648 0.6602 0.4001 0.3731 -0.5146
54922 397.9999584 0.6604 0.3999 0.3728 -0.5148
54922 399.0000384 0.6606 0.3996 0.3724 -0.5151
54922 400.000032 0.6608 0.3993 0.3721 -0.5153
54922 401.0000256 0.6610 0.3990 0.3717 -0.5155
54922 402.0000192 0.6612 0.3988 0.3714 -0.5157
54922 403.0000128 0.6614 0.3985 0.3710 -0.5159
54922 404.0000064 0.6616 0.3982 0.3707 -0.5161
54922 405.0 0.6618 0.3979 0.3703 -0.5163
54922 405.9999936 0.6619 0.3977 0.3700 -0.5165
54922 406.9999872 0.6621 0.3974 0.3696 -0.5167
54922 407.9999808 0.6623 0.3971 0.3693 -0.5169
54922 408.9999744 0.6625 0.3969 0.3689 -0.5172
54922 409.999968 0.6627 0.3966 0.3686 -0.5174
54922 410.9999616 0.6629 0.3963 0.3682 -0.5176
54922 412.0000416 0.6631 0.3960 0.3679 -0.5178
54922 413.0000352 0.6633 0.3958 0.3675 -0.5180
54922 414.0000288 0.6635 0.3955 0.3672 -0.5182
54922 415.0000224 0.6637 0.3952 0.3668 -0.5184
54922 416.000016 0.6639 0.3949 0.3665 -0.5186
54922 417.0000096 0.6641 0.3947 0.3661 -0.5188
54922 418.0000032 0.6643 0.3944 0.3658 -0.5190
54922 418.9999968 0.6645 0.3941 0.3654 -0.5193
54922 419.9999904 0.6647 0.3938 0.3651 -0.5195
54922 420.999984 0.6649 0.3936 0.3647 -0.5197
54922 421.9999776 0.6651 0.3933 0.3644 -0.5199
54922 422.9999712 0.6652 0.3930 0.3640 -0.5201
54922 423.9999648 0.6654 0.3927 0.3637 -0.5203
54922 424.9999584 0.6656 0.3925 0.3633 -0.5205
54922 426.0000384 0.6658 0.3922 0.3629 -0.5207
54922 427.000032 0.6660 0.3919 0.3626 -0.5209
54922 428.0000256 0.6662 0.3916 0.3622 -0.5211
54922 429.0000192 0.6664 0.3914 0.3619 -0.5213
54922 430.0000128 0.6666 0.3911 0.3615 -0.5215
54922 431.0000064 0.6668 0.3908 0.3612 -0.5217
54922 432.0 0.6670 0.3905 0.3608 -0.5219
54922 432.9999936 0.6672 0.3903 0.3605 -0.5222
54922 433.9999872 0.6674 0.3900 0.3601 -0.5224
54922 434.9999808 0.6675 0.3897 0.3598 -0.5226
54922 435.9999744 0.6677 0.3894 0.3594 -0.5228
54922 436.999968 0.6679 0.3892 0.3591 -0.5230
54922 437.9999616 0.6681 0.3889 0.3587 -0.5232
54922 439.0000416 0.6683 0.3886 0.3584 -0.5234
54922 440.0000352 0.6685 0.3883 0.3580 -0.5236
54922 441.0000288 0.6687 0.3880 0.3577 -0.5238
54922 442.0000224 0.6689 0.3878 0.3573 -0.5240
54922 443.000016 0.6691 0.3875 0.3569 -0.5242
54922 444.0000096 0.6693 0.3872 0.3566 -0.5244
54922 445.0000032 0.6694 0.3869 0.3562 -0.5246
54922 445.9999968 0.6696 0.3867 0.3559 -0.5248
54922 446.9999904 0.6698 0.3864 0.3555 -0.5250
54922 447.999984 0.6700 0.3861 0.3552 -0.5252
54922 448.9999776 0.6702 0.3858 0.3548 -0.5254
54922 449.9999712 0.6704 0.3855 0.3545 -0.5256
54922 450.9999648 0.6706 0.3853 0.3541 -0.5258
54922 451.9999584 0.6708 0.3850 0.3538 -0.5261
54922 453.0000384 0.6709 0.3847 0.3534 -0.5263
54922 454.000032 0.6711 0.3844 0.3530 -0.5265
54922 455.0000256 0.6713 0.3842 0.3527 -0.5267
54922 456.0000192 0.6715 0.3839 0.3523 -0.5269
54922 457.0000128 0.6717 0.3836 0.3520 -0.5271
54922 458.0000064 0.6719 0.3833 0.3516 -0.5273
54922 459.0 0.6721 0.3830 0.3513 -0.5275
54922 459.9999936 0.6722 0.3828 0.3509 -0.5277
54922 460.9999872 0.6724 0.3825 0.3506 -0.5279
54922 461.9999808 0.6726 0.3822 0.3502 -0.5281
54922 462.9999744 0.6728 0.3819 0.3498 -0.5283
54922 463.999968 0.6730 0.3816 0.3495 -0.5285
54922 464.9999616 0.6732 0.3814 0.3491 -0.5287
54922 466.0000416 0.6734 0.3811 0.3488 -0.5289
54922 467.0000352 0.6735 0.3808 0.3484 -0.5291
54922 468.0000288 0.6737 0.3805 0.3481 -0.5293
54922 469.0000224 0.6739 0.3802 0.3477 -0.5295
54922 470.000016 0.6741 0.3800 0.3474 -0.5297
54922 471.0000096 0.6743 0.3797 0.3470 -0.5299
54922 472.0000032 0.6745 0.3794 0.3466 -0.5301
54922 472.9999968 0.6746 0.3791 0.3463 -0.5303
54922 473.9999904 0.6748 0.3788 0.3459 -0.5305
54922 474.999984 0.6750 0.3786 0.3456 -0.5307
54922 475.9999776 0.6752 0.3783 0.3452 -0.5309
54922 476.9999712 0.6754 0.3780 0.3449 -0.5311
54922 477.9999648 0.6756 0.3777 0.3445 -0.5313
54922 478.9999584 0.6757 0.3774 0.3441 -0.5315
54922 480.0000384 0.6759 0.3772 0.3438 -0.5317
54922 481.000032 0.6761 0.3769 0.3434 -0.5319
54922 482.0000256 0.6763 0.3766 0.3431 -0.5321
54922 483.0000192 0.6765 0.3763 0.3427 -0.5323
54922 484.0000128 0.6766 0.3760 0.3423 -0.5325
54922 485.0000064 0.6768 0.3757 0.3420 -0.5327
54922 486.0 0.6770 0.3755 0.3416 -0.5329
54922 486.9999936 0.6772 0.3752 0.3413 -0.5331
54922 487.9999872 0.6774 0.3749 0.3409 -0.5333
54922 488.9999808 0.6775 0.3746 0.3406 -0.5335
54922 489.9999744 0.6777 0.3743 0.3402 -0.5337
54922 490.999968 0.6779 0.3741 0.3398 -0.5339
54922 491.9999616 0.6781 0.3738 0.3395 -0.5341
54922 493.0000416 0.6783 0.3735 0.3391 -0.5343
54922 494.0000352 0.6784 0.3732 0.3388 -0.5345
54922 495.0000288 0.6786 0.3729 0.3384 -0.5347
54922 496.0000224 0.6788 0.3726 0.3380 -0.5349
54922 497.000016 0.6790 0.3724 0.3377 -0.5351
54922 498.0000096 0.6792 0.3721 0.3373 -0.5353
54922 499.0000032 0.6793 0.3718 0.3370 -0.5355
54922 499.9999968 0.6795 0.3715 0.3366 -0.5357
54922 500.9999904 0.6797 0.3712 0.3362 -0.5359
54922 501.999984 0.6799 0.3709 0.3359 -0.5361
54922 502.9999776 0.6801 0.3707 0.3355 -0.5362
54922 503.9999712 0.6802 0.3704 0.3352 -0.5364
54922 504.9999648 0.6804 0.3701 0.3348 -0.5366
54922 505.9999584 0.6806 0.3698 0.3344 -0.5368
54922 507.0000384 0.6808 0.3695 0.3341 -0.5370
54922 508.000032 0.6809 0.3692 0.3337 -0.5372
54922 509.0000256 0.6811 0.3690 0.3334 -0.5374
54922 510.0000192 0.6813 0.3687 0.3330 -0.5376
54922 511.0000128 0.6815 0.3684 0.3326 -0.5378
54922 512.0000064 0.6816 0.3681 0.3323 -0.5380
54922 513.0 0.6818 0.3678 0.3319 -0.5382
54922 513.9999936 0.6820 0.3675 0.3316 -0.5384
54922 514.9999872 0.6822 0.3672 0.3312 -0.5386
54922 515.9999808 0.6823 0.3670 0.3308 -0.5388
54922 516.9999744 0.6825 0.3667 0.3305 -0.5390
54922 517.999968 0.6827 0.3664 0.3301 -0.5392
54922 518.9999616 0.6829 0.3661 0.3298 -0.5394
54922 520.0000416 0.6830 0.3658 0.3294 -0.5396
54922 521.0000352 0.6832 0.3655 0.3290 -0.5398
54922 522.0000288 0.6834 0.3652 0.3287 -0.5399
54922 523.0000224 0.6836 0.3650 0.3283 -0.5401
54922 524.000016 0.6837 0.3647 0.3280 -0.5403
54922 525.0000096 0.6839 0.3644 0.3276 -0.5405
54922 526.0000032 0.6841 0.3641 0.3272 -0.5407
54922 526.9999968 0.6843 0.3638 0.3269 -0.5409
54922 527.9999904 0.6844 0.3635 0.3265 -0.5411
54922 528.999984 0.6846 0.3632 0.3261 -0.5413
54922 529.9999776 0.6848 0.3630 0.3258 -0.5415
54922 530.9999712 0.6849 0.3627 0.3254 -0.5417
54922 531.9999648 0.6851 0.3624 0.3251 -0.5419
54922 532.9999584 0.6853 0.3621 0.3247 -0.5421
54922 534.0000384 0.6855 0.3618 0.3243 -0.5423
54922 535.000032 0.6856 0.3615 0.3240 -0.5424
54922 536.0000256 0.6858 0.3612 0.3236 -0.5426
54922 537.0000192 0.6860 0.3610 0.3232 -0.5428
54922 538.0000128 0.6861 0.3607 0.3229 -0.5430
54922 539.0000064 0.6863 0.3604 0.3225 -0.5432
54922 540.0 0.6865 0.3601 0.3222 -0.5434
54922 540.9999936 0.6867 0.3598 0.3218 -0.5436
54922 541.9999872 0.6868 0.3595 0.3214 -0.5438
54922 542.9999808 0.6870 0.3592 0.3211 -0.5440
54922 543.9999744 0.6872 0.3589 0.3207 -0.5442
54922 544.999968 0.6873 0.3586 0.3203 -0.5444
54922 545.9999616 0.6875 0.3584 0.3200 -0.5445
54922 547.0000416 0.6877 0.3581 0.3196 -0.5447
54922 548.0000352 0.6878 0.3578 0.3192 -0.5449
54922 549.0000288 0.6880 0.3575 0.3189 -0.5451
54922 550.0000224 0.6882 0.3572 0.3185 -0.5453
54922 551.000016 0.6884 0.3569 0.3182 -0.5455
54922 552.0000096 0.6885 0.3566 0.3178 -0.5457
54922 553.0000032 0.6887 0.3563 0.3174 -0.5459
54922 553.9999968 0.6889 0.3561 0.3171 -0.5461
54922 554.9999904 0.6890 0.3558 0.3167 -0.5462
54922 555.999984 0.6892 0.3555 0.3163 -0.5464
54922 556.9999776 0.6894 0.3552 0.3160 -0.5466
54922 557.9999712 0.6895 0.3549 0.3156 -0.5468
54922 558.9999648 0.6897 0.3546 0.3152 -0.5470
54922 559.9999584 0.6899 0.3543 0.3149 -0.5472
54922 561.0000384 0.6900 0.3540 0.3145 -0.5474
54922 562.000032 0.6902 0.3537 0.3141 -0.5476
54922 563.0000256 0.6904 0.3534 0.3138 -0.5477
54922 564.0000192 0.6905 0.3532 0.3134 -0.5479
54922 565.0000128 0.6907 0.3529 0.3130 -0.5481
54922 566.0000064 0.6909 0.3526 0.3127 -0.5483
54922 567.0 0.6910 0.3523 0.3123 -0.5485
54922 567.9999936 0.6912 0.3520 0.3119 -0.5487
54922 568.9999872 0.6914 0.3517 0.3116 -0.5489
54922 569.9999808 0.6915 0.3514 0.3112 -0.5490
54922 570.9999744 0.6917 0.3511 0.3108 -0.5492
54922 571.999968 0.6918 0.3508 0.3105 -0.5494
54922 572.9999616 0.6920 0.3505 0.3101 -0.5496
54922 574.0000416 0.6922 0.3503 0.3098 -0.5498
54922 575.0000352 0.6923 0.3500 0.3094 -0.5500
54922 576.0000288 0.6925 0.3497 0.3090 -0.5502
54922 577.0000224 0.6927 0.3494 0.3087 -0.5503
54922 578.000016 0.6928 0.3491 0.3083 -0.5505
54922 579.0000096 0.6930 0.3488 0.3079 -0.5507
54922 580.0000032 0.6932 0.3485 0.3076 -0.5509
54922 580.9999968 0.6933 0.3482 0.3072 -0.5511
54922 581.9999904 0.6935 0.3479 0.3068 -0.5513
54922 582.999984 0.6936 0.3476 0.3065 -0.5515
54922 583.9999776 0.6938 0.3473 0.3061 -0.5516
54922 584.9999712 0.6940 0.3470 0.3057 -0.5518
54922 585.9999648 0.6941 0.3468 0.3053 -0.5520
54922 586.9999584 0.6943 0.3465 0.3050 -0.5522
54922 588.0000384 0.6945 0.3462 0.3046 -0.5524
54922 589.000032 0.6946 0.3459 0.3042 -0.5526
54922 590.0000256 0.6948 0.3456 0.3039 -0.5527
54922 591.0000192 0.6949 0.3453 0.3035 -0.5529
54922 592.0000128 0.6951 0.3450 0.3031 -0.5531
54922 593.0000064 0.6953 0.3447 0.3028 -0.5533
54922 594.0 0.6954 0.3444 0.3024 -0.5535
54922 594.9999936 0.6956 0.3441 0.3020 -0.5536
54922 595.9999872 0.6957 0.3438 0.3017 -0.5538
54922 596.9999808 0.6959 0.3435 0.3013 -0.5540
54922 597.9999744 0.6961 0.3432 0.3009 -0.5542
54922 598.999968 0.6962 0.3430 0.3006 -0.5544
54922 599.9999616 0.6964 0.3427 0.3002 -0.5546
54922 601.0000416 0.6965 0.3424 0.2998 -0.5547
54922 602.0000352 0.6967 0.3421 0.2995 -0.5549
54922 603.0000288 0.6968 0.3418 0.2991 -0.5551
54922 604.0000224 0.6970 0.3415 0.2987 -0.5553
54922 605.000016 0.6972 0.3412 0.2984 -0.5555
54922 606.0000096 0.6973 0.3409 0.2980 -0.5556
54922 607.0000032 0.6975 0.3406 0.2976 -0.5558
54922 607.9999968 0.6976 0.3403 0.2972 -0.5560
54922 608.9999904 0.6978 0.3400 0.2969 -0.5562
54922 609.999984 0.6980 0.3397 0.2965 -0.5564
54922 610.9999776 0.6981 0.3394 0.2961 -0.5565
54922 611.9999712 0.6983 0.3391 0.2958 -0.5567
54922 612.9999648 0.6984 0.3388 0.2954 -0.5569
54922 613.9999584 0.6986 0.3385 0.2950 -0.5571
54922 615.0000384 0.6987 0.3382 0.2947 -0.5573
54922 616.000032 0.6989 0.3380 0.2943 -0.5574
54922 617.0000256 0.6990 0.3377 0.2939 -0.5576
54922 618.0000192 0.6992 0.3374 0.2936 -0.5578
54922 619.0000128 0.6994 0.3371 0.2932 -0.5580
54922 620.0000064 0.6995 0.3368 0.2928 -0.5582
54922 621.0 0.6997 0.3365 0.2924 -0.5583
54922 621.9999936 0.6998 0.3362 0.2921 -0.5585
54922 622.9999872 0.7000 0.3359 0.2917 -0.5587
54922 623.9999808 0.7001 0.3356 0.2913 -0.5589
54922 624.9999744 0.7003 0.3353 0.2910 -0.5590
54922 625.999968 0.7004 0.3350 0.2906 -0.5592
54922 626.9999616 0.7006 0.3347 0.2902 -0.5594
54922 628.0000416 0.7007 0.3344 0.2898 -0.5596
54922 629.0000352 0.7009 0.3341 0.2895 -0.5597
54922 630.0000288 0.7010 0.3338 0.2891 -0.5599
54922 631.0000224 0.7012 0.3335 0.2887 -0.5601
54922 632.000016 0.7014 0.3332 0.2884 -0.5603
54922 633.0000096 0.7015 0.3329 0.2880 -0.5605
54922 634.0000032 0.7017 0.3326 0.2876 -0.5606
54922 634.9999968 0.7018 0.3323 0.2873 -0.5608
54922 635.9999904 0.7020 0.3320 0.2869 -0.5610
54922 636.999984 0.7021 0.3317 0.2865 -0.5612
54922 637.9999776 0.7023 0.3314 0.2861 -0.5613
54922 638.9999712 0.7024 0.3311 0.2858 -0.5615
54922 639.9999648 0.7026 0.3308 0.2854 -0.5617
54922 640.9999584 0.7027 0.3305 0.2850 -0.5619
54922 642.0000384 0.7029 0.3302 0.2846 -0.5620
54922 643.000032 0.7030 0.3300 0.2843 -0.5622
54922 644.0000256 0.7032 0.3297 0.2839 -0.5624
54922 645.0000192 0.7033 0.3294 0.2835 -0.5626
54922 646.0000128 0.7035 0.3291 0.2832 -0.5627
54922 647.0000064 0.7036 0.3288 0.2828 -0.5629
54922 648.0 0.7038 0.3285 0.2824 -0.5631
54922 648.9999936 0.7039 0.3282 0.2820 -0.5633
54922 649.9999872 0.7041 0.3279 0.2817 -0.5634
54922 650.9999808 0.7042 0.3276 0.2813 -0.5636
54922 651.9999744 0.7044 0.3273 0.2809 -0.5638
54922 652.999968 0.7045 0.3270 0.2806 -0.5639
54922 653.9999616 0.7047 0.3267 0.2802 -0.5641
54922 655.0000416 0.7048 0.3264 0.2798 -0.5643
54922 656.0000352 0.7050 0.3261 0.2794 -0.5645
54922 657.0000288 0.7051 0.3258 0.2791 -0.5646
54922 658.0000224 0.7053 0.3255 0.2787 -0.5648
54922 659.000016 0.7054 0.3252 0.2783 -0.5650
54922 660.0000096 0.7056 0.3249 0.2779 -0.5652
54922 661.0000032 0.7057 0.3246 0.2776 -0.5653
54922 661.9999968 0.7058 0.3243 0.2772 -0.5655
54922 662.9999904 0.7060 0.3240 0.2768 -0.5657
54922 663.999984 0.7061 0.3237 0.2764 -0.5658
54922 664.9999776 0.7063 0.3234 0.2761 -0.5660
54922 665.9999712 0.7064 0.3231 0.2757 -0.5662
54922 666.9999648 0.7066 0.3228 0.2753 -0.5664
54922 667.9999584 0.7067 0.3225 0.2750 -0.5665
54922 669.0000384 0.7069 0.3222 0.2746 -0.5667
54922 670.000032 0.7070 0.3219 0.2742 -0.5669
54922 671.0000256 0.7072 0.3216 0.2738 -0.5670
54922 672.0000192 0.7073 0.3213 0.2735 -0.5672
54922 673.0000128 0.7074 0.3210 0.2731 -0.5674
54922 674.0000064 0.7076 0.3207 0.2727 -0.5675
54922 675.0 0.7077 0.3204 0.2723 -0.5677
54922 675.9999936 0.7079 0.3201 0.2720 -0.5679
54922 676.9999872 0.7080 0.3198 0.2716 -0.5681
54922 677.9999808 0.7082 0.3195 0.2712 -0.5682
54922 678.9999744 0.7083 0.3192 0.2708 -0.5684
54922 679.999968 0.7085 0.3189 0.2705 -0.5686
54922 680.9999616 0.7086 0.3186 0.2701 -0.5687
54922 682.0000416 0.7087 0.3183 0.2697 -0.5689
54922 683.0000352 0.7089 0.3180 0.2693 -0.5691
54922 684.0000288 0.7090 0.3177 0.2690 -0.5692
54922 685.0000224 0.7092 0.3174 0.2686 -0.5694
54922 686.000016 0.7093 0.3171 0.2682 -0.5696
54922 687.0000096 0.7095 0.3168 0.2678 -0.5697
54922 688.0000032 0.7096 0.3165 0.2675 -0.5699
54922 688.9999968 0.7097 0.3162 0.2671 -0.5701
54922 689.9999904 0.7099 0.3159 0.2667 -0.5702
54922 690.999984 0.7100 0.3156 0.2663 -0.5704
54922 691.9999776 0.7102 0.3153 0.2660 -0.5706
54922 692.9999712 0.7103 0.3150 0.2656 -0.5707
54922 693.9999648 0.7104 0.3147 0.2652 -0.5709
54922 694.9999584 0.7106 0.3144 0.2648 -0.5711
54922 696.0000384 0.7107 0.3141 0.2644 -0.5712
54922 697.000032 0.7109 0.3138 0.2641 -0.5714
54922 698.0000256 0.7110 0.3134 0.2637 -0.5716
54922 699.0000192 0.7111 0.3131 0.2633 -0.5717
54922 700.0000128 0.7113 0.3128 0.2629 -0.5719
54922 701.0000064 0.7114 0.3125 0.2626 -0.5721
54922 702.0 0.7116 0.3122 0.2622 -0.5722
54922 702.9999936 0.7117 0.3119 0.2618 -0.5724
54922 703.9999872 0.7118 0.3116 0.2614 -0.5726
54922 704.9999808 0.7120 0.3113 0.2611 -0.5727
54922 705.9999744 0.7121 0.3110 0.2607 -0.5729
54922 706.999968 0.7122 0.3107 0.2603 -0.5731
54922 707.9999616 0.7124 0.3104 0.2599 -0.5732
54922 709.0000416 0.7125 0.3101 0.2596 -0.5734
54922 710.0000352 0.7127 0.3098 0.2592 -0.5736
54922 711.0000288 0.7128 0.3095 0.2588 -0.5737
54922 712.0000224 0.7129 0.3092 0.2584 -0.5739
54922 713.000016 0.7131 0.3089 0.2580 -0.5740
54922 714.0000096 0.7132 0.3086 0.2577 -0.5742
54922 715.0000032 0.7133 0.3083 0.2573 -0.5744
54922 715.9999968 0.7135 0.3080 0.2569 -0.5745
54922 716.9999904 0.7136 0.3077 0.2565 -0.5747
54922 717.999984 0.7137 0.3074 0.2562 -0.5749
54922 718.9999776 0.7139 0.3071 0.2558 -0.5750
54922 719.9999712 0.7140 0.3068 0.2554 -0.5752
54922 720.9999648 0.7142 0.3065 0.2550 -0.5753
54922 721.9999584 0.7143 0.3062 0.2546 -0.5755
54922 723.0000384 0.7144 0.3059 0.2543 -0.5757
54922 724.000032 0.7146 0.3056 0.2539 -0.5758
54922 725.0000256 0.7147 0.3052 0.2535 -0.5760
54922 726.0000192 0.7148 0.3049 0.2531 -0.5762
54922 727.0000128 0.7150 0.3046 0.2528 -0.5763
54922 728.0000064 0.7151 0.3043 0.2524 -0.5765
54922 729.0 0.7152 0.3040 0.2520 -0.5766
54922 729.9999936 0.7154 0.3037 0.2516 -0.5768
54922 730.9999872 0.7155 0.3034 0.2512 -0.5770
54922 731.9999808 0.7156 0.3031 0.2509 -0.5771
54922 732.9999744 0.7158 0.3028 0.2505 -0.5773
54922 733.999968 0.7159 0.3025 0.2501 -0.5774
54922 734.9999616 0.7160 0.3022 0.2497 -0.5776
54922 736.0000416 0.7162 0.3019 0.2493 -0.5778
54922 737.0000352 0.7163 0.3016 0.2490 -0.5779
54922 738.0000288 0.7164 0.3013 0.2486 -0.5781
54922 739.0000224 0.7166 0.3010 0.2482 -0.5782
54922 740.000016 0.7167 0.3007 0.2478 -0.5784
54922 741.0000096 0.7168 0.3004 0.2474 -0.5786
54922 742.0000032 0.7169 0.3001 0.2471 -0.5787
54922 742.9999968 0.7171 0.2997 0.2467 -0.5789
54922 743.9999904 0.7172 0.2994 0.2463 -0.5790
54922 744.999984 0.7173 0.2991 0.2459 -0.5792
54922 745.9999776 0.7175 0.2988 0.2456 -0.5794
54922 746.9999712 0.7176 0.2985 0.2452 -0.5795
54922 747.9999648 0.7177 0.2982 0.2448 -0.5797
54922 748.9999584 0.7179 0.2979 0.2444 -0.5798
54922 750.0000384 0.7180 0.2976 0.2440 -0.5800
54922 751.000032 0.7181 0.2973 0.2437 -0.5801
54922 752.0000256 0.7182 0.2970 0.2433 -0.5803
54922 753.0000192 0.7184 0.2967 0.2429 -0.5805
54922 754.0000128 0.7185 0.2964 0.2425 -0.5806
54922 755.0000064 0.7186 0.2961 0.2421 -0.5808
54922 756.0 0.7188 0.2958 0.2417 -0.5809
54922 756.9999936 0.7189 0.2955 0.2414 -0.5811
54922 757.9999872 0.7190 0.2951 0.2410 -0.5812
54922 758.9999808 0.7191 0.2948 0.2406 -0.5814
54922 759.9999744 0.7193 0.2945 0.2402 -0.5816
54922 760.999968 0.7194 0.2942 0.2398 -0.5817
54922 761.9999616 0.7195 0.2939 0.2395 -0.5819
54922 763.0000416 0.7196 0.2936 0.2391 -0.5820
54922 764.0000352 0.7198 0.2933 0.2387 -0.5822
54922 765.0000288 0.7199 0.2930 0.2383 -0.5823
54922 766.0000224 0.7200 0.2927 0.2379 -0.5825
54922 767.000016 0.7202 0.2924 0.2376 -0.5826
54922 768.0000096 0.7203 0.2921 0.2372 -0.5828
54922 769.0000032 0.7204 0.2918 0.2368 -0.5829
54922 769.9999968 0.7205 0.2914 0.2364 -0.5831
54922 770.9999904 0.7207 0.2911 0.2360 -0.5833
54922 771.999984 0.7208 0.2908 0.2357 -0.5834
54922 772.9999776 0.7209 0.2905 0.2353 -0.5836
54922 773.9999712 0.7210 0.2902 0.2349 -0.5837
54922 774.9999648 0.7212 0.2899 0.2345 -0.5839
54922 775.9999584 0.7213 0.2896 0.2341 -0.5840
54922 777.0000384 0.7214 0.2893 0.2337 -0.5842
54922 778.000032 0.7215 0.2890 0.2334 -0.5843
54922 779.0000256 0.7216 0.2887 0.2330 -0.5845
54922 780.0000192 0.7218 0.2884 0.2326 -0.5846
54922 781.0000128 0.7219 0.2880 0.2322 -0.5848
54922 782.0000064 0.7220 0.2877 0.2318 -0.5849
54922 783.0 0.7221 0.2874 0.2315 -0.5851
54922 783.9999936 0.7223 0.2871 0.2311 -0.5852
54922 784.9999872 0.7224 0.2868 0.2307 -0.5854
54922 785.9999808 0.7225 0.2865 0.2303 -0.5855
54922 786.9999744 0.7226 0.2862 0.2299 -0.5857
54922 787.999968 0.7227 0.2859 0.2295 -0.5859
54922 788.9999616 0.7229 0.2856 0.2292 -0.5860
54922 790.0000416 0.7230 0.2853 0.2288 -0.5862
54922 791.0000352 0.7231 0.2849 0.2284 -0.5863
54922 792.0000288 0.7232 0.2846 0.2280 -0.5865
54922 793.0000224 0.7234 0.2843 0.2276 -0.5866
54922 794.000016 0.7235 0.2840 0.2272 -0.5868
54922 795.0000096 0.7236 0.2837 0.2269 -0.5869
54922 796.0000032 0.7237 0.2834 0.2265 -0.5871
54922 796.9999968 0.7238 0.2831 0.2261 -0.5872
54922 797.9999904 0.7240 0.2828 0.2257 -0.5874
54922 798.999984 0.7241 0.2825 0.2253 -0.5875
54922 799.9999776 0.7242 0.2822 0.2249 -0.5877
54922 800.9999712 0.7243 0.2818 0.2246 -0.5878
54922 801.9999648 0.7244 0.2815 0.2242 -0.5880
54922 802.9999584 0.7245 0.2812 0.2238 -0.5881
54922 804.0000384 0.7247 0.2809 0.2234 -0.5883
54922 805.000032 0.7248 0.2806 0.2230 -0.5884
54922 806.0000256 0.7249 0.2803 0.2226 -0.5885
54922 807.0000192 0.7250 0.2800 0.2223 -0.5887
54922 808.0000128 0.7251 0.2797 0.2219 -0.5888
54922 809.0000064 0.7253 0.2793 0.2215 -0.5890
54922 810.0 0.7254 0.2790 0.2211 -0.5891
54922 810.9999936 0.7255 0.2787 0.2207 -0.5893
54922 811.9999872 0.7256 0.2784 0.2203 -0.5894
54922 812.9999808 0.7257 0.2781 0.2200 -0.5896
54922 813.9999744 0.7258 0.2778 0.2196 -0.5897
54922 814.999968 0.7260 0.2775 0.2192 -0.5899
54922 815.9999616 0.7261 0.2772 0.2188 -0.5900
54922 817.0000416 0.7262 0.2769 0.2184 -0.5902
54922 818.0000352 0.7263 0.2765 0.2180 -0.5903
54922 819.0000288 0.7264 0.2762 0.2177 -0.5905
54922 820.0000224 0.7265 0.2759 0.2173 -0.5906
54922 821.000016 0.7266 0.2756 0.2169 -0.5908
54922 822.0000096 0.7268 0.2753 0.2165 -0.5909
54922 823.0000032 0.7269 0.2750 0.2161 -0.5910
54922 823.9999968 0.7270 0.2747 0.2157 -0.5912
54922 824.9999904 0.7271 0.2743 0.2153 -0.5913
54922 825.999984 0.7272 0.2740 0.2150 -0.5915
54922 826.9999776 0.7273 0.2737 0.2146 -0.5916
54922 827.9999712 0.7274 0.2734 0.2142 -0.5918
54922 828.9999648 0.7276 0.2731 0.2138 -0.5919
54922 829.9999584 0.7277 0.2728 0.2134 -0.5921
54922 831.0000384 0.7278 0.2725 0.2130 -0.5922
54922 832.000032 0.7279 0.2722 0.2126 -0.5923
54922 833.0000256 0.7280 0.2718 0.2123 -0.5925
54922 834.0000192 0.7281 0.2715 0.2119 -0.5926
54922 835.0000128 0.7282 0.2712 0.2115 -0.5928
54922 836.0000064 0.7283 0.2709 0.2111 -0.5929
54922 837.0 0.7285 0.2706 0.2107 -0.5931
54922 837.9999936 0.7286 0.2703 0.2103 -0.5932
54922 838.9999872 0.7287 0.2700 0.2099 -0.5934
54922 839.9999808 0.7288 0.2696 0.2096 -0.5935
54922 840.9999744 0.7289 0.2693 0.2092 -0.5936
54922 841.999968 0.7290 0.2690 0.2088 -0.5938
54922 842.9999616 0.7291 0.2687 0.2084 -0.5939
54922 844.0000416 0.7292 0.2684 0.2080 -0.5941
54922 845.0000352 0.7293 0.2681 0.2076 -0.5942
54922 846.0000288 0.7295 0.2678 0.2072 -0.5944
54922 847.0000224 0.7296 0.2674 0.2069 -0.5945
54922 848.000016 0.7297 0.2671 0.2065 -0.5946
54922 849.0000096 0.7298 0.2668 0.2061 -0.5948
54922 850.0000032 0.7299 0.2665 0.2057 -0.5949
54922 850.9999968 0.7300 0.2662 0.2053 -0.5951
54922 851.9999904 0.7301 0.2659 0.2049 -0.5952
54922 852.999984 0.7302 0.2656 0.2045 -0.5953
54922 853.9999776 0.7303 0.2652 0.2042 -0.5955
54922 854.9999712 0.7304 0.2649 0.2038 -0.5956
54922 855.9999648 0.7305 0.2646 0.2034 -0.5958
54922 856.9999584 0.7306 0.2643 0.2030 -0.5959
54922 858.0000384 0.7308 0.2640 0.2026 -0.5960
54922 859.000032 0.7309 0.2637 0.2022 -0.5962
54922 860.0000256 0.7310 0.2633 0.2018 -0.5963
54922 861.0000192 0.7311 0.2630 0.2014 -0.5965
54922 862.0000128 0.7312 0.2627 0.2011 -0.5966
54922 863.0000064 0.7313 0.2624 0.2007 -0.5967
54922 864.0 0.7314 0.2621 0.2003 -0.5969
54922 864.9999936 0.7315 0.2618 0.1999 -0.5970
54922 865.9999872 0.7316 0.2615 0.1995 -0.5972
54922 866.9999808 0.7317 0.2611 0.1991 -0.5973
54922 867.9999744 0.7318 0.2608 0.1987 -0.5974
54922 868.999968 0.7319 0.2605 0.1984 -0.5976
54922 869.9999616 0.7320 0.2602 0.1980 -0.5977
54922 871.0000416 0.7321 0.2599 0.1976 -0.5978
54922 872.0000352 0.7322 0.2596 0.1972 -0.5980
54922 873.0000288 0.7323 0.2592 0.1968 -0.5981
54922 874.0000224 0.7324 0.2589 0.1964 -0.5983
54922 875.000016 0.7325 0.2586 0.1960 -0.5984
54922 876.0000096 0.7327 0.2583 0.1956 -0.5985
54922 877.0000032 0.7328 0.2580 0.1953 -0.5987
54922 877.9999968 0.7329 0.2577 0.1949 -0.5988
54922 878.9999904 0.7330 0.2573 0.1945 -0.5989
54922 879.999984 0.7331 0.2570 0.1941 -0.5991
54922 880.9999776 0.7332 0.2567 0.1937 -0.5992
54922 881.9999712 0.7333 0.2564 0.1933 -0.5993
54922 882.9999648 0.7334 0.2561 0.1929 -0.5995
54922 883.9999584 0.7335 0.2558 0.1925 -0.5996
54922 885.0000384 0.7336 0.2554 0.1921 -0.5998
54922 886.000032 0.7337 0.2551 0.1918 -0.5999
54922 887.0000256 0.7338 0.2548 0.1914 -0.6000
54922 888.0000192 0.7339 0.2545 0.1910 -0.6002
54922 889.0000128 0.7340 0.2542 0.1906 -0.6003
54922 890.0000064 0.7341 0.2538 0.1902 -0.6004
54922 891.0 0.7342 0.2535 0.1898 -0.6006
54922 891.9999936 0.7343 0.2532 0.1894 -0.6007
54922 892.9999872 0.7344 0.2529 0.1890 -0.6008
54922 893.9999808 0.7345 0.2526 0.1886 -0.6010
54922 894.9999744 0.7346 0.2523 0.1883 -0.6011
54922 895.999968 0.7347 0.2519 0.1879 -0.6012
54922 896.9999616 0.7348 0.2516 0.1875 -0.6014
54922 898.0000416 0.7349 0.2513 0.1871 -0.6015
54922 899.0000352 0.7350 0.2510 0.1867 -0.6016
54922 900.0000288 0.7351 0.2507 0.1863 -0.6018
54922 901.0000224 0.7352 0.2503 0.1859 -0.6019
54922 902.000016 0.7353 0.2500 0.1855 -0.6020
54922 903.0000096 0.7354 0.2497 0.1851 -0.6022
54922 904.0000032 0.7355 0.2494 0.1848 -0.6023
54922 904.9999968 0.7356 0.2491 0.1844 -0.6024
54922 905.9999904 0.7357 0.2488 0.1840 -0.6026
54922 906.999984 0.7358 0.2484 0.1836 -0.6027
54922 907.9999776 0.7359 0.2481 0.1832 -0.6028
54922 908.9999712 0.7360 0.2478 0.1828 -0.6029
54922 909.9999648 0.7361 0.2475 0.1824 -0.6031
54922 910.9999584 0.7362 0.2472 0.1820 -0.6032
54922 912.0000384 0.7362 0.2468 0.1816 -0.6033
54922 913.000032 0.7363 0.2465 0.1813 -0.6035
54922 914.0000256 0.7364 0.2462 0.1809 -0.6036
54922 915.0000192 0.7365 0.2459 0.1805 -0.6037
54922 916.0000128 0.7366 0.2456 0.1801 -0.6039
54922 917.0000064 0.7367 0.2452 0.1797 -0.6040
54922 918.0 0.7368 0.2449 0.1793 -0.6041
54922 918.9999936 0.7369 0.2446 0.1789 -0.6043
54922 919.9999872 0.7370 0.2443 0.1785 -0.6044
54922 920.9999808 0.7371 0.2440 0.1781 -0.6045
54922 921.9999744 0.7372 0.2436 0.1777 -0.6046
54922 922.999968 0.7373 0.2433 0.1774 -0.6048
54922 923.9999616 0.7374 0.2430 0.1770 -0.6049
54922 925.0000416 0.7375 0.2427 0.1766 -0.6050
54922 926.0000352 0.7376 0.2424 0.1762 -0.6052
54922 927.0000288 0.7377 0.2420 0.1758 -0.6053
54922 928.0000224 0.7378 0.2417 0.1754 -0.6054
54922 929.000016 0.7379 0.2414 0.1750 -0.6055
54922 930.0000096 0.7379 0.2411 0.1746 -0.6057
54922 931.0000032 0.7380 0.2408 0.1742 -0.6058
54922 931.9999968 0.7381 0.2404 0.1738 -0.6059
54922 932.9999904 0.7382 0.2401 0.1734 -0.6060
54922 933.999984 0.7383 0.2398 0.1731 -0.6062
54922 934.9999776 0.7384 0.2395 0.1727 -0.6063
54922 935.9999712 0.7385 0.2391 0.1723 -0.6064
54922 936.9999648 0.7386 0.2388 0.1719 -0.6066
54922 937.9999584 0.7387 0.2385 0.1715 -0.6067
54922 939.0000384 0.7388 0.2382 0.1711 -0.6068
54922 940.000032 0.7389 0.2379 0.1707 -0.6069
54922 941.0000256 0.7389 0.2375 0.1703 -0.6071
54922 942.0000192 0.7390 0.2372 0.1699 -0.6072
54922 943.0000128 0.7391 0.2369 0.1695 -0.6073
54922 944.0000064 0.7392 0.2366 0.1691 -0.6074
54922 945.0 0.7393 0.2363 0.1688 -0.6076
54922 945.9999936 0.7394 0.2359 0.1684 -0.6077
54922 946.9999872 0.7395 0.2356 0.1680 -0.6078
54922 947.9999808 0.7396 0.2353 0.1676 -0.6079
54922 948.9999744 0.7397 0.2350 0.1672 -0.6081
54922 949.999968 0.7398 0.2346 0.1668 -0.6082
54922 950.9999616 0.7398 0.2343 0.1664 -0.6083
54922 952.0000416 0.7399 0.2340 0.1660 -0.6084
54922 953.0000352 0.7400 0.2337 0.1656 -0.6086
54922 954.0000288 0.7401 0.2334 0.1652 -0.6087
54922 955.0000224 0.7402 0.2330 0.1648 -0.6088
54922 956.000016 0.7403 0.2327 0.1644 -0.6089
54922 957.0000096 0.7404 0.2324 0.1641 -0.6090
54922 958.0000032 0.7405 0.2321 0.1637 -0.6092
54922 958.9999968 0.7405 0.2317 0.1633 -0.6093
54922 959.9999904 0.7406 0.2314 0.1629 -0.6094
54922 960.999984 0.7407 0.2311 0.1625 -0.6095
54922 961.9999776 0.7408 0.2308 0.1621 -0.6097
54922 962.9999712 0.7409 0.2305 0.1617 -0.6098
54922 963.9999648 0.7410 0.2301 0.1613 -0.6099
54922 964.9999584 0.7411 0.2298 0.1609 -0.6100
54922 966.0000384 0.7411 0.2295 0.1605 -0.6101
54922 967.000032 0.7412 0.2292 0.1601 -0.6103
54922 968.0000256 0.7413 0.2288 0.1597 -0.6104
54922 969.0000192 0.7414 0.2285 0.1593 -0.6105
54922 970.0000128 0.7415 0.2282 0.1590 -0.6106
54922 971.0000064 0.7416 0.2279 0.1586 -0.6108
54922 972.0 0.7416 0.2275 0.1582 -0.6109
54922 972.9999936 0.7417 0.2272 0.1578 -0.6110
54922 973.9999872 0.7418 0.2269 0.1574 -0.6111
54922 974.9999808 0.7419 0.2266 0.1570 -0.6112
54922 975.9999744 0.7420 0.2263 0.1566 -0.6114
54922 976.999968 0.7421 0.2259 0.1562 -0.6115
54922 977.9999616 0.7421 0.2256 0.1558 -0.6116
54922 979.0000416 0.7422 0.2253 0.1554 -0.6117
54922 980.0000352 0.7423 0.2250 0.1550 -0.6118
54922 981.0000288 0.7424 0.2246 0.1546 -0.6120
54922 982.0000224 0.7425 0.2243 0.1542 -0.6121
54922 983.000016 0.7426 0.2240 0.1538 -0.6122
54922 984.0000096 0.7426 0.2237 0.1535 -0.6123
54922 985.0000032 0.7427 0.2233 0.1531 -0.6124
54922 985.9999968 0.7428 0.2230 0.1527 -0.6125
54922 986.9999904 0.7429 0.2227 0.1523 -0.6127
54922 987.999984 0.7430 0.2224 0.1519 -0.6128
54922 988.9999776 0.7430 0.2220 0.1515 -0.6129
54922 989.9999712 0.7431 0.2217 0.1511 -0.6130
54922 990.9999648 0.7432 0.2214 0.1507 -0.6131
54922 991.9999584 0.7433 0.2211 0.1503 -0.6133
54922 993.0000384 0.7434 0.2207 0.1499 -0.6134
54922 994.000032 0.7434 0.2204 0.1495 -0.6135
54922 995.0000256 0.7435 0.2201 0.1491 -0.6136
54922 996.0000192 0.7436 0.2198 0.1487 -0.6137
54922 997.0000128 0.7437 0.2194 0.1483 -0.6138
54922 998.0000064 0.7438 0.2191 0.1479 -0.6139
54922 999.0 0.7438 0.2188 0.1476 -0.6141
54922 999.9999936 0.7439 0.2185 0.1472 -0.6142
